1 0.5401041666666666 0.6347222222222223 0.028125 0.058333333333333334
1 0.51640625 0.6587962962962963 0.030729166666666665 0.05092592592592593
1 0.7700520833333333 0.5814814814814815 0.008854166666666666 0.014814814814814815
2 0.19192708333333333 0.6523148148148148 0.013020833333333334 0.019444444444444445
2 0.24479166666666666 0.6462962962962964 0.0125 0.02592592592592593
2 0.05078125 0.6574074074074074 0.022395833333333334 0.04259259259259259
2 0.0828125 0.6578703703703704 0.01875 0.04351851851851852
0 0.058854166666666666 0.7708333333333334 0.11354166666666667 0.27870370370370373
0 0.5578125 0.6611111111111111 0.05625 0.15
0 0.5447916666666667 0.788425925925926 0.13541666666666666 0.375
0 0.17734375 0.7263888888888889 0.0765625 0.18611111111111112
0 0.24140625 0.7180555555555556 0.09427083333333333 0.18425925925925926
0 0.7666666666666666 0.6148148148148148 0.03229166666666666 0.09444444444444444
