2 0.19036458333333334 0.6523148148148148 0.015104166666666667 0.02314814814814815
2 0.24479166666666666 0.6467592592592593 0.019791666666666666 0.030555555555555558
2 0.6182291666666666 0.6666666666666667 0.028125 0.053703703703703705
2 0.6361979166666667 0.5907407407407408 0.0109375 0.016666666666666666
1 0.76875 0.576388888888889 0.009375 0.01388888888888889
1 0.9265625 0.5861111111111111 0.017708333333333333 0.02777777777777778
1 0.9369791666666667 0.575462962962963 0.015625 0.032407407407407406
0 0.6403645833333333 0.6458333333333334 0.0484375 0.13425925925925927
0 0.9395833333333333 0.6592592592592593 0.06145833333333333 0.2111111111111111
0 0.17734375 0.7263888888888889 0.0765625 0.18611111111111112
0 0.24166666666666667 0.7180555555555556 0.09375 0.18425925925925926
0 0.7669270833333334 0.6143518518518519 0.0328125 0.09537037037037037
0 0.6419270833333334 0.8203703703703704 0.11510416666666666 0.3592592592592593
