2 0.18880208333333334 0.6527777777777778 0.0140625 0.024074074074074074
2 0.24713541666666666 0.6449074074074075 0.0109375 0.025
1 0.9497395833333333 0.5717592592592593 0.0140625 0.026851851851851852
1 0.9627604166666667 0.5731481481481482 0.01614583333333333 0.02592592592592593
2 0.8731770833333333 0.5625 0.008854166666666666 0.012037037037037037
2 0.59140625 0.5907407407407408 0.0109375 0.016666666666666666
1 0.7661458333333333 0.5800925925925926 0.010416666666666666 0.019444444444444445
0 0.8755208333333333 0.5953703703703704 0.029166666666666667 0.0962962962962963
0 0.17734375 0.7273148148148149 0.0765625 0.18611111111111112
0 0.24296874999999998 0.7180555555555556 0.09427083333333333 0.18425925925925926
0 0.7677083333333333 0.6129629629629629 0.03229166666666666 0.09444444444444444
0 0.5927083333333333 0.6361111111111112 0.05520833333333333 0.12037037037037038
0 0.9583333333333334 0.6435185185185185 0.06145833333333333 0.18333333333333335
