1 0.5247395833333334 0.5976851851851852 0.0140625 0.03425925925925926
2 0.60390625 0.6037037037037037 0.009895833333333333 0.022222222222222223
2 0.73046875 0.6555555555555556 0.022395833333333334 0.053703703703703705
2 0.74609375 0.6652777777777779 0.019270833333333334 0.05277777777777778
2 0.7723958333333333 0.6 0.02395833333333333 0.0462962962962963
2 0.7278645833333334 0.5560185185185186 0.0067708333333333336 0.01388888888888889
2 0.71796875 0.5611111111111111 0.0067708333333333336 0.014814814814814815
0 0.7203125 0.5944444444444444 0.034375 0.09814814814814815
0 0.5203125 0.6611111111111111 0.051041666666666666 0.16111111111111112
0 0.7502604166666667 0.8023148148148148 0.12760416666666666 0.3490740740740741
0 0.7768229166666667 0.6986111111111112 0.0765625 0.24351851851851852
