1 0.19036458333333334 0.737037037037037 0.049479166666666664 0.07962962962962963
1 0.23723958333333334 0.7143518518518519 0.04635416666666667 0.08240740740740742
1 0.2682291666666667 0.6412037037037037 0.02395833333333333 0.05462962962962963
1 0.28828125 0.6282407407407408 0.01614583333333333 0.04166666666666667
1 0.5635416666666666 0.5967592592592593 0.02395833333333333 0.04537037037037037
1 0.9091145833333333 0.5643518518518519 0.011979166666666666 0.02314814814814815
1 0.91875 0.5601851851851852 0.011458333333333333 0.02777777777777778
1 0.9453125 0.5421296296296296 0.007291666666666667 0.017592592592592594
2 0.19296875 0.6523148148148148 0.015104166666666667 0.03425925925925926
2 0.23854166666666665 0.6453703703703704 0.014583333333333334 0.03333333333333333
0 0.5606770833333333 0.6893518518518519 0.07760416666666667 0.22685185185185186
0 0.17708333333333334 0.7282407407407407 0.06979166666666667 0.18425925925925926
0 0.23177083333333334 0.7226851851851852 0.09375 0.18981481481481483
0 0.24609375 0.7402777777777778 0.11302083333333333 0.2712962962962963
0 0.9203125 0.625925925925926 0.04791666666666666 0.14814814814814814
0 0.2591145833333333 0.8361111111111111 0.2421875 0.3277777777777778
