2 0.19114583333333332 0.6527777777777778 0.017708333333333333 0.02777777777777778
2 0.23828125 0.6481481481481481 0.015104166666666667 0.02592592592592593
1 0.5283854166666666 0.6041666666666667 0.018229166666666668 0.03981481481481482
1 0.54140625 0.5958333333333333 0.0171875 0.03981481481481482
1 0.6466145833333333 0.6824074074074075 0.0328125 0.07037037037037037
1 0.6815104166666667 0.6726851851851852 0.033854166666666664 0.06574074074074074
1 0.9705729166666667 0.5902777777777778 0.0203125 0.032407407407407406
1 0.98515625 0.5861111111111111 0.011979166666666666 0.03333333333333333
2 0.965625 0.5504629629629629 0.010416666666666666 0.019444444444444445
0 0.1765625 0.7282407407407407 0.06875 0.18425925925925926
0 0.23203125 0.7226851851851852 0.09322916666666667 0.18981481481481483
0 0.9744791666666667 0.6643518518518519 0.051041666666666666 0.18981481481481483
0 0.6796875 0.8171296296296297 0.14375 0.36574074074074076
0 0.5239583333333333 0.6819444444444445 0.07291666666666667 0.2101851851851852
