1 0.11171874999999999 0.6458333333333334 0.025520833333333333 0.05092592592592593
1 0.13671875 0.6555555555555556 0.019270833333333334 0.05925925925925926
2 0.24921875 0.6472222222222223 0.0109375 0.02962962962962963
2 0.19036458333333334 0.6523148148148148 0.0109375 0.028703703703703703
2 0.5229166666666667 0.5953703703703704 0.013541666666666667 0.02592592592592593
1 0.7674479166666667 0.5768518518518518 0.0078125 0.020370370370370372
2 0.85546875 0.6458333333333334 0.027604166666666666 0.05462962962962963
0 0.10598958333333333 0.762962962962963 0.1421875 0.2796296296296296
0 0.17421875 0.7282407407407407 0.06927083333333334 0.18611111111111112
0 0.23723958333333334 0.7217592592592593 0.09427083333333333 0.18796296296296297
0 0.7682291666666666 0.6166666666666667 0.03125 0.09814814814814815
