1 0.8604166666666666 0.5662037037037038 0.0125 0.025
1 0.7627604166666666 0.5796296296296296 0.0109375 0.020370370370370372
2 0.23671875 0.6486111111111111 0.015104166666666667 0.025
2 0.19166666666666665 0.6518518518518519 0.011458333333333333 0.02962962962962963
0 0.17473958333333334 0.7282407407407407 0.06822916666666666 0.18611111111111112
0 0.23697916666666666 0.7226851851851852 0.09479166666666666 0.18611111111111112
0 0.5427083333333333 0.6583333333333333 0.06145833333333333 0.15555555555555556
0 0.59765625 0.6611111111111111 0.058854166666666666 0.16296296296296298
0 0.8596354166666667 0.6097222222222223 0.03697916666666667 0.11388888888888889
0 0.76796875 0.6162037037037037 0.0328125 0.09907407407407408
