2 0.1921875 0.650462962962963 0.014583333333333334 0.030555555555555558
2 0.24661458333333333 0.6449074074074075 0.0140625 0.030555555555555558
1 0.6291666666666667 0.5884259259259259 0.011458333333333333 0.028703703703703703
1 0.6369791666666667 0.5833333333333334 0.008333333333333333 0.02592592592592593
1 0.7674479166666667 0.5768518518518518 0.0078125 0.014814814814814815
1 0.9794270833333333 0.5458333333333334 0.008854166666666666 0.015740740740740743
0 0.17604166666666665 0.7273148148148149 0.08020833333333333 0.18611111111111112
0 0.23671875 0.7222222222222222 0.09635416666666667 0.18703703703703706
0 0.6299479166666666 0.6472222222222223 0.058854166666666666 0.1574074074074074
0 0.7692708333333333 0.6148148148148148 0.0375 0.10185185185185186
