2 0.1890625 0.65 0.025 0.061111111111111116
2 0.24661458333333333 0.6467592592592593 0.0171875 0.03425925925925926
1 0.4361979166666667 0.6152777777777778 0.022395833333333334 0.032407407407407406
1 0.45729166666666665 0.6055555555555556 0.019791666666666666 0.03888888888888889
1 0.525 0.5958333333333333 0.01875 0.028703703703703703
1 0.6776041666666667 0.5592592592592592 0.007291666666666667 0.014814814814814815
1 0.7802083333333333 0.576388888888889 0.010416666666666666 0.019444444444444445
0 0.18229166666666666 0.7231481481481482 0.09270833333333334 0.1962962962962963
0 0.23671875 0.725462962962963 0.08802083333333333 0.20462962962962963
0 0.5263020833333333 0.6601851851851852 0.06197916666666667 0.1574074074074074
0 0.4359375 0.6912037037037038 0.0875 0.21203703703703705
0 0.1953125 0.8027777777777778 0.19479166666666667 0.3703703703703704
0 0.7796875 0.6134259259259259 0.042708333333333334 0.10092592592592593
