1 0.5072916666666667 0.6416666666666667 0.025 0.04814814814814815
1 0.5239583333333333 0.6416666666666667 0.026041666666666668 0.05740740740740741
2 0.22916666666666666 0.6509259259259259 0.010416666666666666 0.024074074074074074
2 0.18463541666666666 0.6527777777777778 0.015104166666666667 0.02962962962962963
1 0.7677083333333333 0.5777777777777778 0.007291666666666667 0.018518518518518517
1 0.71484375 0.5574074074074075 0.008854166666666666 0.018518518518518517
1 0.8265625 0.5620370370370371 0.011458333333333333 0.024074074074074074
0 0.17578125 0.7273148148148149 0.07864583333333333 0.19166666666666668
0 0.23489583333333333 0.7208333333333333 0.10208333333333333 0.1953703703703704
0 0.5177083333333333 0.7851851851851852 0.153125 0.35000000000000003
0 0.828125 0.6027777777777777 0.03125 0.10555555555555556
0 0.825 0.6111111111111112 0.035416666666666666 0.11851851851851852
0 0.9549479166666667 0.587962962962963 0.0328125 0.0925925925925926
0 0.7166666666666667 0.5944444444444444 0.026041666666666668 0.09444444444444444
0 0.7677083333333333 0.6166666666666667 0.03229166666666666 0.09814814814814815
