2 0.18463541666666666 0.6518518518518519 0.0140625 0.02592592592592593
2 0.22916666666666666 0.6462962962962964 0.017708333333333333 0.02962962962962963
2 0.7651041666666667 0.674074074074074 0.025 0.053703703703703705
1 0.7947916666666667 0.6490740740740741 0.034375 0.05740740740740741
2 0.6872395833333333 0.5976851851851852 0.01614583333333333 0.03425925925925926
2 0.8708333333333333 0.5615740740740741 0.005208333333333333 0.015740740740740743
2 0.8791666666666667 0.5587962962962963 0.009375 0.015740740740740743
0 0.17604166666666665 0.7245370370370371 0.07291666666666667 0.19166666666666668
0 0.23411458333333332 0.7194444444444444 0.0953125 0.1962962962962963
0 0.7984375 0.7986111111111112 0.121875 0.35462962962962963
0 0.7036458333333333 0.7148148148148148 0.10833333333333334 0.2740740740740741
0 0.8752604166666667 0.6064814814814815 0.04635416666666667 0.11666666666666667
0 0.7971354166666667 0.6064814814814815 0.0265625 0.10555555555555556
0 0.7674479166666667 0.6166666666666667 0.0328125 0.09814814814814815
