2 0.6015625 0.6703703703703704 0.04375 0.09444444444444444
2 0.10911458333333333 0.5680555555555555 0.021354166666666667 0.04351851851851852
2 0.10859375 0.6138888888888889 0.0203125 0.031481481481481485
2 0.0890625 0.5587962962962963 0.019791666666666666 0.03981481481481482
2 0.1984375 0.5212962962962964 0.011458333333333333 0.02962962962962963
2 0.19479166666666667 0.5032407407407408 0.010416666666666666 0.026851851851851852
2 0.06875 0.4847222222222222 0.013541666666666667 0.019444444444444445
0 0.06822916666666666 0.5449074074074074 0.04895833333333333 0.15092592592592594
0 0.62890625 0.8092592592592593 0.23906249999999998 0.3814814814814815
0 0.19296875 0.5842592592592593 0.0671875 0.20185185185185187
0 0.11223958333333334 0.6847222222222222 0.09947916666666666 0.3101851851851852
