1 0.19296875 0.562962962962963 0.024479166666666666 0.06851851851851852
2 0.24401041666666667 0.513888888888889 0.01614583333333333 0.02777777777777778
2 0.25390625 0.46805555555555556 0.011979166666666666 0.028703703703703703
2 0.08802083333333333 0.48240740740740745 0.016666666666666666 0.020370370370370372
2 0.17213541666666665 0.5347222222222222 0.01614583333333333 0.030555555555555558
0 0.08776041666666666 0.5356481481481482 0.0390625 0.1398148148148148
0 0.19479166666666667 0.7305555555555556 0.10416666666666667 0.40370370370370373
0 0.24244791666666665 0.600462962962963 0.06197916666666667 0.2101851851851852
0 0.18125 0.6282407407407408 0.06145833333333333 0.23796296296296296
0 0.25625 0.5319444444444444 0.05625 0.16018518518518518
