2 0.70234375 0.6013888888888889 0.028645833333333332 0.05462962962962963
2 0.7458333333333333 0.612037037037037 0.035416666666666666 0.06296296296296297
2 0.3802083333333333 0.5347222222222222 0.025 0.03981481481481482
2 0.3614583333333333 0.5333333333333333 0.029166666666666667 0.03518518518518519
1 0.18098958333333334 0.5041666666666667 0.0171875 0.036111111111111115
2 0.20286458333333332 0.4981481481481482 0.018229166666666668 0.031481481481481485
1 0.12682291666666667 0.48333333333333334 0.013020833333333334 0.02592592592592593
0 0.3671875 0.649537037037037 0.09583333333333333 0.28240740740740744
0 0.71328125 0.7814814814814816 0.17864583333333334 0.43703703703703706
0 0.12317708333333333 0.5527777777777778 0.05260416666666667 0.16111111111111112
0 0.1828125 0.5953703703703704 0.065625 0.22592592592592595
0 0.209375 0.5722222222222223 0.036458333333333336 0.18333333333333335
