2 0.46953125 0.5476851851851852 0.027604166666666666 0.04722222222222222
2 0.4427083333333333 0.5504629629629629 0.019791666666666666 0.05277777777777778
2 0.27109375 0.5097222222222222 0.024479166666666666 0.03796296296296296
2 0.25416666666666665 0.5078703703703704 0.016666666666666666 0.030555555555555558
1 0.0609375 0.47453703703703703 0.010416666666666666 0.025
1 0.11067708333333333 0.48935185185185187 0.01614583333333333 0.032407407407407406
2 0.146875 0.4847222222222222 0.014583333333333334 0.025
1 0.0953125 0.5356481481481482 0.02395833333333333 0.04537037037037037
1 0.07239583333333333 0.549074074074074 0.026041666666666668 0.05
0 0.2526041666666667 0.5990740740740741 0.07604166666666666 0.21481481481481482
0 0.44427083333333334 0.6638888888888889 0.10104166666666667 0.2888888888888889
0 0.057812499999999996 0.5324074074074074 0.040625 0.13518518518518519
0 0.11197916666666667 0.5625 0.051041666666666666 0.17685185185185187
0 0.08515625 0.6282407407407408 0.07552083333333333 0.24166666666666667
0 0.15104166666666666 0.5476851851851852 0.035416666666666666 0.15092592592592594
