1 0.78984375 0.5819444444444445 0.03802083333333333 0.0638888888888889
1 0.5348958333333333 0.5787037037037037 0.03854166666666667 0.07222222222222223
2 0.20234375 0.5018518518518519 0.018229166666666668 0.03333333333333333
2 0.18541666666666667 0.5023148148148149 0.016666666666666666 0.02314814814814815
1 0.013020833333333334 0.4726851851851852 0.013541666666666667 0.02314814814814815
2 0.047135416666666666 0.47500000000000003 0.011979166666666666 0.024074074074074074
2 0.0984375 0.4814814814814815 0.008333333333333333 0.016666666666666666
2 0.10885416666666667 0.47870370370370374 0.008333333333333333 0.020370370370370372
0 0.09609375 0.5435185185185185 0.050520833333333334 0.14444444444444446
0 0.18802083333333333 0.5731481481481482 0.057291666666666664 0.17962962962962964
0 0.01614583333333333 0.5231481481481481 0.03125 0.12222222222222223
0 0.8192708333333333 0.763888888888889 0.23124999999999998 0.41481481481481486
0 0.5591145833333333 0.7666666666666667 0.12864583333333332 0.43703703703703706
0 0.046614583333333334 0.5166666666666667 0.030729166666666665 0.10925925925925926
