1 0.19010416666666666 0.6837962962962963 0.03854166666666667 0.058333333333333334
1 0.13359375 0.5175925925925926 0.0171875 0.02592592592592593
1 0.43072916666666666 0.5768518518518518 0.020833333333333332 0.03518518518518519
2 0.6393229166666666 0.5726851851851852 0.0171875 0.03981481481481482
1 0.6671875 0.5768518518518518 0.016666666666666666 0.03518518518518519
1 0.8645833333333334 0.6138888888888889 0.019791666666666666 0.03333333333333333
1 0.8760416666666666 0.6217592592592592 0.015625 0.032407407407407406
1 0.9442708333333333 0.5842592592592593 0.016666666666666666 0.03333333333333333
0 0.87890625 0.6976851851851852 0.07864583333333333 0.2064814814814815
0 0.946875 0.6578703703703704 0.05 0.1675925925925926
0 0.6604166666666667 0.6416666666666667 0.08125 0.1574074074074074
0 0.12786458333333334 0.5726851851851852 0.043229166666666666 0.12314814814814816
0 0.42864583333333334 0.6583333333333333 0.06979166666666667 0.19814814814814816
0 0.20026041666666666 0.8273148148148148 0.11197916666666667 0.3453703703703704
