1 0.3502604166666667 0.5564814814814815 0.0171875 0.02777777777777778
1 0.1890625 0.5342592592592593 0.0125 0.024074074074074074
1 0.14895833333333333 0.5375 0.020833333333333332 0.019444444444444445
1 0.7098958333333333 0.8287037037037037 0.05416666666666667 0.0925925925925926
2 0.65234375 0.8092592592592593 0.057812499999999996 0.06851851851851852
2 0.6658854166666667 0.5620370370370371 0.015104166666666667 0.022222222222222223
0 0.14869791666666665 0.5921296296296297 0.0421875 0.13240740740740742
0 0.3385416666666667 0.6263888888888889 0.065625 0.1712962962962963
0 0.7130208333333333 0.8837962962962963 0.20833333333333334 0.23240740740740742
0 0.19348958333333333 0.5810185185185185 0.0640625 0.1212962962962963
