1 0.4421875 0.575925925925926 0.020833333333333332 0.03888888888888889
2 0.12994791666666666 0.5967592592592593 0.01614583333333333 0.03425925925925926
2 0.11666666666666667 0.5912037037037037 0.015625 0.030555555555555558
2 0.21067708333333332 0.5740740740740741 0.0140625 0.031481481481481485
2 0.19869791666666667 0.5689814814814815 0.015104166666666667 0.036111111111111115
2 0.2890625 0.5541666666666667 0.016666666666666666 0.036111111111111115
1 0.3065104166666667 0.5578703703703703 0.019270833333333334 0.03425925925925926
1 0.9791666666666666 0.6291666666666667 0.020833333333333332 0.05277777777777778
1 0.8505208333333333 0.5796296296296296 0.014583333333333334 0.02592592592592593
1 0.8588541666666667 0.5717592592592593 0.016666666666666666 0.028703703703703703
2 0.6895833333333333 0.5777777777777778 0.008333333333333333 0.024074074074074074
1 0.10052083333333334 0.5111111111111112 0.009375 0.016666666666666666
1 0.17265625 0.5319444444444444 0.0140625 0.02314814814814815
1 0.10833333333333334 0.5055555555555555 0.010416666666666666 0.016666666666666666
1 0.024739583333333332 0.49583333333333335 0.0140625 0.017592592592592594
0 0.4401041666666667 0.6652777777777779 0.071875 0.2138888888888889
0 0.29010416666666666 0.625925925925926 0.06041666666666667 0.17222222222222222
0 0.2947916666666667 0.600462962962963 0.07083333333333333 0.15462962962962964
0 0.17369791666666667 0.5958333333333333 0.05364583333333333 0.1527777777777778
0 0.10364583333333333 0.5666666666666667 0.041666666666666664 0.13333333333333333
0 0.019270833333333334 0.5337962962962963 0.03333333333333333 0.09722222222222222
0 0.12916666666666665 0.6995370370370371 0.07708333333333334 0.2564814814814815
0 0.21276041666666667 0.6532407407407408 0.0671875 0.19907407407407407
0 0.6854166666666667 0.6347222222222223 0.10416666666666667 0.15833333333333333
0 0.859375 0.6416666666666667 0.075 0.15925925925925927
0 0.9614583333333333 0.7347222222222223 0.07708333333333334 0.25833333333333336
