1 0.22552083333333334 0.6481481481481481 0.027083333333333334 0.05555555555555556
1 0.19947916666666665 0.6509259259259259 0.025 0.053703703703703705
1 0.5815104166666667 0.6097222222222223 0.0203125 0.04351851851851852
2 0.6096354166666667 0.6152777777777778 0.0234375 0.03981481481481482
2 0.7395833333333334 0.6560185185185186 0.020833333333333332 0.036111111111111115
2 0.76875 0.6527777777777778 0.021875 0.03888888888888889
2 0.4361979166666667 0.5805555555555556 0.0140625 0.03333333333333333
2 0.5221354166666666 0.5953703703703704 0.01614583333333333 0.02592592592592593
2 0.4205729166666667 0.5875 0.0109375 0.019444444444444445
2 0.36875 0.5671296296296297 0.014583333333333334 0.026851851851851852
2 0.3536458333333333 0.5625 0.009375 0.02314814814814815
2 0.49973958333333335 0.5615740740740741 0.021354166666666667 0.032407407407407406
0 0.35260416666666666 0.6314814814814815 0.06875 0.16296296296296298
0 0.4184895833333333 0.6638888888888889 0.08072916666666667 0.19444444444444445
0 0.23567708333333334 0.7842592592592593 0.1015625 0.32407407407407407
0 0.57734375 0.7074074074074075 0.1046875 0.23703703703703705
0 0.7252604166666666 0.7685185185185186 0.1328125 0.26851851851851855
