1 0.7567708333333333 0.6592592592592593 0.034375 0.07777777777777778
1 0.13776041666666666 0.6597222222222222 0.033854166666666664 0.0638888888888889
1 0.15078125 0.5523148148148148 0.018229166666666668 0.036111111111111115
1 0.7611979166666667 0.5731481481481482 0.0171875 0.024074074074074074
2 0.05911458333333333 0.4953703703703704 0.0078125 0.014814814814814815
0 0.7752604166666667 0.8027777777777778 0.15572916666666667 0.3592592592592593
0 0.12578125 0.813425925925926 0.1203125 0.3731481481481482
0 0.7515625 0.6305555555555555 0.08229166666666667 0.15925925925925927
0 0.15364583333333334 0.6277777777777778 0.05625 0.19074074074074074
0 0.0546875 0.5342592592592593 0.029166666666666667 0.09814814814814815
