2 0.25 0.6800925925925926 0.027083333333333334 0.04537037037037037
2 0.27447916666666666 0.6842592592592592 0.01875 0.05
2 0.30442708333333335 0.5680555555555555 0.022395833333333334 0.03981481481481482
2 0.34921875 0.5912037037037037 0.0171875 0.028703703703703703
2 0.6872395833333333 0.5625 0.0140625 0.019444444444444445
1 0.16822916666666665 0.5175925925925926 0.017708333333333333 0.020370370370370372
1 0.18541666666666667 0.5796296296296296 0.026041666666666668 0.0462962962962963
1 0.3731770833333333 0.5981481481481482 0.0234375 0.040740740740740744
1 0.3013020833333333 0.6481481481481481 0.033854166666666664 0.06296296296296297
0 0.30572916666666666 0.7986111111111112 0.21770833333333334 0.36388888888888893
0 0.16796875 0.5703703703703704 0.0453125 0.12222222222222223
0 0.3770833333333333 0.6958333333333334 0.08854166666666667 0.24351851851851852
0 0.30859375 0.6444444444444445 0.059895833333333336 0.1814814814814815
0 0.18880208333333334 0.6731481481481482 0.0734375 0.22962962962962963
