1 0.3015625 0.6513888888888889 0.04479166666666667 0.06574074074074074
2 0.27578125 0.6833333333333333 0.021354166666666667 0.04814814814814815
2 0.24817708333333333 0.6814814814814815 0.021354166666666667 0.05740740740740741
1 0.5151041666666667 0.6564814814814816 0.027083333333333334 0.07037037037037037
2 0.8778645833333333 0.6972222222222223 0.0296875 0.06296296296296297
2 0.86015625 0.6921296296296297 0.013020833333333334 0.058333333333333334
1 0.044270833333333336 0.5027777777777778 0.009375 0.014814814814814815
2 0.6877604166666667 0.5680555555555555 0.013020833333333334 0.028703703703703703
0 0.30364583333333334 0.7986111111111112 0.221875 0.36388888888888893
0 0.044270833333333336 0.5439814814814815 0.034375 0.10277777777777779
0 0.89921875 0.8291666666666667 0.2015625 0.3416666666666667
0 0.5359375 0.8018518518518519 0.13333333333333333 0.34814814814814815
