1 0.23203125 0.5851851851851853 0.013020833333333334 0.03333333333333333
1 0.22708333333333333 0.5708333333333333 0.017708333333333333 0.025
1 0.16354166666666667 0.7435185185185186 0.04375 0.06296296296296297
1 0.13151041666666666 0.7046296296296296 0.04114583333333333 0.053703703703703705
1 0.49947916666666664 0.5851851851851853 0.020833333333333332 0.03333333333333333
2 0.48151041666666666 0.5814814814814815 0.0140625 0.02962962962962963
2 0.46953125 0.5819444444444445 0.019270833333333334 0.032407407407407406
2 0.46249999999999997 0.7092592592592593 0.016666666666666666 0.05185185185185186
2 0.43723958333333335 0.7134259259259259 0.022395833333333334 0.062037037037037036
1 0.40963541666666664 0.7106481481481481 0.0234375 0.06018518518518519
0 0.49895833333333334 0.6550925925925927 0.11041666666666666 0.1824074074074074
0 0.4544270833333333 0.837962962962963 0.15364583333333334 0.32407407407407407
0 0.23515624999999998 0.663425925925926 0.059895833333333336 0.20833333333333334
0 0.15546875 0.8388888888888889 0.1390625 0.32222222222222224
