2 0.2484375 0.6444444444444445 0.02395833333333333 0.05185185185185186
1 0.2838541666666667 0.6615740740740741 0.028125 0.06759259259259259
1 0.5713541666666666 0.6194444444444445 0.029166666666666667 0.04814814814814815
2 0.59453125 0.5930555555555556 0.015104166666666667 0.036111111111111115
2 0.05807291666666667 0.5152777777777778 0.009895833333333333 0.021296296296296296
2 0.045572916666666664 0.5101851851851852 0.011979166666666666 0.022222222222222223
0 0.04609375 0.5537037037037037 0.034895833333333334 0.10555555555555556
0 0.5815104166666667 0.7092592592592593 0.14322916666666666 0.2240740740740741
0 0.2856770833333333 0.7912037037037037 0.11927083333333333 0.3564814814814815
0 0.5950520833333334 0.6861111111111111 0.09114583333333333 0.21296296296296297
