1 0.703125 0.6421296296296296 0.026041666666666668 0.04351851851851852
1 0.5143229166666666 0.6916666666666667 0.0328125 0.07222222222222223
2 0.48125 0.6967592592592593 0.028125 0.058333333333333334
1 0.18411458333333333 0.6856481481481482 0.03802083333333333 0.06018518518518519
1 0.17109375 0.5583333333333333 0.015104166666666667 0.031481481481481485
1 0.15729166666666666 0.5277777777777778 0.015625 0.016666666666666666
2 0.99296875 0.538425925925926 0.0046875 0.017592592592592594
0 0.16744791666666667 0.6291666666666667 0.06197916666666667 0.1787037037037037
0 0.5309895833333333 0.8268518518518518 0.1515625 0.3462962962962963
0 0.05859375 0.5592592592592592 0.034895833333333334 0.10925925925925926
0 0.1609375 0.5888888888888889 0.042708333333333334 0.1425925925925926
0 0.6955729166666667 0.7523148148148149 0.11510416666666666 0.2657407407407408
0 0.2015625 0.8282407407407407 0.11458333333333333 0.34351851851851856
