1 0.12161458333333333 0.5884259259259259 0.021354166666666667 0.04166666666666667
1 0.2760416666666667 0.6171296296296297 0.021875 0.05092592592592593
1 0.47890625 0.6925925925925926 0.03177083333333333 0.06296296296296297
1 0.47682291666666665 0.6620370370370371 0.027604166666666666 0.02592592592592593
1 0.1953125 0.6865740740740741 0.03229166666666666 0.06018518518518519
1 0.05078125 0.5125000000000001 0.0140625 0.015740740740740743
2 0.6372395833333333 0.5652777777777778 0.011979166666666666 0.021296296296296296
0 0.05026041666666667 0.562962962962963 0.034895833333333334 0.11666666666666667
0 0.12109375 0.6819444444444445 0.0671875 0.2212962962962963
0 0.27838541666666666 0.7310185185185185 0.07760416666666667 0.27870370370370373
0 0.4903645833333333 0.8236111111111112 0.14427083333333332 0.3527777777777778
0 0.19895833333333332 0.8250000000000001 0.109375 0.35000000000000003
