1 0.18463541666666666 0.7550925925925926 0.05364583333333333 0.08611111111111111
1 0.30364583333333334 0.5680555555555555 0.019791666666666666 0.036111111111111115
1 0.49192708333333335 0.5824074074074075 0.0234375 0.03888888888888889
2 0.3494791666666667 0.5412037037037037 0.010416666666666666 0.015740740740740743
2 0.81640625 0.5666666666666667 0.0140625 0.022222222222222223
0 0.30755208333333334 0.6152777777777778 0.058854166666666666 0.16574074074074074
0 0.48802083333333335 0.6583333333333333 0.07291666666666667 0.18703703703703706
0 0.29661458333333335 0.6430555555555556 0.06510416666666667 0.20277777777777778
0 0.8153645833333333 0.6245370370370371 0.050520833333333334 0.14351851851851852
0 0.1953125 0.8523148148148149 0.12604166666666666 0.2953703703703704
