1 0.22552083333333334 0.7666666666666667 0.040625 0.08148148148148149
1 0.18411458333333333 0.7597222222222223 0.04010416666666666 0.07685185185185185
1 0.3859375 0.5921296296296297 0.022916666666666665 0.04537037037037037
2 0.4544270833333333 0.5958333333333333 0.0171875 0.026851851851851852
1 0.4421875 0.5893518518518519 0.01875 0.04351851851851852
1 0.13567708333333334 0.5347222222222222 0.013020833333333334 0.02314814814814815
1 0.1546875 0.525462962962963 0.014583333333333334 0.02314814814814815
2 0.34010416666666665 0.5356481481481482 0.014583333333333334 0.021296296296296296
0 0.15052083333333333 0.5796296296296296 0.042708333333333334 0.12407407407407407
0 0.1328125 0.5902777777777778 0.041666666666666664 0.13425925925925927
0 0.44140625 0.6699074074074074 0.0859375 0.19722222222222224
0 0.3854166666666667 0.6277777777777778 0.08958333333333333 0.15
0 0.39348958333333334 0.6925925925925926 0.10781249999999999 0.23333333333333334
0 0.21614583333333334 0.8592592592592593 0.13229166666666667 0.2814814814814815
