1 0.17473958333333334 0.6125 0.0296875 0.04722222222222222
1 0.37447916666666664 0.5643518518518519 0.013541666666666667 0.026851851851851852
1 0.390625 0.5671296296296297 0.011458333333333333 0.019444444444444445
1 0.7994791666666666 0.6152777777777778 0.020833333333333332 0.03981481481481482
2 0.6239583333333333 0.7537037037037038 0.034375 0.0925925925925926
2 0.5856770833333333 0.7550925925925926 0.027604166666666666 0.075
2 0.5473958333333333 0.6810185185185186 0.027083333333333334 0.06574074074074074
2 0.5098958333333333 0.6666666666666667 0.027083333333333334 0.06296296296296297
0 0.7994791666666666 0.7101851851851853 0.09270833333333334 0.22962962962962963
0 0.3723958333333333 0.6342592592592593 0.058333333333333334 0.16481481481481483
0 0.5520833333333334 0.813425925925926 0.13854166666666667 0.33796296296296297
0 0.6236979166666666 0.8574074074074074 0.17864583333333334 0.2851851851851852
0 0.17005208333333333 0.7199074074074074 0.0765625 0.26203703703703707
