1 0.08932291666666667 0.5930555555555556 0.025520833333333333 0.04351851851851852
2 0.065625 0.5814814814814815 0.019791666666666666 0.03333333333333333
2 0.19479166666666667 0.5740740740740741 0.015625 0.02592592592592593
2 0.17994791666666665 0.5662037037037038 0.011979166666666666 0.026851851851851852
1 0.15338541666666666 0.5259259259259259 0.015104166666666667 0.022222222222222223
1 0.5177083333333333 0.5583333333333333 0.016666666666666666 0.02777777777777778
2 0.6838541666666667 0.5657407407407408 0.011458333333333333 0.020370370370370372
0 0.50546875 0.6240740740740741 0.0953125 0.15925925925925927
0 0.15234375 0.5824074074074075 0.059895833333333336 0.13518518518518519
0 0.19765625 0.6537037037037037 0.0734375 0.21296296296296297
0 0.08697916666666666 0.6865740740740741 0.084375 0.25462962962962965
