2 0.1453125 0.5328703703703704 0.015625 0.017592592592592594
1 0.13177083333333334 0.5337962962962963 0.011458333333333333 0.019444444444444445
1 0.26588541666666665 0.5564814814814815 0.019270833333333334 0.018518518518518517
1 0.2544270833333333 0.5569444444444445 0.011979166666666666 0.026851851851851852
1 0.6567708333333333 0.6027777777777777 0.021875 0.037037037037037035
1 0.9135416666666667 0.5824074074074075 0.01875 0.024074074074074074
0 0.9151041666666666 0.6513888888888889 0.04791666666666666 0.16018518518518518
0 0.6544270833333333 0.6814814814814815 0.0546875 0.1962962962962963
0 0.13515625 0.5939814814814816 0.0515625 0.14722222222222223
0 0.25703125 0.6226851851851852 0.05677083333333333 0.16574074074074074
