1 0.37734375 0.6291666666666667 0.028645833333333332 0.058333333333333334
2 0.39088541666666665 0.6842592592592592 0.0234375 0.03888888888888889
1 0.72890625 0.6027777777777777 0.0171875 0.040740740740740744
1 0.7125 0.6060185185185185 0.017708333333333333 0.04351851851851852
1 0.74140625 0.5601851851851852 0.015104166666666667 0.031481481481481485
1 0.9864583333333333 0.6087962962962963 0.0125 0.032407407407407406
1 0.30494791666666665 0.549074074074074 0.0203125 0.02962962962962963
1 0.17083333333333334 0.5958333333333333 0.026041666666666668 0.04351851851851852
2 0.17447916666666666 0.6296296296296297 0.019791666666666666 0.031481481481481485
1 0.07239583333333333 0.5032407407407408 0.009375 0.012037037037037037
0 0.06927083333333334 0.5509259259259259 0.03125 0.10740740740740741
0 0.30494791666666665 0.625462962962963 0.057812499999999996 0.18425925925925926
0 0.7096354166666666 0.700462962962963 0.1046875 0.23055555555555557
0 0.38359375 0.7662037037037037 0.1015625 0.3287037037037037
0 0.17682291666666666 0.6949074074074074 0.06927083333333334 0.24166666666666667
0 0.7356770833333334 0.6300925925925926 0.0640625 0.1675925925925926
