1 0.06041666666666667 0.5597222222222222 0.015625 0.030555555555555558
1 0.8479166666666667 0.6532407407407408 0.025 0.04537037037037037
1 0.8765625 0.6611111111111111 0.03229166666666666 0.061111111111111116
2 0.828125 0.5740740740740741 0.007291666666666667 0.016666666666666666
2 0.8356770833333333 0.5671296296296297 0.0078125 0.01388888888888889
0 0.20286458333333332 0.5949074074074074 0.050520833333333334 0.13240740740740742
0 0.8356770833333333 0.6263888888888889 0.05677083333333333 0.13611111111111113
0 0.44609375 0.6657407407407407 0.07760416666666667 0.18888888888888888
0 0.06197916666666667 0.6314814814814815 0.05416666666666667 0.17592592592592593
0 0.8341145833333333 0.7791666666666667 0.16302083333333334 0.2953703703703704
