1 0.4440104166666667 0.5652777777777778 0.03177083333333333 0.075
2 0.6307291666666667 0.48564814814814816 0.013541666666666667 0.025
2 0.6192708333333333 0.4810185185185185 0.013541666666666667 0.028703703703703703
2 0.5830729166666666 0.48750000000000004 0.0171875 0.03425925925925926
2 0.5604166666666667 0.48750000000000004 0.017708333333333333 0.030555555555555558
1 0.50234375 0.4712962962962963 0.009895833333333333 0.024074074074074074
1 0.37057291666666664 0.4902777777777778 0.013020833333333334 0.030555555555555558
1 0.38125 0.45925925925925926 0.015625 0.02592592592592593
1 0.32786458333333335 0.45416666666666666 0.009895833333333333 0.017592592592592594
2 0.35442708333333334 0.46620370370370373 0.009895833333333333 0.015740740740740743
1 0.2682291666666667 0.44907407407407407 0.010416666666666666 0.018518518518518517
1 0.25729166666666664 0.4513888888888889 0.009375 0.019444444444444445
1 0.17291666666666666 0.44212962962962965 0.007291666666666667 0.012037037037037037
1 0.13567708333333334 0.44212962962962965 0.005729166666666666 0.010185185185185186
0 0.13541666666666666 0.4675925925925926 0.01875 0.06481481481481481
0 0.1734375 0.4759259259259259 0.020833333333333332 0.07592592592592592
0 0.26171875 0.49444444444444446 0.0359375 0.10185185185185186
0 0.32578125 0.5046296296296297 0.03177083333333333 0.11111111111111112
0 0.3541666666666667 0.5152777777777778 0.046875 0.1212962962962963
0 0.26328125 0.5013888888888889 0.03697916666666667 0.1175925925925926
0 0.3723958333333333 0.5222222222222223 0.052083333333333336 0.1537037037037037
0 0.4921875 0.5356481481481482 0.052083333333333336 0.15092592592592594
0 0.62109375 0.5587962962962963 0.07447916666666667 0.19351851851851853
0 0.3729166666666667 0.5657407407407408 0.053125 0.1851851851851852
0 0.55703125 0.5726851851851852 0.07552083333333333 0.19722222222222224
0 0.4518229166666667 0.7601851851851852 0.1171875 0.46851851851851856
