1 0.6020833333333333 0.5319444444444444 0.025 0.05092592592592593
1 0.9601562499999999 0.8027777777777778 0.07552083333333333 0.19074074074074074
1 0.8734375 0.7763888888888889 0.07916666666666666 0.17314814814814816
2 0.38567708333333334 0.46574074074074073 0.008854166666666666 0.016666666666666666
2 0.31875 0.4615740740740741 0.009375 0.021296296296296296
2 0.30807291666666664 0.4615740740740741 0.008854166666666666 0.025
2 0.29661458333333335 0.45416666666666666 0.0067708333333333336 0.015740740740740743
1 0.23723958333333334 0.45046296296296295 0.008854166666666666 0.015740740740740743
1 0.21953124999999998 0.4486111111111111 0.008854166666666666 0.021296296296296296
2 0.19166666666666665 0.44907407407407407 0.009375 0.012962962962962964
1 0.16510416666666666 0.44351851851851853 0.007291666666666667 0.014814814814814815
1 0.13151041666666666 0.4398148148148148 0.005729166666666666 0.012962962962962964
0 0.13020833333333334 0.46574074074074073 0.01875 0.06851851851851852
0 0.18802083333333333 0.47962962962962963 0.025 0.08148148148148149
0 0.21796875 0.48564814814814816 0.024479166666666666 0.08981481481481482
0 0.19010416666666666 0.4865740740740741 0.027083333333333334 0.09537037037037037
0 0.16354166666666667 0.47962962962962963 0.025 0.0925925925925926
0 0.23333333333333334 0.4949074074074074 0.03125 0.11388888888888889
0 0.29322916666666665 0.4990740740740741 0.03125 0.10740740740740741
0 0.3828125 0.5194444444444445 0.03958333333333333 0.13518518518518519
0 0.6080729166666666 0.649537037037037 0.10052083333333334 0.287962962962963
0 0.3125 0.5143518518518518 0.03958333333333333 0.13240740740740742
