1 0.72890625 0.5430555555555556 0.033854166666666664 0.0712962962962963
1 0.68046875 0.5074074074074074 0.0265625 0.05
1 0.5231770833333333 0.4930555555555556 0.01614583333333333 0.025
1 0.56875 0.49768518518518523 0.022916666666666665 0.030555555555555558
1 0.3815104166666667 0.47453703703703703 0.015104166666666667 0.026851851851851852
1 0.29635416666666664 0.4652777777777778 0.013541666666666667 0.028703703703703703
1 0.2856770833333333 0.46990740740740744 0.008854166666666666 0.019444444444444445
1 0.27447916666666666 0.46944444444444444 0.009375 0.016666666666666666
1 0.17395833333333333 0.45787037037037037 0.0125 0.017592592592592594
0 0.175 0.5092592592592593 0.034375 0.12222222222222223
0 0.37890625 0.5328703703703704 0.03697916666666667 0.1398148148148148
0 0.2869791666666667 0.5361111111111111 0.053125 0.16296296296296298
0 0.27421875 0.5282407407407408 0.0453125 0.1398148148148148
0 0.5231770833333333 0.5810185185185185 0.07239583333333333 0.20833333333333334
0 0.565625 0.5699074074074074 0.08125 0.18611111111111112
0 0.6721354166666667 0.6351851851851852 0.10989583333333333 0.3037037037037037
0 0.7190104166666667 0.7152777777777778 0.1515625 0.4138888888888889
