1 0.44921875 0.47870370370370374 0.01614583333333333 0.024074074074074074
1 0.3424479166666667 0.47361111111111115 0.015104166666666667 0.030555555555555558
1 0.3809895833333333 0.47500000000000003 0.0109375 0.016666666666666666
1 0.3697916666666667 0.4759259259259259 0.013541666666666667 0.016666666666666666
2 0.37447916666666664 0.4935185185185185 0.008333333333333333 0.014814814814814815
1 0.1703125 0.4532407407407408 0.007291666666666667 0.015740740740740743
2 0.2421875 0.4708333333333333 0.0125 0.021296296296296296
0 0.16822916666666665 0.4953703703703704 0.027083333333333334 0.09814814814814815
0 0.23645833333333333 0.5231481481481481 0.042708333333333334 0.13703703703703704
0 0.3729166666666667 0.5305555555555556 0.04583333333333333 0.1425925925925926
0 0.3341145833333333 0.5416666666666667 0.0515625 0.17037037037037037
0 0.44921875 0.5518518518518519 0.05677083333333333 0.1685185185185185
