1 0.3015625 0.35694444444444445 0.0125 0.017592592592592594
1 0.39817708333333335 0.362962962962963 0.0171875 0.024074074074074074
1 0.5450520833333333 0.3763888888888889 0.01614583333333333 0.030555555555555558
1 0.65078125 0.4050925925925926 0.022395833333333334 0.04537037037037037
1 0.6760416666666667 0.4027777777777778 0.017708333333333333 0.03518518518518519
1 0.8528645833333334 0.4189814814814815 0.0234375 0.03425925925925926
2 0.8942708333333333 0.45601851851851855 0.03229166666666666 0.04537037037037037
1 0.69609375 0.41064814814814815 0.015104166666666667 0.03425925925925926
0 0.21145833333333333 0.38472222222222224 0.03333333333333333 0.10462962962962963
0 0.29322916666666665 0.4087962962962963 0.034375 0.12314814814814816
0 0.54375 0.45925925925925926 0.06354166666666666 0.1962962962962963
0 0.6671875 0.4962962962962963 0.08854166666666667 0.21851851851851853
0 0.3966145833333333 0.4416666666666667 0.05364583333333333 0.1851851851851852
0 0.6447916666666667 0.5222222222222223 0.09791666666666667 0.2777777777777778
0 0.83359375 0.5092592592592593 0.0953125 0.22222222222222224
0 0.8744791666666667 0.5662037037037038 0.146875 0.2990740740740741
0 0.71015625 0.48333333333333334 0.09947916666666666 0.17777777777777778
