1 0.6145833333333334 0.3902777777777778 0.017708333333333333 0.036111111111111115
1 0.5986979166666666 0.3990740740740741 0.0171875 0.03518518518518519
1 0.6369791666666667 0.39212962962962966 0.016666666666666666 0.03425925925925926
1 0.7122395833333334 0.39166666666666666 0.0203125 0.022222222222222223
1 0.16432291666666665 0.32453703703703707 0.008854166666666666 0.012037037037037037
0 0.10755208333333333 0.3462962962962963 0.019270833333333334 0.07407407407407407
0 0.09140625 0.3476851851851852 0.022395833333333334 0.075
0 0.16510416666666666 0.35879629629629634 0.01875 0.08055555555555556
0 0.0921875 0.35324074074074074 0.020833333333333332 0.08055555555555556
0 0.13229166666666667 0.36435185185185187 0.027083333333333334 0.10833333333333334
0 0.6268229166666667 0.4916666666666667 0.0921875 0.23148148148148148
0 0.5947916666666666 0.4981481481481482 0.09895833333333333 0.2518518518518519
0 0.7169270833333333 0.47453703703703703 0.10781249999999999 0.18611111111111112
