1 0.453125 0.5824074074074075 0.03229166666666666 0.06296296296296297
1 0.39010416666666664 0.5236111111111111 0.021875 0.05277777777777778
1 0.27760416666666665 0.46064814814814814 0.008333333333333333 0.019444444444444445
1 0.22265625 0.4625 0.0109375 0.017592592592592594
1 0.3416666666666667 0.47824074074074074 0.011458333333333333 0.019444444444444445
1 0.0984375 0.4476851851851852 0.008333333333333333 0.012037037037037037
0 0.4 0.6472222222222223 0.09479166666666666 0.31851851851851853
0 0.21666666666666667 0.5087962962962963 0.036458333333333336 0.1175925925925926
0 0.27708333333333335 0.5120370370370371 0.0375 0.12037037037037038
0 0.3375 0.5328703703703704 0.03958333333333333 0.13425925925925927
0 0.43671875 0.7652777777777778 0.14010416666666667 0.4305555555555556
