1 0.7002604166666666 0.44953703703703707 0.0203125 0.04537037037037037
1 0.6828125 0.4273148148148148 0.016666666666666666 0.032407407407407406
1 0.6645833333333333 0.4277777777777778 0.020833333333333332 0.03888888888888889
1 0.5604166666666667 0.4138888888888889 0.014583333333333334 0.02777777777777778
1 0.26901041666666664 0.3962962962962963 0.021354166666666667 0.044444444444444446
1 0.21171874999999998 0.3736111111111111 0.021354166666666667 0.03425925925925926
1 0.24817708333333333 0.35370370370370374 0.0109375 0.014814814814814815
1 0.17734375 0.34074074074074073 0.011979166666666666 0.020370370370370372
1 0.10260416666666666 0.3300925925925926 0.010416666666666666 0.01388888888888889
0 0.17604166666666665 0.3819444444444445 0.030208333333333334 0.09722222222222222
0 0.25 0.4027777777777778 0.03229166666666666 0.11111111111111112
0 0.6591145833333333 0.5166666666666667 0.09010416666666667 0.20370370370370372
0 0.55546875 0.5018518518518519 0.07447916666666667 0.20555555555555557
0 0.69140625 0.55 0.10781249999999999 0.24814814814814815
0 0.2721354166666667 0.49953703703703706 0.0671875 0.24722222222222223
0 0.21510416666666665 0.4486111111111111 0.05520833333333333 0.18611111111111112
0 0.040625 0.39537037037037037 0.03854166666666667 0.13333333333333333
