1 0.496875 0.5337962962962963 0.015625 0.03425925925925926
1 0.4783854166666667 0.5333333333333333 0.01614583333333333 0.03518518518518519
1 0.6166666666666667 0.5513888888888889 0.022916666666666665 0.04722222222222222
1 0.7565104166666666 0.5555555555555556 0.018229166666666668 0.044444444444444446
1 0.33229166666666665 0.5037037037037038 0.015625 0.020370370370370372
1 0.2604166666666667 0.5013888888888889 0.014583333333333334 0.019444444444444445
1 0.0859375 0.48703703703703705 0.007291666666666667 0.014814814814814815
0 0.26015625 0.5592592592592592 0.04114583333333333 0.13518518518518519
0 0.3359375 0.5662037037037038 0.04895833333333333 0.15092592592592594
0 0.47760416666666666 0.6101851851851852 0.071875 0.1925925925925926
0 0.6140625 0.6583333333333333 0.09791666666666667 0.25925925925925924
0 0.7510416666666666 0.6662037037037037 0.11145833333333333 0.2638888888888889
