1 0.6549479166666666 0.549074074074074 0.0203125 0.02962962962962963
1 0.49140625 0.5296296296296297 0.0171875 0.03333333333333333
1 0.47630208333333335 0.5212962962962964 0.01614583333333333 0.02592592592592593
1 0.32057291666666665 0.5097222222222222 0.01614583333333333 0.021296296296296296
1 0.41770833333333335 0.5152777777777778 0.020833333333333332 0.030555555555555558
1 0.27760416666666665 0.5074074074074074 0.0125 0.020370370370370372
1 0.2661458333333333 0.5055555555555555 0.010416666666666666 0.016666666666666666
1 0.16614583333333333 0.48750000000000004 0.008333333333333333 0.010185185185185186
1 0.12604166666666666 0.500925925925926 0.014583333333333334 0.024074074074074074
0 0.16484375 0.5291666666666667 0.0265625 0.11018518518518519
0 0.2677083333333333 0.5601851851851852 0.042708333333333334 0.13518518518518519
0 0.3203125 0.576388888888889 0.04583333333333333 0.15833333333333333
0 0.4158854166666667 0.5875 0.0546875 0.1712962962962963
0 0.4796875 0.6097222222222223 0.071875 0.20833333333333334
0 0.665625 0.6347222222222223 0.09270833333333334 0.21574074074074076
0 0.6494791666666666 0.6541666666666667 0.10625 0.24722222222222223
0 0.12786458333333334 0.5513888888888889 0.03802083333333333 0.13055555555555556
