1 0.9549479166666667 0.5824074074074075 0.03802083333333333 0.05925925925925926
1 0.7122395833333334 0.5592592592592592 0.024479166666666666 0.037037037037037035
1 0.69453125 0.5611111111111111 0.0203125 0.040740740740740744
1 0.6234375 0.537962962962963 0.021875 0.02962962962962963
1 0.60859375 0.5375 0.0171875 0.03425925925925926
1 0.390625 0.5162037037037037 0.0125 0.025
1 0.34140625 0.5148148148148148 0.0140625 0.031481481481481485
1 0.26848958333333334 0.5013888888888889 0.011979166666666666 0.021296296296296296
1 0.2544270833333333 0.500462962962963 0.008854166666666666 0.025
1 0.19427083333333334 0.513888888888889 0.017708333333333333 0.03333333333333333
1 0.16276041666666666 0.49212962962962964 0.011979166666666666 0.015740740740740743
0 0.15625 0.5319444444444444 0.03125 0.10277777777777779
0 0.19140625 0.5421296296296296 0.03177083333333333 0.11388888888888889
0 0.2643229166666667 0.5587962962962963 0.04635416666666667 0.14351851851851852
0 0.3893229166666667 0.5782407407407407 0.05364583333333333 0.1527777777777778
0 0.340625 0.5768518518518518 0.051041666666666666 0.1574074074074074
0 0.6072916666666667 0.6212962962962963 0.075 0.20370370370370372
0 0.69375 0.6597222222222222 0.10520833333333333 0.24166666666666667
0 0.9255208333333333 0.7287037037037037 0.14895833333333333 0.35185185185185186
0 0.19713541666666667 0.5875 0.049479166666666664 0.17500000000000002
