1 0.7229166666666667 0.5560185185185186 0.020833333333333332 0.04166666666666667
1 0.4473958333333333 0.525462962962963 0.020833333333333332 0.032407407407407406
2 0.3885416666666667 0.5212962962962964 0.016666666666666666 0.02777777777777778
1 0.29713541666666665 0.5435185185185185 0.022395833333333334 0.044444444444444446
2 0.24635416666666665 0.4986111111111111 0.0125 0.019444444444444445
0 0.24869791666666666 0.5486111111111112 0.0390625 0.11944444444444445
0 0.3841145833333333 0.5851851851851853 0.0515625 0.16111111111111112
0 0.44687499999999997 0.6087962962962963 0.071875 0.20277777777777778
0 0.715625 0.6625 0.11145833333333333 0.25462962962962965
0 0.30442708333333335 0.6393518518518518 0.0703125 0.23981481481481481
