2 0.8421875 0.43333333333333335 0.020833333333333332 0.05
2 0.8658854166666666 0.45972222222222225 0.015104166666666667 0.036111111111111115
1 0.47578125 0.3851851851851852 0.0171875 0.03518518518518519
1 0.4609375 0.3893518518518519 0.016666666666666666 0.030555555555555558
2 0.3221354166666667 0.3597222222222222 0.0109375 0.025
1 0.1609375 0.3439814814814815 0.0125 0.021296296296296296
0 0.15963541666666667 0.38981481481481484 0.03177083333333333 0.10740740740740741
0 0.3223958333333333 0.4175925925925926 0.042708333333333334 0.13518518518518519
0 0.4578125 0.4587962962962963 0.06145833333333333 0.18055555555555555
0 0.83046875 0.549537037037037 0.13072916666666667 0.28055555555555556
