1 0.4822916666666667 0.38842592592592595 0.014583333333333334 0.026851851851851852
2 0.48333333333333334 0.4064814814814815 0.016666666666666666 0.02777777777777778
2 0.4984375 0.3939814814814815 0.0125 0.025
1 0.9330729166666667 0.4537037037037037 0.0296875 0.05185185185185186
1 0.3692708333333333 0.375 0.013541666666666667 0.031481481481481485
2 0.2328125 0.34953703703703703 0.009375 0.021296296296296296
2 0.24140625 0.36203703703703705 0.008854166666666666 0.014814814814814815
1 0.1390625 0.34074074074074073 0.008333333333333333 0.018518518518518517
0 0.13828125 0.3800925925925926 0.03177083333333333 0.10092592592592593
0 0.23177083333333334 0.40231481481481485 0.040625 0.12685185185185185
0 0.36692708333333335 0.44074074074074077 0.057812499999999996 0.16296296296296298
0 0.4848958333333333 0.4675925925925926 0.07083333333333333 0.1925925925925926
0 0.91171875 0.5861111111111111 0.1578125 0.31851851851851853
