2 0.5856770833333333 0.5078703703703704 0.021354166666666667 0.032407407407407406
1 0.3169270833333333 0.47361111111111115 0.0140625 0.026851851851851852
1 0.17473958333333334 0.45740740740740743 0.009895833333333333 0.016666666666666666
1 0.16822916666666665 0.4532407407407408 0.010416666666666666 0.017592592592592594
1 0.12760416666666666 0.45092592592592595 0.007291666666666667 0.011111111111111112
1 0.062239583333333334 0.44537037037037036 0.008854166666666666 0.016666666666666666
1 0.037760416666666664 0.4444444444444445 0.005729166666666666 0.011111111111111112
0 0.16848958333333333 0.5078703703703704 0.03802083333333333 0.12685185185185185
0 0.2515625 0.5212962962962964 0.053125 0.1277777777777778
0 0.31197916666666664 0.5444444444444445 0.05 0.17037037037037037
0 0.5875 0.5694444444444444 0.1125 0.16481481481481483
