1 0.8049479166666667 0.525 0.0234375 0.037037037037037035
1 0.8333333333333334 0.5310185185185186 0.025 0.04537037037037037
1 0.2794270833333333 0.4708333333333333 0.013020833333333334 0.02314814814814815
1 0.265625 0.5282407407407408 0.026041666666666668 0.05277777777777778
1 0.24375 0.5305555555555556 0.028125 0.053703703703703705
1 0.16901041666666666 0.46481481481481485 0.013020833333333334 0.024074074074074074
1 0.184375 0.4625 0.010416666666666666 0.021296296296296296
2 0.33515625 0.4814814814814815 0.01614583333333333 0.037037037037037035
0 0.26510416666666664 0.6537037037037037 0.090625 0.3148148148148148
0 0.1828125 0.5050925925925926 0.03229166666666666 0.11018518518518519
0 0.16875 0.512962962962963 0.03125 0.12407407407407407
0 0.28020833333333334 0.5189814814814815 0.0375 0.12314814814814816
0 0.33125 0.5435185185185185 0.058333333333333334 0.15555555555555556
0 0.7921875 0.6268518518518519 0.121875 0.24629629629629632
