1 0.7614583333333333 0.6782407407407408 0.06770833333333333 0.12685185185185185
1 0.6942708333333333 0.6671296296296296 0.06666666666666667 0.12685185185185185
1 0.3802083333333333 0.4861111111111111 0.016666666666666666 0.02777777777777778
1 0.36875 0.48379629629629634 0.014583333333333334 0.026851851851851852
2 0.14166666666666666 0.46064814814814814 0.009375 0.017592592592592594
1 0.17291666666666666 0.4620370370370371 0.007291666666666667 0.018518518518518517
1 0.1890625 0.45972222222222225 0.008333333333333333 0.019444444444444445
1 0.18177083333333333 0.46064814814814814 0.007291666666666667 0.01388888888888889
1 0.08307291666666666 0.4513888888888889 0.0109375 0.021296296296296296
0 0.7731770833333333 0.8027777777777778 0.25885416666666666 0.3944444444444445
0 0.14192708333333334 0.5037037037037038 0.030729166666666665 0.10740740740740741
0 0.3653645833333333 0.5462962962962963 0.05677083333333333 0.1537037037037037
