1 0.8526041666666666 0.5902777777777778 0.05520833333333333 0.09537037037037037
1 0.7981770833333334 0.5925925925925926 0.05260416666666667 0.08703703703703704
1 0.21979166666666666 0.46620370370370373 0.015625 0.028703703703703703
1 0.1390625 0.45231481481481484 0.014583333333333334 0.025
1 0.08854166666666667 0.4532407407407408 0.013541666666666667 0.015740740740740743
1 0.008333333333333333 0.45 0.0125 0.024074074074074074
1 0.15859375 0.4620370370370371 0.0109375 0.020370370370370372
0 0.13541666666666666 0.4981481481481482 0.034375 0.10925925925925926
0 0.22213541666666667 0.5171296296296296 0.04114583333333333 0.12685185185185185
0 0.8802083333333334 0.7722222222222223 0.23958333333333334 0.45555555555555555
