1 0.853125 0.5601851851851852 0.028125 0.05555555555555556
1 0.7010416666666667 0.5416666666666667 0.027083333333333334 0.04259259259259259
2 0.5953125 0.5527777777777778 0.029166666666666667 0.05185185185185186
1 0.559375 0.5481481481481482 0.022916666666666665 0.05
1 0.4869791666666667 0.5305555555555556 0.019791666666666666 0.03888888888888889
1 0.3927083333333333 0.5550925925925926 0.03125 0.05648148148148149
1 0.4328125 0.5342592592592593 0.020833333333333332 0.040740740740740744
1 0.45286458333333335 0.5166666666666667 0.021354166666666667 0.03333333333333333
2 0.35442708333333334 0.5185185185185185 0.018229166666666668 0.031481481481481485
1 0.32395833333333335 0.5101851851851852 0.015625 0.037037037037037035
1 0.24713541666666666 0.5425925925925926 0.025520833333333333 0.053703703703703705
2 0.16692708333333334 0.5212962962962964 0.015104166666666667 0.031481481481481485
0 0.22343749999999998 0.5398148148148149 0.03333333333333333 0.11111111111111112
0 0.25 0.5638888888888889 0.040625 0.14814814814814814
0 0.32578125 0.5689814814814815 0.0453125 0.1527777777777778
0 0.3515625 0.5888888888888889 0.053125 0.17777777777777778
0 0.4471354166666667 0.5791666666666667 0.050520833333333334 0.18981481481481483
0 0.42942708333333335 0.6222222222222222 0.06510416666666667 0.21296296296296297
0 0.48854166666666665 0.6097222222222223 0.06666666666666667 0.19907407407407407
0 0.5552083333333333 0.6319444444444444 0.07083333333333333 0.21944444444444444
0 0.59921875 0.675 0.1015625 0.2962962962962963
0 0.6984375 0.6481481481481481 0.09791666666666667 0.24814814814814815
0 0.84609375 0.6939814814814815 0.14010416666666667 0.31203703703703706
0 0.39010416666666664 0.674074074074074 0.0875 0.29074074074074074
0 0.24791666666666667 0.6555555555555556 0.06875 0.26851851851851855
0 0.1703125 0.5930555555555556 0.04791666666666666 0.17314814814814816
