1 0.8341145833333333 0.5296296296296297 0.043229166666666666 0.07777777777777778
1 0.37916666666666665 0.44953703703703707 0.03854166666666667 0.07314814814814816
1 0.5908854166666666 0.41111111111111115 0.019270833333333334 0.044444444444444446
1 0.6541666666666667 0.42638888888888893 0.029166666666666667 0.04351851851851852
1 0.3528645833333333 0.375462962962963 0.0171875 0.02314814814814815
0 0.8515625 0.7222222222222222 0.20416666666666666 0.4666666666666667
0 0.38255208333333335 0.6393518518518518 0.11510416666666666 0.44722222222222224
0 0.3536458333333333 0.4351851851851852 0.04375 0.1425925925925926
0 0.5895833333333333 0.5078703703703704 0.08125 0.22870370370370371
0 0.6510416666666666 0.5055555555555555 0.08125 0.20370370370370372
