1 0.6388020833333333 0.5736111111111112 0.0703125 0.13611111111111113
1 0.33515625 0.5148148148148148 0.058854166666666666 0.10740740740740741
1 0.29010416666666666 0.5217592592592593 0.04791666666666666 0.0787037037037037
1 0.3106770833333333 0.3476851851851852 0.0203125 0.03425925925925926
1 0.23958333333333334 0.3402777777777778 0.017708333333333333 0.032407407407407406
1 0.20260416666666667 0.3375 0.01875 0.028703703703703703
1 0.21223958333333334 0.34444444444444444 0.0140625 0.022222222222222223
0 0.21197916666666666 0.3851851851851852 0.030208333333333334 0.10925925925925926
0 0.23932291666666666 0.3962962962962963 0.03697916666666667 0.13518518518518519
0 0.3106770833333333 0.41620370370370374 0.0484375 0.14907407407407408
0 0.6481770833333333 0.7574074074074074 0.2265625 0.4851851851851852
0 0.35182291666666665 0.7300925925925926 0.2171875 0.5398148148148149
