1 0.16875 0.5666666666666667 0.0875 0.1388888888888889
1 0.23541666666666666 0.5740740740740741 0.084375 0.14814814814814814
1 0.51015625 0.3439814814814815 0.0453125 0.06944444444444445
1 0.2421875 0.30694444444444446 0.03854166666666667 0.062037037037037036
1 0.1125 0.24351851851851852 0.015625 0.02592592592592593
1 0.19401041666666666 0.250462962962963 0.0171875 0.02314814814814815
0 0.19375 0.3013888888888889 0.036458333333333336 0.12314814814814816
0 0.2643229166666667 0.32175925925925924 0.044270833333333336 0.13240740740740742
0 0.5072916666666667 0.49212962962962964 0.13541666666666666 0.36574074074074076
0 0.24296874999999998 0.43194444444444446 0.10052083333333334 0.2990740740740741
0 0.18645833333333334 0.7458333333333333 0.2552083333333333 0.5083333333333333
