1 0.6338541666666666 0.3893518518518519 0.04479166666666667 0.08240740740740742
1 0.19479166666666667 0.5935185185185186 0.06979166666666667 0.12962962962962962
1 0.16822916666666665 0.575925925925926 0.08020833333333333 0.1462962962962963
1 0.7231770833333333 0.35833333333333334 0.0203125 0.05
1 0.76796875 0.35000000000000003 0.0265625 0.0462962962962963
1 0.6921875 0.3564814814814815 0.030208333333333334 0.061111111111111116
1 0.4557291666666667 0.3050925925925926 0.028125 0.03425925925925926
0 0.44557291666666665 0.40185185185185185 0.09114583333333333 0.23148148148148148
0 0.6466145833333333 0.48055555555555557 0.14114583333333333 0.32037037037037036
0 0.63984375 0.5685185185185185 0.2109375 0.4425925925925926
0 0.18411458333333333 0.7513888888888889 0.2526041666666667 0.49722222222222223
