2 0.8083333333333333 0.5546296296296297 0.034375 0.06481481481481481
2 0.7838541666666666 0.4828703703703704 0.0375 0.075
2 0.7578125 0.4537037037037037 0.04375 0.07037037037037037
1 0.63984375 0.4013888888888889 0.03177083333333333 0.049074074074074076
1 0.6236979166666666 0.40046296296296297 0.024479166666666666 0.03796296296296296
1 0.23802083333333332 0.37824074074074077 0.019791666666666666 0.04351851851851852
2 0.4861979166666667 0.3856481481481482 0.0234375 0.036111111111111115
2 0.47812499999999997 0.39351851851851855 0.021875 0.031481481481481485
0 0.24244791666666665 0.40740740740740744 0.04114583333333333 0.1277777777777778
0 0.47682291666666665 0.46805555555555556 0.07135416666666666 0.19907407407407407
0 0.61640625 0.4949074074074074 0.0890625 0.225
0 0.8059895833333334 0.6680555555555556 0.19947916666666665 0.47685185185185186
0 0.24505208333333334 0.46111111111111114 0.06510416666666667 0.20555555555555557
