2 0.7515625 0.4425925925925926 0.019791666666666666 0.037037037037037035
2 0.7263020833333333 0.4240740740740741 0.0328125 0.05555555555555556
1 0.465625 0.4356481481481482 0.035416666666666666 0.06759259259259259
1 0.44635416666666666 0.38101851851851853 0.019791666666666666 0.04166666666666667
1 0.3481770833333333 0.3597222222222222 0.009895833333333333 0.019444444444444445
1 0.3375 0.36388888888888893 0.015625 0.02962962962962963
1 0.09114583333333333 0.3662037037037037 0.030208333333333334 0.04166666666666667
1 0.008072916666666666 0.3800925925925926 0.01614583333333333 0.04537037037037037
2 0.2752604166666667 0.3560185185185185 0.021354166666666667 0.025
2 0.47578125 0.3837962962962963 0.019270833333333334 0.03425925925925926
0 0.27291666666666664 0.41250000000000003 0.03958333333333333 0.1398148148148148
0 0.33828125 0.42824074074074076 0.049479166666666664 0.16018518518518518
0 0.45026041666666666 0.47175925925925927 0.0796875 0.2175925925925926
0 0.7151041666666667 0.5388888888888889 0.11666666666666667 0.26851851851851855
0 0.47812499999999997 0.5731481481481482 0.11562499999999999 0.33333333333333337
0 0.09661458333333334 0.44907407407407407 0.05260416666666667 0.19814814814814816
