1 0.7763020833333333 0.3509259259259259 0.0234375 0.044444444444444446
1 0.75234375 0.3560185185185185 0.024479166666666666 0.05092592592592593
1 0.37890625 0.30324074074074076 0.024479166666666666 0.04722222222222222
2 0.3963541666666667 0.2925925925925926 0.021875 0.03888888888888889
2 0.06953125 0.3527777777777778 0.0234375 0.05185185185185186
1 0.05651041666666667 0.30648148148148147 0.027604166666666666 0.05925925925925926
1 0.14557291666666666 0.2513888888888889 0.0140625 0.03796296296296296
1 0.040364583333333336 0.3162037037037037 0.024479166666666666 0.04166666666666667
0 0.14505208333333333 0.30648148148148147 0.04114583333333333 0.13703703703703704
0 0.3932291666666667 0.3717592592592593 0.06041666666666667 0.18611111111111112
0 0.3684895833333333 0.37592592592592594 0.07135416666666666 0.1962962962962963
0 0.7416666666666667 0.4532407407407408 0.11875 0.24166666666666667
0 0.06588541666666667 0.425462962962963 0.0796875 0.287962962962963
