2 0.8585937499999999 0.39537037037037037 0.034895833333333334 0.061111111111111116
2 0.8270833333333333 0.38657407407407407 0.03333333333333333 0.05462962962962963
2 0.53984375 0.3092592592592593 0.024479166666666666 0.03518518518518519
2 0.08255208333333333 0.23657407407407408 0.01614583333333333 0.025
1 0.20520833333333333 0.25416666666666665 0.013541666666666667 0.028703703703703703
1 0.21510416666666665 0.2555555555555556 0.011458333333333333 0.024074074074074074
1 0.4223958333333333 0.2935185185185185 0.022916666666666665 0.05185185185185186
1 0.365625 0.2898148148148148 0.0125 0.02962962962962963
1 0.3559895833333333 0.2865740740740741 0.018229166666666668 0.028703703703703703
0 0.20677083333333332 0.30648148148148147 0.04479166666666667 0.12962962962962962
0 0.35494791666666664 0.3597222222222222 0.0609375 0.17500000000000002
0 0.4205729166666667 0.3592592592592593 0.0609375 0.17037037037037037
0 0.4203125 0.3888888888888889 0.07604166666666666 0.21666666666666667
0 0.5328125 0.39305555555555555 0.08333333333333333 0.19907407407407407
0 0.81640625 0.5041666666666667 0.1578125 0.2935185185185185
