1 0.875 0.47500000000000003 0.046875 0.08148148148148149
1 0.821875 0.4481481481481482 0.053125 0.09814814814814815
2 0.38515625 0.300462962962963 0.024479166666666666 0.03425925925925926
2 0.3697916666666667 0.2986111111111111 0.019791666666666666 0.032407407407407406
2 0.265625 0.26435185185185184 0.019791666666666666 0.032407407407407406
1 0.14765625 0.250462962962963 0.019270833333333334 0.032407407407407406
1 0.19661458333333334 0.25092592592592594 0.01614583333333333 0.020370370370370372
0 0.14661458333333333 0.3092592592592593 0.044270833333333336 0.1462962962962963
0 0.26484375 0.32083333333333336 0.044270833333333336 0.14166666666666666
0 0.37135416666666665 0.36944444444444446 0.075 0.17962962962962964
0 0.7934895833333333 0.6351851851851852 0.22760416666666666 0.46296296296296297
