1 0.5432291666666667 0.5939814814814816 0.05416666666666667 0.11203703703703705
1 0.6895833333333333 0.4939814814814815 0.026041666666666668 0.04537037037037037
1 0.6567708333333333 0.4986111111111111 0.021875 0.04351851851851852
1 0.6388020833333333 0.500462962962963 0.027604166666666666 0.05648148148148149
1 0.5223958333333333 0.46990740740740744 0.019791666666666666 0.03796296296296296
1 0.5377604166666666 0.47453703703703703 0.018229166666666668 0.036111111111111115
1 0.4075520833333333 0.4625 0.019270833333333334 0.032407407407407406
0 0.56484375 0.7717592592592593 0.1765625 0.4564814814814815
0 0.3203125 0.5037037037037038 0.0375 0.11666666666666667
0 0.40911458333333334 0.5300925925925926 0.050520833333333334 0.15833333333333333
0 0.5255208333333333 0.5416666666666667 0.058333333333333334 0.16666666666666669
0 0.6375 0.5865740740740741 0.075 0.2138888888888889
0 0.6893229166666667 0.5685185185185185 0.07760416666666667 0.18888888888888888
