1 0.71953125 0.41944444444444445 0.03177083333333333 0.05740740740740741
1 0.69453125 0.41805555555555557 0.024479166666666666 0.04351851851851852
1 0.4283854166666667 0.37222222222222223 0.015104166666666667 0.03888888888888889
2 0.35182291666666665 0.37222222222222223 0.019270833333333334 0.03518518518518519
1 0.33307291666666666 0.3763888888888889 0.0203125 0.04722222222222222
1 0.38177083333333334 0.3791666666666667 0.01875 0.030555555555555558
1 0.39765625 0.3856481481481482 0.01614583333333333 0.036111111111111115
0 0.384375 0.46435185185185185 0.06041666666666667 0.20462962962962963
0 0.42604166666666665 0.44722222222222224 0.0625 0.17592592592592593
0 0.3182291666666667 0.46990740740740744 0.08958333333333333 0.23055555555555557
0 0.6861979166666666 0.5115740740740741 0.09635416666666667 0.23796296296296296
