1 0.6473958333333333 0.41805555555555557 0.028125 0.05648148148148149
1 0.6713541666666667 0.4226851851851852 0.027083333333333334 0.04722222222222222
1 0.6395833333333333 0.41064814814814815 0.029166666666666667 0.03981481481481482
1 0.51875 0.39675925925925926 0.022916666666666665 0.03425925925925926
1 0.5020833333333333 0.39583333333333337 0.015625 0.03981481481481482
1 0.39921875 0.3773148148148148 0.01614583333333333 0.03796296296296296
1 0.42083333333333334 0.3768518518518519 0.019791666666666666 0.037037037037037035
1 0.21223958333333334 0.3458333333333333 0.008854166666666666 0.025
1 0.20494791666666667 0.34351851851851856 0.0109375 0.024074074074074074
0 0.20677083333333332 0.39351851851851855 0.036458333333333336 0.11851851851851852
0 0.4044270833333333 0.4412037037037037 0.05572916666666666 0.15833333333333333
0 0.49895833333333334 0.4759259259259259 0.07291666666666667 0.2
0 0.6385416666666667 0.4935185185185185 0.09166666666666666 0.20740740740740743
0 0.64453125 0.5189814814814815 0.11197916666666667 0.25277777777777777
