1 0.92265625 0.5671296296296297 0.03177083333333333 0.06574074074074074
1 0.8984375 0.5791666666666667 0.036458333333333336 0.06944444444444445
1 0.8010416666666667 0.5893518518518519 0.03125 0.06759259259259259
1 0.7776041666666667 0.5699074074074074 0.036458333333333336 0.05277777777777778
1 0.6565104166666667 0.5449074074074074 0.025520833333333333 0.03796296296296296
1 0.6799479166666667 0.55 0.0234375 0.05
1 0.5059895833333333 0.5296296296296297 0.025520833333333333 0.03888888888888889
1 0.459375 0.5300925925925926 0.01875 0.02314814814814815
1 0.3190104166666667 0.5 0.013020833333333334 0.016666666666666666
1 0.3091145833333333 0.500462962962963 0.013020833333333334 0.026851851851851852
0 0.459375 0.5856481481481481 0.052083333333333336 0.1398148148148148
0 0.3109375 0.5597222222222222 0.04583333333333333 0.1398148148148148
0 0.5166666666666666 0.6300925925925926 0.103125 0.23796296296296296
0 0.65390625 0.637962962962963 0.08802083333333333 0.21296296296296297
0 0.7716145833333333 0.7055555555555556 0.13802083333333334 0.312962962962963
0 0.89296875 0.6930555555555555 0.1359375 0.2990740740740741
