1 0.6794270833333333 0.5416666666666667 0.033854166666666664 0.0462962962962963
1 0.6643229166666667 0.5416666666666667 0.03177083333333333 0.04814814814814815
1 0.5013020833333334 0.5231481481481481 0.0171875 0.031481481481481485
1 0.4890625 0.5222222222222223 0.021875 0.03518518518518519
1 0.40729166666666666 0.5342592592592593 0.026041666666666668 0.037037037037037035
1 0.38984375 0.5268518518518519 0.022395833333333334 0.037037037037037035
1 0.39869791666666665 0.5199074074074074 0.021354166666666667 0.04166666666666667
1 0.3375 0.5125000000000001 0.017708333333333333 0.026851851851851852
0 0.3359375 0.5597222222222222 0.035416666666666666 0.11388888888888889
0 0.2799479166666667 0.5657407407407408 0.059895833333333336 0.15
0 0.39817708333333335 0.6041666666666667 0.0609375 0.18611111111111112
0 0.4908854166666667 0.5995370370370371 0.059895833333333336 0.18796296296296297
0 0.66328125 0.638425925925926 0.09427083333333333 0.23425925925925928
