1 0.9424479166666666 0.4240740740740741 0.0296875 0.05555555555555556
1 0.85546875 0.437962962962963 0.03697916666666667 0.06666666666666667
1 0.8333333333333334 0.4337962962962963 0.028125 0.04722222222222222
1 0.759375 0.41435185185185186 0.02395833333333333 0.04351851851851852
1 0.7286458333333333 0.4013888888888889 0.03125 0.049074074074074076
1 0.503125 0.3842592592592593 0.02395833333333333 0.04259259259259259
0 0.28463541666666664 0.4222222222222222 0.0484375 0.16481481481481483
0 0.5078125 0.4814814814814815 0.06770833333333333 0.22592592592592595
0 0.72109375 0.5018518518518519 0.10885416666666667 0.23703703703703705
0 0.8151041666666666 0.549537037037037 0.12604166666666666 0.28055555555555556
0 0.9244791666666666 0.5430555555555556 0.14166666666666666 0.27685185185185185
