1 0.9934895833333334 0.4222222222222222 0.011979166666666666 0.0462962962962963
1 0.8598958333333333 0.4337962962962963 0.034375 0.05462962962962963
1 0.8419270833333333 0.44074074074074077 0.024479166666666666 0.04814814814814815
1 0.7393229166666666 0.40694444444444444 0.03177083333333333 0.05648148148148149
1 0.7140625 0.41620370370370374 0.03125 0.04722222222222222
1 0.6927083333333334 0.3995370370370371 0.021875 0.03981481481481482
2 0.35520833333333335 0.3907407407407408 0.027083333333333334 0.04259259259259259
1 0.43255208333333334 0.3666666666666667 0.027604166666666666 0.02962962962962963
1 0.33515625 0.3458333333333333 0.015104166666666667 0.026851851851851852
1 0.27317708333333335 0.34861111111111115 0.0140625 0.032407407407407406
0 0.2674479166666667 0.3995370370370371 0.04114583333333333 0.1287037037037037
0 0.33515625 0.40925925925925927 0.044270833333333336 0.1425925925925926
0 0.43203125 0.4342592592592593 0.057812499999999996 0.1685185185185185
0 0.3559895833333333 0.4902777777777778 0.0703125 0.24722222222222223
0 0.6895833333333333 0.48703703703703705 0.09791666666666667 0.22037037037037038
0 0.71015625 0.5263888888888889 0.1203125 0.28425925925925927
0 0.8429687499999999 0.5361111111111111 0.11302083333333333 0.2518518518518519
0 0.9572916666666667 0.5407407407407407 0.08541666666666667 0.26666666666666666
