1 0.6361979166666667 0.5453703703703704 0.022395833333333334 0.03888888888888889
1 0.6125 0.5393518518518519 0.015625 0.032407407407407406
1 0.4505208333333333 0.5185185185185185 0.020833333333333332 0.031481481481481485
1 0.23958333333333334 0.4939814814814815 0.017708333333333333 0.03981481481481482
1 0.14609375 0.4847222222222222 0.0109375 0.017592592592592594
2 0.18359375 0.48379629629629634 0.009895833333333333 0.02314814814814815
2 0.6208333333333333 0.5486111111111112 0.016666666666666666 0.03796296296296296
2 0.6536458333333334 0.5555555555555556 0.020833333333333332 0.040740740740740744
0 0.23932291666666666 0.5564814814814815 0.04739583333333333 0.1462962962962963
0 0.4458333333333333 0.587962962962963 0.05625 0.17037037037037037
0 0.609375 0.6263888888888889 0.090625 0.20462962962962963
0 0.63671875 0.6435185185185185 0.11510416666666666 0.2351851851851852
