1 0.9838541666666667 0.3768518518518519 0.03125 0.05555555555555556
1 0.71875 0.3550925925925926 0.041666666666666664 0.062037037037037036
1 0.6778645833333333 0.35555555555555557 0.028645833333333332 0.040740740740740744
1 0.5026041666666666 0.3277777777777778 0.022916666666666665 0.04259259259259259
1 0.4903645833333333 0.3189814814814815 0.0234375 0.04166666666666667
1 0.38177083333333334 0.2828703703703704 0.020833333333333332 0.032407407407407406
1 0.3528645833333333 0.3041666666666667 0.019270833333333334 0.03981481481481482
1 0.3263020833333333 0.2962962962962963 0.018229166666666668 0.03333333333333333
0 0.11770833333333333 0.2902777777777778 0.036458333333333336 0.1287037037037037
0 0.32890625 0.3875 0.07447916666666667 0.2101851851851852
0 0.38385416666666666 0.35000000000000003 0.053125 0.16481481481481483
0 0.49244791666666665 0.41805555555555557 0.08072916666666667 0.23240740740740742
0 0.6690104166666666 0.4620370370370371 0.13385416666666666 0.2796296296296296
