2 0.16197916666666667 0.3194444444444445 0.02395833333333333 0.0462962962962963
1 0.4744791666666667 0.2990740740740741 0.017708333333333333 0.037037037037037035
1 0.46171875 0.30648148148148147 0.0171875 0.031481481481481485
1 0.3692708333333333 0.28611111111111115 0.020833333333333332 0.031481481481481485
1 0.2598958333333333 0.2675925925925926 0.0125 0.02592592592592593
1 0.2359375 0.2569444444444445 0.010416666666666666 0.02314814814814815
1 0.2203125 0.2537037037037037 0.0125 0.018518518518518517
0 0.21197916666666666 0.30324074074074076 0.035416666666666666 0.1212962962962963
0 0.14921875 0.29814814814814816 0.044270833333333336 0.13148148148148148
0 0.22473958333333333 0.3106481481481482 0.0453125 0.13425925925925927
0 0.2526041666666667 0.33287037037037037 0.04791666666666666 0.1564814814814815
0 0.36796875 0.3472222222222222 0.0453125 0.1537037037037037
0 0.4591145833333333 0.3837962962962963 0.06927083333333334 0.1953703703703704
0 0.14453125 0.4342592592592593 0.1109375 0.2796296296296296
