2 0.9645833333333333 0.5236111111111111 0.02395833333333333 0.05092592592592593
2 0.9450520833333333 0.5277777777777778 0.025520833333333333 0.05
2 0.9223958333333333 0.5324074074074074 0.029166666666666667 0.05
2 0.9322916666666666 0.8958333333333334 0.06145833333333333 0.13425925925925927
2 0.7825520833333334 0.7000000000000001 0.06197916666666667 0.11851851851851852
1 0.7651041666666667 0.4953703703703704 0.029166666666666667 0.04259259259259259
1 0.8731770833333333 0.7490740740740741 0.0828125 0.15555555555555556
1 0.6075520833333333 0.4865740740740741 0.0234375 0.03425925925925926
1 0.5161458333333333 0.4865740740740741 0.022916666666666665 0.04351851851851852
1 0.49895833333333334 0.48842592592592593 0.019791666666666666 0.03796296296296296
1 0.44166666666666665 0.47453703703703703 0.010416666666666666 0.019444444444444445
1 0.43359375 0.47222222222222227 0.013020833333333334 0.02592592592592593
1 0.29401041666666666 0.4532407407407408 0.0109375 0.021296296296296296
1 0.20104166666666667 0.45046296296296295 0.010416666666666666 0.019444444444444445
0 0.2872395833333333 0.4990740740740741 0.0359375 0.11296296296296297
0 0.43255208333333334 0.5287037037037037 0.0453125 0.1425925925925926
0 0.5026041666666666 0.575925925925926 0.075 0.20925925925925926
0 0.04192708333333333 0.5375 0.044270833333333336 0.1564814814814815
0 0.6088541666666667 0.5620370370370371 0.0625 0.18333333333333335
0 0.7625 0.6083333333333334 0.10520833333333333 0.26296296296296295
0 0.92421875 0.6347222222222223 0.13802083333333334 0.26944444444444443
