1 0.5380208333333333 0.5333333333333333 0.036458333333333336 0.05925925925925926
1 0.65078125 0.5398148148148149 0.03802083333333333 0.05555555555555556
1 0.7390625 0.5018518518518519 0.035416666666666666 0.05185185185185186
0 0.11171874999999999 0.4712962962962963 0.021354166666666667 0.07592592592592592
0 0.1890625 0.4847222222222222 0.025 0.08796296296296297
0 0.734375 0.5976851851851852 0.096875 0.23981481481481481
0 0.8375 0.5916666666666667 0.09375 0.22962962962962963
0 0.8940104166666667 0.5893518518518519 0.0921875 0.21574074074074076
0 0.5348958333333333 0.700925925925926 0.13541666666666666 0.3925925925925926
0 0.6596354166666667 0.6828703703703703 0.1296875 0.3453703703703704
0 0.08645833333333333 0.48379629629629634 0.03333333333333333 0.09166666666666667
