1 0.3763020833333333 0.47361111111111115 0.0515625 0.09537037037037037
1 0.8375 0.41944444444444445 0.03854166666666667 0.05740740740740741
1 0.6973958333333333 0.39351851851851855 0.01875 0.04259259259259259
1 0.3638020833333333 0.3615740740740741 0.0171875 0.028703703703703703
1 0.309375 0.34861111111111115 0.014583333333333334 0.026851851851851852
1 0.2643229166666667 0.34490740740740744 0.01614583333333333 0.028703703703703703
0 0.3809895833333333 0.6888888888888889 0.1390625 0.5148148148148148
0 0.18645833333333334 0.3699074074074074 0.028125 0.10092592592592593
0 0.2557291666666667 0.39675925925925926 0.04479166666666667 0.1398148148148148
0 0.3098958333333333 0.40092592592592596 0.040625 0.1277777777777778
0 0.36354166666666665 0.41805555555555557 0.04791666666666666 0.14537037037037037
0 0.67109375 0.4851851851851852 0.09427083333333333 0.20925925925925926
0 0.8265625 0.5189814814814815 0.12708333333333333 0.24537037037037038
