1 0.8302083333333333 0.41064814814814815 0.034375 0.058333333333333334
1 0.7869791666666667 0.4166666666666667 0.02395833333333333 0.04259259259259259
1 0.6385416666666667 0.39675925925925926 0.02395833333333333 0.03981481481481482
1 0.6013020833333333 0.38981481481481484 0.022395833333333334 0.03888888888888889
1 0.58125 0.38657407407407407 0.025 0.032407407407407406
1 0.5041666666666667 0.37083333333333335 0.016666666666666666 0.026851851851851852
1 0.45026041666666666 0.3648148148148148 0.013020833333333334 0.022222222222222223
1 0.43463541666666666 0.36435185185185187 0.015104166666666667 0.025
1 0.19401041666666666 0.33472222222222225 0.013020833333333334 0.019444444444444445
1 0.17473958333333334 0.325 0.009895833333333333 0.016666666666666666
0 0.19505208333333332 0.37962962962962965 0.0328125 0.10925925925925926
0 0.43697916666666664 0.4273148148148148 0.05416666666666667 0.15833333333333333
0 0.50078125 0.4467592592592593 0.06302083333333333 0.18055555555555555
0 0.5830729166666666 0.48888888888888893 0.08177083333333333 0.24444444444444446
0 0.6307291666666667 0.48333333333333334 0.078125 0.2
0 0.7911458333333333 0.5194444444444445 0.12083333333333333 0.26481481481481484
