1 0.603125 0.38333333333333336 0.03229166666666666 0.037037037037037035
1 0.49192708333333335 0.3648148148148148 0.0140625 0.02592592592592593
1 0.46979166666666666 0.37083333333333335 0.016666666666666666 0.032407407407407406
1 0.41484375 0.3689814814814815 0.01614583333333333 0.02314814814814815
1 0.33619791666666665 0.35324074074074074 0.0140625 0.021296296296296296
1 0.3229166666666667 0.34953703703703703 0.014583333333333334 0.025
1 0.3028645833333333 0.34305555555555556 0.009895833333333333 0.015740740740740743
1 0.2916666666666667 0.3439814814814815 0.0125 0.021296296296296296
0 0.2934895833333333 0.39537037037037037 0.0421875 0.12222222222222223
0 0.325 0.4189814814814815 0.046875 0.16203703703703703
0 0.41302083333333334 0.4287037037037037 0.04791666666666666 0.14814814814814814
0 0.4747395833333333 0.44027777777777777 0.0609375 0.1787037037037037
0 0.5958333333333333 0.4703703703703704 0.07916666666666666 0.20185185185185187
