1 0.7526041666666666 0.40370370370370373 0.021875 0.04259259259259259
1 0.7364583333333333 0.4064814814814815 0.016666666666666666 0.03518518518518519
1 0.6583333333333333 0.41944444444444445 0.025 0.04814814814814815
1 0.36328125 0.35370370370370374 0.01614583333333333 0.02592592592592593
1 0.2916666666666667 0.3425925925925926 0.0125 0.024074074074074074
1 0.2791666666666667 0.3458333333333333 0.010416666666666666 0.02314814814814815
1 0.21770833333333334 0.33287037037037037 0.0125 0.021296296296296296
1 0.20781249999999998 0.3300925925925926 0.010416666666666666 0.021296296296296296
2 0.6864583333333333 0.41805555555555557 0.022916666666666665 0.05648148148148149
0 0.19479166666666667 0.3819444444444445 0.034375 0.1212962962962963
0 0.28203125 0.39722222222222225 0.044270833333333336 0.13703703703703704
0 0.36015625 0.4166666666666667 0.05260416666666667 0.14814814814814814
0 0.7278645833333334 0.5 0.10364583333333333 0.22592592592592595
0 0.6557291666666667 0.5453703703703704 0.11458333333333333 0.3
