1 0.46796875 0.5351851851851852 0.024479166666666666 0.03518518518518519
1 0.37526041666666665 0.5226851851851853 0.018229166666666668 0.030555555555555558
1 0.30442708333333335 0.5069444444444444 0.0171875 0.026851851851851852
1 0.2752604166666667 0.49444444444444446 0.0109375 0.022222222222222223
1 0.2682291666666667 0.4990740740740741 0.011458333333333333 0.022222222222222223
1 0.21510416666666665 0.4981481481481482 0.014583333333333334 0.018518518518518517
1 0.18411458333333333 0.49583333333333335 0.0109375 0.019444444444444445
1 0.1546875 0.48842592592592593 0.010416666666666666 0.015740740740740743
1 0.10963541666666667 0.4861111111111111 0.0109375 0.018518518518518517
0 0.26927083333333335 0.549074074074074 0.036458333333333336 0.13148148148148148
0 0.21302083333333333 0.5513888888888889 0.035416666666666666 0.1287037037037037
0 0.3052083333333333 0.5722222222222223 0.03854166666666667 0.14814814814814814
0 0.3734375 0.5902777777777778 0.04791666666666666 0.16203703703703703
0 0.4671875 0.6453703703703704 0.084375 0.2574074074074074
