1 0.8921875 0.5689814814814815 0.034375 0.058333333333333334
1 0.5830729166666666 0.5435185185185185 0.0296875 0.053703703703703705
1 0.6197916666666666 0.5324074074074074 0.02395833333333333 0.03518518518518519
1 0.5005208333333333 0.524537037037037 0.017708333333333333 0.03425925925925926
1 0.4276041666666667 0.5143518518518518 0.017708333333333333 0.028703703703703703
1 0.2109375 0.525 0.020833333333333332 0.0462962962962963
2 0.24296874999999998 0.5101851851851852 0.0140625 0.020370370370370372
1 0.15703125 0.49074074074074076 0.0109375 0.018518518518518517
1 0.16484375 0.487962962962963 0.011979166666666666 0.020370370370370372
0 0.4278645833333333 0.5796296296296296 0.04739583333333333 0.15925925925925927
0 0.5010416666666666 0.6018518518518519 0.06666666666666667 0.19074074074074074
0 0.6041666666666666 0.6268518518518519 0.078125 0.23148148148148148
0 0.578125 0.662962962962963 0.09895833333333333 0.2888888888888889
0 0.8893229166666666 0.6995370370370371 0.14114583333333333 0.3212962962962963
0 0.21276041666666667 0.6087962962962963 0.0546875 0.2064814814814815
