1 0.8848958333333333 0.3976851851851852 0.03854166666666667 0.05277777777777778
1 0.84453125 0.3856481481481482 0.0390625 0.05277777777777778
1 0.6322916666666667 0.33194444444444443 0.021875 0.03425925925925926
1 0.6046875 0.3351851851851852 0.03125 0.040740740740740744
1 0.43854166666666666 0.29814814814814816 0.020833333333333332 0.03518518518518519
1 0.4981770833333333 0.3282407407407408 0.0203125 0.04351851851851852
1 0.4830729166666667 0.32407407407407407 0.019270833333333334 0.031481481481481485
1 0.3052083333333333 0.2800925925925926 0.01875 0.026851851851851852
1 0.2947916666666667 0.28564814814814815 0.016666666666666666 0.026851851851851852
1 0.18125 0.2523148148148148 0.016666666666666666 0.02314814814814815
1 0.12682291666666667 0.24629629629629632 0.0140625 0.024074074074074074
1 0.08020833333333333 0.24027777777777778 0.014583333333333334 0.025
1 0.0453125 0.23287037037037037 0.0125 0.019444444444444445
0 0.1796875 0.30648148148148147 0.04895833333333333 0.12962962962962962
0 0.12760416666666666 0.3055555555555556 0.04375 0.1388888888888889
0 0.2934895833333333 0.3462962962962963 0.05364583333333333 0.16296296296296298
0 0.4747395833333333 0.4050925925925926 0.0796875 0.19722222222222224
0 0.4302083333333333 0.375462962962963 0.071875 0.18611111111111112
0 0.6028645833333334 0.4314814814814815 0.0953125 0.23703703703703705
0 0.8369791666666666 0.5074074074074074 0.13958333333333334 0.2925925925925926
