1 0.5661458333333333 0.5467592592592593 0.026041666666666668 0.05092592592592593
1 0.5450520833333333 0.5412037037037037 0.0203125 0.04537037037037037
1 0.6502604166666667 0.5481481481481482 0.018229166666666668 0.02962962962962963
1 0.6674479166666667 0.5462962962962963 0.019270833333333334 0.031481481481481485
1 0.7130208333333333 0.5597222222222222 0.02395833333333333 0.04722222222222222
1 0.9401041666666666 0.5736111111111112 0.030208333333333334 0.04537037037037037
1 0.8497395833333333 0.5541666666666667 0.022395833333333334 0.03425925925925926
1 0.8231770833333333 0.5546296296296297 0.024479166666666666 0.03888888888888889
1 0.32317708333333334 0.5078703703703704 0.01614583333333333 0.026851851851851852
1 0.22291666666666665 0.4898148148148148 0.009375 0.016666666666666666
1 0.10520833333333333 0.48240740740740745 0.009375 0.016666666666666666
0 0.10338541666666666 0.5259259259259259 0.0265625 0.1
0 0.22213541666666667 0.5328703703703704 0.0296875 0.10092592592592593
0 0.31927083333333334 0.5699074074074074 0.041666666666666664 0.14907407407407408
0 0.6526041666666667 0.6342592592592593 0.084375 0.20925925925925926
0 0.8138020833333334 0.6601851851851852 0.12239583333333333 0.24814814814814815
0 0.9309895833333334 0.7000000000000001 0.13802083333333334 0.29814814814814816
0 0.5471354166666667 0.6458333333333334 0.08072916666666667 0.24722222222222223
0 0.7174479166666666 0.6916666666666667 0.12552083333333333 0.312962962962963
