1 0.640625 0.5481481481481482 0.02395833333333333 0.03888888888888889
1 0.6619791666666667 0.5421296296296296 0.01875 0.03796296296296296
1 0.5447916666666667 0.5273148148148148 0.01875 0.03425925925925926
1 0.4713541666666667 0.5162037037037037 0.015625 0.028703703703703703
1 0.4578125 0.5171296296296296 0.016666666666666666 0.030555555555555558
1 0.43046875 0.5171296296296296 0.013020833333333334 0.025
1 0.4223958333333333 0.5189814814814815 0.013541666666666667 0.028703703703703703
1 0.353125 0.513425925925926 0.014583333333333334 0.032407407407407406
1 0.28619791666666666 0.5060185185185185 0.0109375 0.025
1 0.27708333333333335 0.5060185185185185 0.011458333333333333 0.026851851851851852
1 0.1890625 0.4902777777777778 0.010416666666666666 0.015740740740740743
1 0.1453125 0.48333333333333334 0.011458333333333333 0.012962962962962964
0 0.14401041666666667 0.5199074074074074 0.024479166666666666 0.08425925925925926
0 0.18619791666666666 0.5347222222222222 0.028645833333333332 0.10648148148148148
0 0.42864583333333334 0.587037037037037 0.04791666666666666 0.16111111111111112
0 0.4552083333333333 0.5902777777777778 0.06354166666666666 0.17314814814814816
0 0.5393229166666667 0.6111111111111112 0.06614583333333333 0.19074074074074074
0 0.6403645833333333 0.6166666666666667 0.09739583333333333 0.24814814814814815
0 0.2752604166666667 0.5703703703703704 0.04114583333333333 0.1574074074074074
0 0.3515625 0.5875 0.05520833333333333 0.18055555555555555
