1 0.75625 0.5518518518518519 0.028125 0.044444444444444446
1 0.6700520833333333 0.5430555555555556 0.025520833333333333 0.04537037037037037
1 0.5559895833333334 0.525 0.0171875 0.031481481481481485
1 0.5411458333333333 0.5273148148148148 0.016666666666666666 0.028703703703703703
1 0.44765625 0.5324074074074074 0.018229166666666668 0.03333333333333333
1 0.31484375 0.524537037037037 0.0171875 0.03425925925925926
1 0.2747395833333333 0.4990740740740741 0.013020833333333334 0.024074074074074074
1 0.24713541666666666 0.4939814814814815 0.009895833333333333 0.019444444444444445
1 0.18151041666666667 0.4916666666666667 0.0109375 0.020370370370370372
1 0.16875 0.48935185185185187 0.011458333333333333 0.015740740740740743
1 0.2046875 0.49212962962962964 0.009375 0.01388888888888889
1 0.1375 0.4842592592592593 0.008333333333333333 0.012962962962962964
1 0.09036458333333333 0.48194444444444445 0.009895833333333333 0.015740740740740743
0 0.20286458333333332 0.5324074074074074 0.0296875 0.09814814814814815
0 0.16901041666666666 0.5300925925925926 0.025520833333333333 0.10277777777777779
0 0.24557291666666667 0.5407407407407407 0.03177083333333333 0.10925925925925926
0 0.178125 0.5305555555555556 0.029166666666666667 0.13148148148148148
0 0.5403645833333334 0.5995370370370371 0.0640625 0.17685185185185187
0 0.6643229166666667 0.6310185185185185 0.0921875 0.2175925925925926
0 0.08828125 0.5171296296296296 0.0234375 0.08425925925925926
0 0.13802083333333334 0.5212962962962964 0.027083333333333334 0.08888888888888889
0 0.3171875 0.6037037037037037 0.06979166666666667 0.18888888888888888
0 0.45078124999999997 0.6240740740740741 0.07760416666666667 0.21481481481481482
0 0.7526041666666666 0.6611111111111111 0.109375 0.26296296296296295
