1 0.9455729166666667 0.3962962962962963 0.030729166666666665 0.05925925925925926
1 0.5002604166666667 0.3226851851851852 0.024479166666666666 0.03425925925925926
1 0.42552083333333335 0.2962962962962963 0.0125 0.024074074074074074
1 0.41770833333333335 0.29814814814814816 0.013541666666666667 0.02962962962962963
1 0.4036458333333333 0.2967592592592593 0.014583333333333334 0.028703703703703703
1 0.28854166666666664 0.27870370370370373 0.0125 0.022222222222222223
1 0.15130208333333334 0.26435185185185184 0.0109375 0.021296296296296296
1 0.14322916666666666 0.25416666666666665 0.0125 0.021296296296296296
0 0.2895833333333333 0.3189814814814815 0.071875 0.15833333333333333
0 0.41015625 0.3675925925925926 0.05572916666666666 0.17222222222222222
0 0.4934895833333333 0.4101851851851852 0.07864583333333333 0.2111111111111111
0 0.9244791666666666 0.5143518518518518 0.15104166666666666 0.28425925925925927
