1 0.9010416666666666 0.4398148148148148 0.04375 0.08333333333333334
1 0.8731770833333333 0.4175925925925926 0.0328125 0.05
1 0.8854166666666666 0.3763888888888889 0.029166666666666667 0.04166666666666667
1 0.41770833333333335 0.2939814814814815 0.015625 0.03425925925925926
1 0.4341145833333333 0.30324074074074076 0.015104166666666667 0.030555555555555558
2 0.44765625 0.2972222222222222 0.019270833333333334 0.03518518518518519
1 0.2622395833333333 0.275 0.0171875 0.031481481481481485
0 0.41171874999999997 0.36388888888888893 0.0546875 0.1685185185185185
0 0.2609375 0.35000000000000003 0.05625 0.1851851851851852
0 0.43385416666666665 0.3726851851851852 0.07083333333333333 0.1953703703703704
0 0.87578125 0.5055555555555555 0.1546875 0.3037037037037037
0 0.8981770833333333 0.6356481481481482 0.20364583333333333 0.487962962962963
