1 0.7682291666666666 0.35185185185185186 0.028125 0.044444444444444446
1 0.6401041666666667 0.3375 0.02395833333333333 0.049074074074074076
1 0.6213541666666667 0.33981481481481485 0.017708333333333333 0.037037037037037035
1 0.6145833333333334 0.33240740740740743 0.014583333333333334 0.03518518518518519
1 0.44114583333333335 0.3101851851851852 0.021875 0.037037037037037035
1 0.42994791666666665 0.2953703703703704 0.01614583333333333 0.031481481481481485
1 0.39401041666666664 0.2828703703703704 0.0140625 0.028703703703703703
1 0.06692708333333333 0.23425925925925928 0.011979166666666666 0.018518518518518517
0 0.42578125 0.37453703703703706 0.058854166666666666 0.18611111111111112
0 0.38125 0.35000000000000003 0.05416666666666667 0.16666666666666669
0 0.43203125 0.40601851851851856 0.07760416666666667 0.22685185185185186
0 0.6140625 0.41944444444444445 0.08854166666666667 0.21851851851851853
0 0.7651041666666667 0.4518518518518519 0.11666666666666667 0.24814814814814815
0 0.6356770833333333 0.4712962962962963 0.12239583333333333 0.3111111111111111
