1 0.7848958333333333 0.41111111111111115 0.022916666666666665 0.040740740740740744
1 0.7666666666666666 0.4222222222222222 0.01875 0.044444444444444446
1 0.4557291666666667 0.3703703703703704 0.015625 0.03518518518518519
1 0.32760416666666664 0.3476851851851852 0.014583333333333334 0.028703703703703703
1 0.31536458333333334 0.350462962962963 0.011979166666666666 0.021296296296296296
1 0.23828125 0.3375 0.0109375 0.019444444444444445
1 0.228125 0.33796296296296297 0.0125 0.022222222222222223
0 0.22916666666666666 0.38842592592592595 0.036458333333333336 0.11944444444444445
0 0.31640625 0.40694444444444444 0.04114583333333333 0.14166666666666666
0 0.4479166666666667 0.44351851851851853 0.05416666666666667 0.1685185185185185
0 0.7609375 0.513425925925926 0.11041666666666666 0.2490740740740741
