2 0.15520833333333334 0.4986111111111111 0.013541666666666667 0.021296296296296296
1 0.3984375 0.5796296296296296 0.03125 0.053703703703703705
1 0.4552083333333333 0.5180555555555556 0.017708333333333333 0.028703703703703703
1 0.47578125 0.5291666666666667 0.0203125 0.03796296296296296
1 0.5861979166666667 0.5361111111111111 0.019270833333333334 0.03518518518518519
1 0.6190104166666667 0.5453703703703704 0.022395833333333334 0.03333333333333333
1 0.8296875 0.5560185185185186 0.027083333333333334 0.03425925925925926
1 0.9520833333333333 0.6046296296296296 0.03333333333333333 0.06666666666666667
1 0.9841145833333333 0.6087962962962963 0.030729166666666665 0.09907407407407408
0 0.40598958333333335 0.7398148148148148 0.11822916666666666 0.37962962962962965
0 0.15677083333333333 0.5555555555555556 0.04583333333333333 0.1388888888888889
0 0.471875 0.6185185185185186 0.06770833333333333 0.2111111111111111
0 0.5854166666666667 0.6106481481481482 0.0625 0.1787037037037037
0 0.6151041666666667 0.6398148148148148 0.07708333333333334 0.2240740740740741
0 0.8143229166666667 0.6560185185185186 0.11822916666666666 0.24351851851851852
0 0.9270833333333334 0.7615740740740741 0.14583333333333334 0.39351851851851855
