1 0.4635416666666667 0.46574074074074073 0.013541666666666667 0.022222222222222223
1 0.45208333333333334 0.46620370370370373 0.013541666666666667 0.02314814814814815
1 0.34713541666666664 0.46296296296296297 0.0109375 0.02777777777777778
1 0.3385416666666667 0.4625 0.0125 0.026851851851851852
1 0.27578125 0.45462962962962966 0.0078125 0.014814814814814815
1 0.21484375 0.4527777777777778 0.009895833333333333 0.016666666666666666
0 0.4510416666666667 0.5287037037037037 0.051041666666666666 0.15185185185185185
0 0.33567708333333335 0.5208333333333334 0.04739583333333333 0.14166666666666666
0 0.8348958333333333 0.5902777777777778 0.09270833333333334 0.22314814814814815
0 0.8893229166666666 0.5893518518518519 0.09635416666666667 0.21944444444444444
