1 0.75859375 0.5986111111111111 0.06197916666666667 0.09166666666666667
1 0.3263020833333333 0.4675925925925926 0.013020833333333334 0.020370370370370372
1 0.31484375 0.47453703703703703 0.011979166666666666 0.02314814814814815
1 0.2518229166666667 0.45972222222222225 0.0140625 0.021296296296296296
1 0.23958333333333334 0.4689814814814815 0.011458333333333333 0.026851851851851852
2 0.22135416666666666 0.46064814814814814 0.014583333333333334 0.025
1 0.0049479166666666664 0.48564814814814816 0.009895833333333333 0.03425925925925926
1 0.13072916666666667 0.4532407407407408 0.010416666666666666 0.019444444444444445
1 0.09296875 0.4486111111111111 0.008854166666666666 0.015740740740740743
0 0.21822916666666667 0.5175925925925926 0.0375 0.13333333333333333
0 0.12994791666666666 0.5037037037037038 0.034895833333333334 0.12407407407407407
0 0.315625 0.5291666666666667 0.04479166666666667 0.14537037037037037
0 0.2421875 0.5277777777777778 0.05 0.16111111111111112
0 0.7471354166666666 0.7782407407407408 0.2140625 0.44351851851851853
