2 0.56171875 0.48703703703703705 0.019270833333333334 0.02962962962962963
1 0.18567708333333333 0.4861111111111111 0.0203125 0.02777777777777778
1 0.159375 0.4518518518518519 0.009375 0.014814814814814815
1 0.08489583333333334 0.4476851851851852 0.011458333333333333 0.025
1 0.10052083333333334 0.4476851851851852 0.008333333333333333 0.01388888888888889
1 0.04921875 0.4439814814814815 0.008854166666666666 0.01388888888888889
1 0.078125 0.45092592592592595 0.009375 0.012962962962962964
1 0.024479166666666666 0.4398148148148148 0.010416666666666666 0.012962962962962964
0 0.56328125 0.563425925925926 0.058854166666666666 0.17685185185185187
0 0.18411458333333333 0.5671296296296297 0.058854166666666666 0.19351851851851853
