1 0.9802083333333333 0.5652777777777778 0.022916666666666665 0.04537037037037037
1 0.76484375 0.5611111111111111 0.0265625 0.03518518518518519
1 0.6638020833333333 0.5388888888888889 0.0203125 0.044444444444444446
1 0.64296875 0.5402777777777777 0.0171875 0.03981481481481482
1 0.32395833333333335 0.5157407407407407 0.014583333333333334 0.024074074074074074
1 0.30026041666666664 0.5023148148148149 0.0109375 0.02314814814814815
1 0.20052083333333334 0.4902777777777778 0.0125 0.017592592592592594
1 0.20963541666666666 0.49212962962962964 0.009895833333333333 0.021296296296296296
0 0.19739583333333333 0.5458333333333334 0.041666666666666664 0.1287037037037037
0 0.2994791666666667 0.5532407407407408 0.0375 0.1212962962962963
0 0.32760416666666664 0.5842592592592593 0.051041666666666666 0.16481481481481483
0 0.64140625 0.6328703703703704 0.08802083333333333 0.225
0 0.7598958333333333 0.6726851851851852 0.11770833333333333 0.2601851851851852
0 0.95078125 0.6652777777777779 0.0984375 0.22870370370370371
