1 0.7518229166666667 0.5773148148148148 0.033854166666666664 0.0638888888888889
1 0.6950520833333333 0.5930555555555556 0.04010416666666666 0.058333333333333334
1 0.6122395833333333 0.5425925925925926 0.022395833333333334 0.02962962962962963
1 0.4825520833333333 0.524537037037037 0.019270833333333334 0.028703703703703703
2 0.39427083333333335 0.5439814814814815 0.016666666666666666 0.028703703703703703
2 0.37890625 0.5282407407407408 0.0140625 0.030555555555555558
1 0.17291666666666666 0.48935185185185187 0.011458333333333333 0.015740740740740743
1 0.15807291666666667 0.48564814814814816 0.0067708333333333336 0.012037037037037037
1 0.12578125 0.4810185185185185 0.005729166666666666 0.012037037037037037
1 0.12057291666666667 0.4814814814814815 0.0067708333333333336 0.009259259259259259
0 0.3770833333333333 0.6129629629629629 0.06354166666666666 0.20185185185185187
0 0.48072916666666665 0.6027777777777777 0.06041666666666667 0.1851851851851852
0 0.6072916666666667 0.6342592592592593 0.075 0.22037037037037038
0 0.68125 0.7662037037037037 0.16875 0.40092592592592596
0 0.7557291666666667 0.7194444444444444 0.14270833333333333 0.3425925925925926
