1 0.9466145833333334 0.5736111111111112 0.024479166666666666 0.03796296296296296
1 0.6903645833333333 0.5351851851851852 0.0203125 0.03518518518518519
2 0.6723958333333333 0.5625 0.011458333333333333 0.030555555555555558
1 0.6604166666666667 0.5402777777777777 0.014583333333333334 0.026851851851851852
1 0.5739583333333333 0.5351851851851852 0.020833333333333332 0.03333333333333333
1 0.22083333333333333 0.5259259259259259 0.015625 0.031481481481481485
2 0.21067708333333332 0.5324074074074074 0.009895833333333333 0.024074074074074074
1 0.22343749999999998 0.5555555555555556 0.014583333333333334 0.02777777777777778
1 0.28619791666666666 0.5069444444444444 0.011979166666666666 0.021296296296296296
1 0.2794270833333333 0.5046296296296297 0.0109375 0.020370370370370372
1 0.25807291666666665 0.4990740740740741 0.0109375 0.016666666666666666
0 0.275 0.5597222222222222 0.04791666666666666 0.13796296296296298
0 0.57109375 0.6296296296296297 0.08177083333333333 0.22222222222222224
0 0.6627604166666666 0.6300925925925926 0.0921875 0.22870370370370371
0 0.9291666666666667 0.688425925925926 0.14166666666666666 0.27314814814814814
0 0.22083333333333333 0.6134259259259259 0.059375 0.2064814814814815
