1 0.9645833333333333 0.8597222222222223 0.06979166666666667 0.1638888888888889
2 0.8919270833333334 0.8652777777777778 0.07864583333333333 0.1564814814814815
1 0.6348958333333333 0.5375 0.01875 0.032407407407407406
1 0.78203125 0.5458333333333334 0.0203125 0.036111111111111115
2 0.4713541666666667 0.5268518518518519 0.013541666666666667 0.02962962962962963
1 0.5096354166666667 0.525462962962963 0.0171875 0.030555555555555558
1 0.49583333333333335 0.5300925925925926 0.015625 0.030555555555555558
1 0.14817708333333332 0.48750000000000004 0.0078125 0.01388888888888889
2 0.4 0.5157407407407407 0.017708333333333333 0.02962962962962963
1 0.365625 0.5078703703703704 0.0125 0.02314814814814815
1 0.35885416666666664 0.5106481481481482 0.011458333333333333 0.021296296296296296
1 0.30703125 0.5055555555555555 0.0109375 0.022222222222222223
0 0.35651041666666666 0.5731481481481482 0.04739583333333333 0.1537037037037037
0 0.4041666666666667 0.5912037037037037 0.06145833333333333 0.1787037037037037
0 0.4744791666666667 0.6092592592592593 0.07083333333333333 0.1925925925925926
0 0.4981770833333333 0.5958333333333333 0.05260416666666667 0.17314814814814816
0 0.63046875 0.6273148148148149 0.08072916666666667 0.2138888888888889
