1 0.8916666666666666 0.5509259259259259 0.021875 0.03888888888888889
2 0.8661458333333333 0.5592592592592592 0.020833333333333332 0.040740740740740744
1 0.8200520833333333 0.5773148148148148 0.034895833333333334 0.04722222222222222
1 0.4283854166666667 0.5166666666666667 0.015104166666666667 0.02777777777777778
1 0.41119791666666666 0.5171296296296296 0.015104166666666667 0.02314814814814815
1 0.31171875 0.5115740740740741 0.015104166666666667 0.019444444444444445
1 0.17916666666666667 0.4898148148148148 0.009375 0.011111111111111112
1 0.21067708333333332 0.4930555555555556 0.013020833333333334 0.02314814814814815
1 0.16302083333333334 0.4865740740740741 0.011458333333333333 0.015740740740740743
2 0.09296875 0.4810185185185185 0.009895833333333333 0.01388888888888889
1 0.08567708333333333 0.4791666666666667 0.0078125 0.01388888888888889
0 0.31666666666666665 0.5773148148148148 0.051041666666666666 0.15462962962962964
0 0.4122395833333333 0.5791666666666667 0.0546875 0.1527777777777778
0 0.86484375 0.6675925925925926 0.12760416666666666 0.27222222222222225
0 0.8263020833333333 0.700462962962963 0.13489583333333333 0.2990740740740741
