1 0.7911458333333333 0.4134259259259259 0.025 0.036111111111111115
1 0.56015625 0.3837962962962963 0.015104166666666667 0.030555555555555558
1 0.5440104166666666 0.3805555555555556 0.01614583333333333 0.02962962962962963
1 0.4518229166666667 0.375462962962963 0.018229166666666668 0.025
1 0.41041666666666665 0.3680555555555556 0.017708333333333333 0.025
1 0.40234375 0.3685185185185185 0.013020833333333334 0.022222222222222223
1 0.34713541666666664 0.3597222222222222 0.011979166666666666 0.015740740740740743
1 0.39166666666666666 0.35694444444444445 0.013541666666666667 0.017592592592592594
1 0.3130208333333333 0.3490740740740741 0.0125 0.018518518518518517
1 0.2872395833333333 0.350462962962963 0.0078125 0.02314814814814815
1 0.2947916666666667 0.34351851851851856 0.009375 0.016666666666666666
0 0.28541666666666665 0.40740740740740744 0.04375 0.13518518518518519
0 0.39921875 0.4287037037037037 0.0484375 0.14444444444444446
0 0.3455729166666667 0.42685185185185187 0.057812499999999996 0.16111111111111112
0 0.5432291666666667 0.4625 0.078125 0.19351851851851853
0 0.45625 0.4652777777777778 0.06979166666666667 0.2101851851851852
0 0.7783854166666666 0.5152777777777778 0.11510416666666666 0.24537037037037038
