1 0.47734375 0.3736111111111111 0.018229166666666668 0.025
1 0.36953125 0.35833333333333334 0.011979166666666666 0.022222222222222223
1 0.35885416666666664 0.35694444444444445 0.011458333333333333 0.017592592592592594
1 0.19088541666666667 0.337037037037037 0.0109375 0.016666666666666666
1 0.2125 0.3351851851851852 0.008333333333333333 0.016666666666666666
1 0.2265625 0.3351851851851852 0.008333333333333333 0.012962962962962964
1 0.253125 0.34814814814814815 0.011458333333333333 0.020370370370370372
1 0.2682291666666667 0.3462962962962963 0.0125 0.022222222222222223
0 0.19010416666666666 0.38796296296296295 0.0375 0.12222222222222223
0 0.36302083333333335 0.41712962962962963 0.05 0.14166666666666666
0 0.27109375 0.40740740740740744 0.043229166666666666 0.1462962962962963
0 0.47265625 0.44027777777777777 0.059895833333333336 0.1638888888888889
