1 0.6145833333333334 0.5143518518518518 0.0375 0.09351851851851853
1 0.49609375 0.3768518518518519 0.015104166666666667 0.02962962962962963
1 0.32135416666666666 0.3527777777777778 0.013541666666666667 0.022222222222222223
1 0.29140625 0.34861111111111115 0.013020833333333334 0.025
1 0.23229166666666667 0.3365740740740741 0.010416666666666666 0.017592592592592594
1 0.22682291666666665 0.33425925925925926 0.009895833333333333 0.016666666666666666
1 0.19322916666666667 0.33472222222222225 0.011458333333333333 0.015740740740740743
0 0.22630208333333332 0.38657407407407407 0.04010416666666666 0.125
0 0.2890625 0.39814814814814814 0.03229166666666666 0.12592592592592594
0 0.3203125 0.412962962962963 0.040625 0.1462962962962963
0 0.4940104166666667 0.45925925925925926 0.06197916666666667 0.19444444444444445
0 0.6169270833333333 0.7356481481481482 0.1921875 0.5287037037037037
