1 0.5807291666666666 0.412962962962963 0.025 0.06296296296296297
1 0.5721354166666667 0.40370370370370373 0.0203125 0.044444444444444446
1 0.2598958333333333 0.3763888888888889 0.015625 0.03796296296296296
2 0.24401041666666667 0.3736111111111111 0.0171875 0.030555555555555558
1 0.11562499999999999 0.34351851851851856 0.013541666666666667 0.020370370370370372
2 0.04010416666666666 0.4444444444444445 0.029166666666666667 0.05555555555555556
0 0.1171875 0.40555555555555556 0.040625 0.15
0 0.26067708333333334 0.46851851851851856 0.0640625 0.23148148148148148
0 0.590625 0.5574074074074075 0.13229166666666667 0.3592592592592593
0 0.08151041666666667 0.5967592592592593 0.16302083333333334 0.35833333333333334
