1 0.12421875 0.5069444444444444 0.0140625 0.025
1 0.16197916666666667 0.48888888888888893 0.008333333333333333 0.012962962962962964
1 0.15703125 0.48935185185185187 0.0067708333333333336 0.01388888888888889
1 0.17786458333333333 0.48703703703703705 0.0067708333333333336 0.011111111111111112
2 0.1828125 0.487962962962963 0.008333333333333333 0.014814814814814815
1 0.20677083333333332 0.4935185185185185 0.011458333333333333 0.016666666666666666
1 0.33203125 0.513425925925926 0.01614583333333333 0.028703703703703703
1 0.35 0.5078703703703704 0.016666666666666666 0.026851851851851852
1 0.5239583333333333 0.5361111111111111 0.019791666666666666 0.02592592592592593
1 0.5453125 0.5310185185185186 0.020833333333333332 0.028703703703703703
0 0.20781249999999998 0.5430555555555556 0.030208333333333334 0.11944444444444445
0 0.35104166666666664 0.5745370370370371 0.04479166666666667 0.1527777777777778
0 0.5268229166666667 0.6171296296296297 0.08072916666666667 0.20462962962962963
0 0.32838541666666665 0.5842592592592593 0.05677083333333333 0.16666666666666669
0 0.12682291666666667 0.5611111111111111 0.0359375 0.13518518518518519
