1 0.06510416666666667 0.2574074074074074 0.017708333333333333 0.037037037037037035
1 0.08229166666666667 0.2388888888888889 0.009375 0.018518518518518517
1 0.23385416666666667 0.26481481481481484 0.014583333333333334 0.022222222222222223
1 0.7515625 0.3726851851851852 0.01875 0.03981481481481482
1 0.7791666666666667 0.37592592592592594 0.022916666666666665 0.044444444444444446
1 0.9367187499999999 0.4 0.0359375 0.053703703703703705
1 0.9802083333333333 0.39537037037037037 0.030208333333333334 0.053703703703703705
0 0.2328125 0.3314814814814815 0.053125 0.1537037037037037
0 0.7338541666666667 0.48194444444444445 0.121875 0.25092592592592594
0 0.9153645833333334 0.5439814814814815 0.16927083333333334 0.3509259259259259
0 0.3559895833333333 0.3388888888888889 0.05260416666666667 0.1537037037037037
0 0.06875 0.3476851851851852 0.05520833333333333 0.21944444444444444
