1 0.9 0.3976851851851852 0.03229166666666666 0.05092592592592593
1 0.8729166666666667 0.40231481481481485 0.03125 0.0638888888888889
1 0.5401041666666666 0.31851851851851853 0.017708333333333333 0.03518518518518519
1 0.36354166666666665 0.3138888888888889 0.020833333333333332 0.031481481481481485
1 0.14661458333333333 0.24583333333333335 0.009895833333333333 0.019444444444444445
1 0.13697916666666665 0.25462962962962965 0.014583333333333334 0.022222222222222223
1 0.16041666666666665 0.25833333333333336 0.010416666666666666 0.020370370370370372
1 0.16979166666666667 0.2587962962962963 0.0125 0.02314814814814815
0 0.13776041666666666 0.3055555555555556 0.044270833333333336 0.14074074074074075
0 0.35052083333333334 0.3597222222222222 0.06354166666666666 0.1675925925925926
0 0.53125 0.41435185185185186 0.08854166666666667 0.22870370370370371
0 0.3580729166666667 0.4046296296296297 0.07760416666666667 0.2240740740740741
0 0.85390625 0.5476851851851852 0.1984375 0.35833333333333334
0 0.35520833333333335 0.33981481481481485 0.052083333333333336 0.1537037037037037
