1 0.5255208333333333 0.4703703703703704 0.016666666666666666 0.020370370370370372
1 0.49244791666666665 0.4675925925925926 0.015104166666666667 0.024074074074074074
1 0.4380208333333333 0.4861111111111111 0.013541666666666667 0.02777777777777778
1 0.3971354166666667 0.4666666666666667 0.013020833333333334 0.022222222222222223
1 0.42291666666666666 0.4814814814814815 0.016666666666666666 0.02777777777777778
1 0.26276041666666666 0.45092592592592595 0.0078125 0.012962962962962964
0 0.39765625 0.5342592592592593 0.04739583333333333 0.1574074074074074
0 0.49140625 0.5425925925925926 0.06302083333333333 0.17777777777777778
0 0.42473958333333334 0.5606481481481481 0.058854166666666666 0.18796296296296297
0 0.5236979166666667 0.5416666666666667 0.058854166666666666 0.16666666666666669
