1 0.84140625 0.5699074074074074 0.0359375 0.058333333333333334
1 0.6375 0.5375 0.020833333333333332 0.04166666666666667
1 0.540625 0.5537037037037037 0.01875 0.03888888888888889
1 0.5255208333333333 0.5449074074074074 0.01875 0.032407407407407406
1 0.5651041666666666 0.5333333333333333 0.017708333333333333 0.022222222222222223
1 0.3578125 0.6476851851851853 0.046875 0.09351851851851853
1 0.22265625 0.500925925925926 0.013020833333333334 0.020370370370370372
1 0.13385416666666666 0.513425925925926 0.011458333333333333 0.028703703703703703
0 0.5286458333333334 0.6523148148148148 0.08854166666666667 0.24537037037037038
0 0.6346354166666667 0.6490740740740741 0.1046875 0.26481481481481484
0 0.8393229166666667 0.7041666666666667 0.15989583333333332 0.3194444444444445
0 0.3578125 0.8041666666666667 0.13125 0.39166666666666666
0 0.1375 0.5777777777777778 0.042708333333333334 0.16111111111111112
0 0.57265625 0.6074074074074074 0.05364583333333333 0.1814814814814815
