1 0.9203125 0.3902777777777778 0.028125 0.058333333333333334
1 0.8783854166666667 0.3824074074074074 0.028645833333333332 0.044444444444444446
1 0.42135416666666664 0.31851851851851853 0.021875 0.04814814814814815
1 0.525 0.3189814814814815 0.016666666666666666 0.03425925925925926
1 0.515625 0.32175925925925924 0.017708333333333333 0.032407407407407406
1 0.334375 0.2884259259259259 0.01875 0.028703703703703703
1 0.32135416666666666 0.28194444444444444 0.017708333333333333 0.02314814814814815
1 0.21640625 0.2791666666666667 0.01614583333333333 0.036111111111111115
1 0.21015625 0.2796296296296296 0.0171875 0.031481481481481485
0 0.4231770833333333 0.4412037037037037 0.09427083333333333 0.2916666666666667
0 0.21848958333333332 0.3689814814814815 0.06510416666666667 0.21574074074074076
0 0.32135416666666666 0.34444444444444444 0.05520833333333333 0.15
0 0.39166666666666666 0.3740740740740741 0.06875 0.19074074074074074
0 0.5088541666666666 0.40555555555555556 0.075 0.2111111111111111
0 0.8674479166666667 0.513888888888889 0.14635416666666667 0.3055555555555556
