1 0.8161458333333333 0.4 0.036458333333333336 0.06666666666666667
1 0.7723958333333333 0.3990740740740741 0.04479166666666667 0.06851851851851852
1 0.42890625 0.33055555555555555 0.022395833333333334 0.053703703703703705
1 0.4171875 0.3282407407407408 0.01875 0.04537037037037037
1 0.5143229166666666 0.3138888888888889 0.0140625 0.037037037037037035
1 0.4979166666666667 0.3087962962962963 0.015625 0.028703703703703703
1 0.26328125 0.2662037037037037 0.011979166666666666 0.021296296296296296
1 0.17994791666666665 0.2564814814814815 0.0171875 0.02962962962962963
1 0.14739583333333334 0.250462962962963 0.0125 0.021296296296296296
1 0.1375 0.24629629629629632 0.010416666666666666 0.020370370370370372
0 0.8229166666666666 0.6023148148148149 0.19270833333333334 0.4675925925925926
0 0.43307291666666664 0.4532407407407408 0.09635416666666667 0.3027777777777778
0 0.17760416666666667 0.3106481481481482 0.041666666666666664 0.14166666666666666
0 0.2596354166666667 0.3263888888888889 0.04010416666666666 0.14166666666666666
0 0.4953125 0.39490740740740743 0.06875 0.1953703703703704
