1 0.3260416666666667 0.42083333333333334 0.02395833333333333 0.04166666666666667
1 0.15755208333333334 0.36064814814814816 0.0171875 0.03425925925925926
1 0.20807291666666666 0.33611111111111114 0.013020833333333334 0.024074074074074074
1 0.30234375 0.35879629629629634 0.0140625 0.02314814814814815
1 0.38229166666666664 0.3597222222222222 0.013541666666666667 0.021296296296296296
1 0.4205729166666667 0.36064814814814816 0.015104166666666667 0.025
1 0.484375 0.3736111111111111 0.015625 0.03425925925925926
1 0.6223958333333334 0.3912037037037037 0.019791666666666666 0.030555555555555558
0 0.48125 0.42824074074074076 0.051041666666666666 0.14166666666666666
0 0.20729166666666665 0.3888888888888889 0.03854166666666667 0.1277777777777778
0 0.2986979166666667 0.40370370370370373 0.0421875 0.1388888888888889
0 0.37994791666666666 0.41944444444444445 0.049479166666666664 0.14074074074074075
0 0.4236979166666667 0.4342592592592593 0.05572916666666666 0.17037037037037037
0 0.4822916666666667 0.4675925925925926 0.06979166666666667 0.21666666666666667
0 0.62109375 0.48379629629629634 0.08802083333333333 0.21944444444444444
0 0.32916666666666666 0.5430555555555556 0.08645833333333333 0.30648148148148147
0 0.16223958333333333 0.43333333333333335 0.050520833333333334 0.1814814814814815
