1 0.65078125 0.5518518518518519 0.030729166666666665 0.06296296296296297
1 0.2669270833333333 0.46342592592592596 0.009895833333333333 0.019444444444444445
1 0.26171875 0.46111111111111114 0.009895833333333333 0.016666666666666666
1 0.2760416666666667 0.4638888888888889 0.009375 0.014814814814814815
1 0.20130208333333333 0.4569444444444445 0.0140625 0.02314814814814815
1 0.19036458333333334 0.4587962962962963 0.0078125 0.015740740740740743
1 0.18489583333333334 0.45787037037037037 0.008333333333333333 0.015740740740740743
1 0.15442708333333333 0.4527777777777778 0.009895833333333333 0.014814814814814815
0 0.20182291666666666 0.5166666666666667 0.0421875 0.1425925925925926
0 0.26510416666666664 0.5217592592592593 0.04583333333333333 0.1398148148148148
0 0.6677083333333333 0.7175925925925927 0.134375 0.3888888888888889
