2 0.8809895833333333 0.4041666666666667 0.0234375 0.04722222222222222
2 0.85625 0.3824074074074074 0.022916666666666665 0.04814814814814815
2 0.7109375 0.3615740740740741 0.017708333333333333 0.03425925925925926
1 0.69140625 0.33935185185185185 0.025520833333333333 0.03796296296296296
2 0.53828125 0.33287037037037037 0.01614583333333333 0.028703703703703703
1 0.5286458333333334 0.33055555555555555 0.021875 0.03333333333333333
1 0.4145833333333333 0.3027777777777778 0.015625 0.02777777777777778
1 0.33307291666666666 0.2763888888888889 0.015104166666666667 0.019444444444444445
1 0.2921875 0.2898148148148148 0.0125 0.02592592592592593
2 0.3091145833333333 0.29583333333333334 0.0140625 0.019444444444444445
1 0.22421875 0.26944444444444443 0.015104166666666667 0.02592592592592593
1 0.21588541666666666 0.2564814814814815 0.0109375 0.020370370370370372
0 0.22161458333333334 0.33287037037037037 0.0546875 0.1527777777777778
0 0.33307291666666666 0.3421296296296296 0.04635416666666667 0.14907407407407408
0 0.29401041666666666 0.35694444444444445 0.057812499999999996 0.1638888888888889
0 0.40911458333333334 0.37222222222222223 0.06302083333333333 0.17962962962962964
0 0.5255208333333333 0.42685185185185187 0.08333333333333333 0.22777777777777777
0 0.6888020833333334 0.44027777777777777 0.10677083333333333 0.24166666666666667
0 0.8450520833333334 0.5069444444444444 0.15364583333333334 0.2990740740740741
