1 0.6122395833333333 0.33055555555555555 0.021354166666666667 0.03518518518518519
2 0.42473958333333334 0.31342592592592594 0.01614583333333333 0.026851851851851852
2 0.41354166666666664 0.3013888888888889 0.013541666666666667 0.02314814814814815
2 0.28046875 0.2796296296296296 0.0140625 0.024074074074074074
1 0.2 0.26342592592592595 0.010416666666666666 0.026851851851851852
0 0.19583333333333333 0.3138888888888889 0.03958333333333333 0.13148148148148148
0 0.2794270833333333 0.3453703703703704 0.0484375 0.1574074074074074
0 0.40572916666666664 0.36064814814814816 0.0625 0.17314814814814816
0 0.409375 0.3814814814814815 0.06979166666666667 0.1962962962962963
0 0.6075520833333333 0.425 0.0953125 0.22222222222222224
