2 0.88359375 0.45046296296296295 0.021354166666666667 0.04166666666666667
2 0.8528645833333334 0.46620370370370373 0.0234375 0.03981481481481482
1 0.7895833333333333 0.4601851851851852 0.025 0.04814814814814815
1 0.7015625 0.42083333333333334 0.017708333333333333 0.03425925925925926
1 0.49140625 0.4 0.025520833333333333 0.040740740740740744
1 0.4809895833333333 0.41481481481481486 0.0171875 0.03333333333333333
1 0.33307291666666666 0.3773148148148148 0.013020833333333334 0.019444444444444445
1 0.2869791666666667 0.3652777777777778 0.0125 0.02314814814814815
1 0.23645833333333333 0.3611111111111111 0.011458333333333333 0.020370370370370372
0 0.23828125 0.40972222222222227 0.03697916666666667 0.12314814814814816
0 0.28671875 0.4217592592592593 0.03802083333333333 0.13611111111111113
0 0.33203125 0.4398148148148148 0.04739583333333333 0.1574074074074074
0 0.4796875 0.49259259259259264 0.06458333333333333 0.20370370370370372
0 0.4731770833333333 0.5041666666666667 0.09010416666666667 0.2490740740740741
0 0.7734375 0.5893518518518519 0.140625 0.30833333333333335
0 0.8567708333333334 0.576388888888889 0.121875 0.2935185185185185
0 0.6997395833333333 0.49768518518518523 0.0984375 0.18796296296296297
