1 0.7252604166666666 0.44583333333333336 0.030729166666666665 0.04351851851851852
1 0.6921875 0.45462962962962966 0.027083333333333334 0.05
1 0.6986979166666667 0.4217592592592593 0.01614583333333333 0.032407407407407406
2 0.47734375 0.38796296296296295 0.0140625 0.02777777777777778
1 0.38203125 0.3861111111111111 0.01614583333333333 0.02592592592592593
1 0.2947916666666667 0.3680555555555556 0.014583333333333334 0.02314814814814815
0 0.29296875 0.4300925925925926 0.0421875 0.14537037037037037
0 0.3755208333333333 0.46342592592592596 0.05416666666666667 0.18425925925925926
0 0.4627604166666667 0.4671296296296297 0.0671875 0.18796296296296297
0 0.6864583333333333 0.5773148148148148 0.12708333333333333 0.30462962962962964
0 0.6973958333333333 0.49768518518518523 0.09791666666666667 0.18796296296296297
