1 0.9815104166666666 0.5995370370370371 0.033854166666666664 0.06944444444444445
1 0.9315104166666667 0.5750000000000001 0.022395833333333334 0.040740740740740744
1 0.61796875 0.5402777777777777 0.015104166666666667 0.021296296296296296
1 0.6072916666666667 0.5416666666666667 0.014583333333333334 0.02592592592592593
1 0.49609375 0.5263888888888889 0.0171875 0.03425925925925926
1 0.41875 0.5111111111111112 0.015625 0.020370370370370372
1 0.26458333333333334 0.5013888888888889 0.011458333333333333 0.021296296296296296
0 0.26328125 0.5550925925925926 0.0421875 0.1287037037037037
0 0.42161458333333335 0.5842592592592593 0.05364583333333333 0.17037037037037037
0 0.49713541666666666 0.611574074074074 0.06302083333333333 0.20092592592592592
0 0.60703125 0.6236111111111111 0.07239583333333333 0.19351851851851853
0 0.91171875 0.6986111111111112 0.11614583333333334 0.28425925925925927
