2 0.8877604166666666 0.5662037037037038 0.019270833333333334 0.030555555555555558
1 0.9210937499999999 0.5773148148148148 0.027604166666666666 0.04351851851851852
1 0.6166666666666667 0.5402777777777777 0.021875 0.036111111111111115
1 0.5348958333333333 0.5319444444444444 0.014583333333333334 0.03425925925925926
1 0.4 0.5180555555555556 0.013541666666666667 0.025
1 0.390625 0.513888888888889 0.0125 0.02777777777777778
1 0.3575520833333333 0.5087962962962963 0.009895833333333333 0.017592592592592594
1 0.35052083333333334 0.5101851851851852 0.011458333333333333 0.018518518518518517
1 0.2622395833333333 0.500462962962963 0.0109375 0.02314814814814815
1 0.2375 0.49074074074074076 0.009375 0.020370370370370372
1 0.07916666666666666 0.4898148148148148 0.010416666666666666 0.016666666666666666
1 0.12942708333333333 0.48564814814814816 0.0078125 0.015740740740740743
0 0.2583333333333333 0.5537037037037037 0.03958333333333333 0.13148148148148148
0 0.3489583333333333 0.5592592592592592 0.040625 0.1277777777777778
0 0.39479166666666665 0.5893518518518519 0.065625 0.18055555555555555
0 0.5322916666666666 0.5995370370370371 0.057291666666666664 0.1638888888888889
0 0.6127604166666667 0.6416666666666667 0.09114583333333333 0.2388888888888889
0 0.8828125 0.6861111111111111 0.1375 0.27592592592592596
