1 0.9390625 0.3925925925925926 0.03125 0.053703703703703705
1 0.87265625 0.4064814814814815 0.0390625 0.06666666666666667
1 0.83046875 0.3990740740740741 0.04010416666666666 0.07037037037037037
1 0.5221354166666666 0.3509259259259259 0.0234375 0.040740740740740744
1 0.51015625 0.3351851851851852 0.0203125 0.037037037037037035
1 0.5877604166666667 0.33472222222222225 0.019270833333333334 0.030555555555555558
1 0.56796875 0.30462962962962964 0.015104166666666667 0.020370370370370372
1 0.4864583333333333 0.3148148148148148 0.016666666666666666 0.02962962962962963
1 0.40651041666666665 0.3013888888888889 0.0140625 0.026851851851851852
1 0.3966145833333333 0.29953703703703705 0.011979166666666666 0.02314814814814815
0 0.3921875 0.375462962962963 0.0625 0.17685185185185187
0 0.48151041666666666 0.4138888888888889 0.08802083333333333 0.22592592592592595
0 0.5794270833333334 0.42592592592592593 0.09739583333333333 0.21666666666666667
0 0.5057291666666667 0.4425925925925926 0.11458333333333333 0.2555555555555556
0 0.803125 0.5666666666666667 0.1875 0.40185185185185185
0 0.91640625 0.5212962962962964 0.1671875 0.3074074074074074
0 0.5744791666666667 0.38287037037037036 0.07291666666666667 0.18055555555555555
