1 0.571875 0.3060185185185185 0.016666666666666666 0.025
1 0.44036458333333334 0.30462962962962964 0.0171875 0.02777777777777778
1 0.34921875 0.29074074074074074 0.015104166666666667 0.02592592592592593
1 0.32890625 0.28935185185185186 0.01614583333333333 0.026851851851851852
1 0.3190104166666667 0.28194444444444444 0.0140625 0.021296296296296296
1 0.1984375 0.2675925925925926 0.011458333333333333 0.018518518518518517
1 0.20651041666666667 0.2800925925925926 0.015104166666666667 0.02314814814814815
1 0.22682291666666665 0.2662037037037037 0.013020833333333334 0.019444444444444445
1 0.253125 0.27175925925925926 0.013541666666666667 0.02314814814814815
0 0.25104166666666666 0.3388888888888889 0.04791666666666666 0.16481481481481483
0 0.20078125 0.3402777777777778 0.058854166666666666 0.16574074074074074
0 0.3234375 0.37962962962962965 0.078125 0.22222222222222224
0 0.43385416666666665 0.3893518518518519 0.090625 0.20277777777777778
0 0.57421875 0.38287037037037036 0.07239583333333333 0.18055555555555555
