1 0.9130208333333333 0.4828703703703704 0.036458333333333336 0.0712962962962963
1 0.86953125 0.49074074074074076 0.034895833333333334 0.07592592592592592
1 0.70703125 0.4273148148148148 0.021354166666666667 0.04722222222222222
1 0.6833333333333333 0.42962962962962964 0.026041666666666668 0.040740740740740744
1 0.53984375 0.4087962962962963 0.018229166666666668 0.030555555555555558
1 0.571875 0.4101851851851852 0.014583333333333334 0.024074074074074074
1 0.5901041666666667 0.40740740740740744 0.014583333333333334 0.02592592592592593
1 0.43776041666666665 0.38981481481481484 0.015104166666666667 0.02592592592592593
1 0.40260416666666665 0.39305555555555555 0.013541666666666667 0.02314814814814815
2 0.35442708333333334 0.38287037037037036 0.011979166666666666 0.02314814814814815
1 0.28984375 0.36064814814814816 0.013020833333333334 0.025
0 0.16458333333333333 0.4013888888888889 0.040625 0.12314814814814816
0 0.28541666666666665 0.4277777777777778 0.04583333333333333 0.15925925925925927
0 0.4361979166666667 0.4550925925925926 0.049479166666666664 0.15833333333333333
0 0.396875 0.4625 0.05520833333333333 0.1712962962962963
0 0.3463541666666667 0.46064814814814814 0.05625 0.18055555555555555
0 0.56875 0.4916666666666667 0.07916666666666666 0.19444444444444445
0 0.5369791666666667 0.4990740740740741 0.08333333333333333 0.2111111111111111
0 0.6705729166666666 0.5435185185185185 0.12864583333333332 0.2740740740740741
0 0.8565104166666666 0.6347222222222223 0.18072916666666666 0.36203703703703705
