1 0.7747395833333334 0.4375 0.019270833333333334 0.03981481481481482
1 0.6424479166666667 0.4351851851851852 0.025520833333333333 0.04259259259259259
1 0.6322916666666667 0.42962962962962964 0.015625 0.03518518518518519
1 0.40859375 0.39814814814814814 0.01614583333333333 0.031481481481481485
1 0.3807291666666667 0.3791666666666667 0.011458333333333333 0.019444444444444445
1 0.34140625 0.3731481481481482 0.019270833333333334 0.02777777777777778
0 0.22343749999999998 0.4203703703703704 0.04583333333333333 0.14444444444444446
0 0.3802083333333333 0.43842592592592594 0.042708333333333334 0.14166666666666666
0 0.4080729166666667 0.48055555555555557 0.0640625 0.1962962962962963
0 0.33697916666666666 0.4462962962962963 0.052083333333333336 0.17407407407407408
0 0.6270833333333333 0.5296296296296297 0.084375 0.24074074074074076
0 0.7645833333333333 0.5439814814814815 0.10104166666666667 0.24537037037037038
