1 0.11796875 0.3509259259259259 0.0140625 0.02592592592592593
1 0.40911458333333334 0.3861111111111111 0.015104166666666667 0.024074074074074074
1 0.4986979166666667 0.5407407407407407 0.04739583333333333 0.11481481481481481
1 0.5979166666666667 0.412962962962963 0.01875 0.04814814814814815
1 0.81875 0.44953703703703707 0.021875 0.04537037037037037
1 0.85234375 0.4666666666666667 0.022395833333333334 0.04814814814814815
1 0.953125 0.47962962962962963 0.03229166666666666 0.06296296296296297
1 0.9835937499999999 0.47175925925925927 0.028645833333333332 0.0712962962962963
0 0.5119791666666667 0.7416666666666667 0.190625 0.5166666666666667
0 0.40625 0.46574074074074073 0.05416666666666667 0.18333333333333335
0 0.5872395833333334 0.5194444444444445 0.09947916666666666 0.24629629629629632
0 0.8049479166666667 0.5592592592592592 0.1515625 0.26666666666666666
0 0.9200520833333333 0.6263888888888889 0.15989583333333332 0.36203703703703705
0 0.11927083333333333 0.40740740740740744 0.03854166666666667 0.13703703703703704
