2 0.14322916666666666 0.4050925925925926 0.022916666666666665 0.05277777777777778
1 0.16171875 0.3550925925925926 0.015104166666666667 0.030555555555555558
1 0.3723958333333333 0.3601851851851852 0.0125 0.024074074074074074
1 0.51484375 0.3814814814814815 0.0203125 0.03333333333333333
1 0.6997395833333333 0.39212962962962966 0.024479166666666666 0.03796296296296296
1 0.8940104166666667 0.4226851851851852 0.027604166666666666 0.058333333333333334
1 0.8645833333333334 0.42638888888888893 0.035416666666666666 0.05277777777777778
0 0.3692708333333333 0.425462962962963 0.04479166666666667 0.15462962962962964
0 0.4328125 0.4291666666666667 0.04895833333333333 0.14722222222222223
0 0.5130208333333334 0.4666666666666667 0.065625 0.2
0 0.6966145833333334 0.4898148148148148 0.0796875 0.22777777777777777
0 0.8518229166666667 0.5467592592592593 0.13697916666666665 0.2953703703703704
0 0.16223958333333333 0.4365740740740741 0.050520833333333334 0.20092592592592592
0 0.13671875 0.5388888888888889 0.08489583333333334 0.31851851851851853
