1 0.9393229166666667 0.625462962962963 0.08177083333333333 0.17500000000000002
2 0.03411458333333333 0.5087962962962963 0.04010416666666666 0.09351851851851853
2 0.3541666666666667 0.3597222222222222 0.010416666666666666 0.017592592592592594
1 0.35182291666666665 0.35370370370370374 0.013020833333333334 0.018518518518518517
1 0.32916666666666666 0.3458333333333333 0.011458333333333333 0.021296296296296296
1 0.3208333333333333 0.34953703703703703 0.0125 0.019444444444444445
1 0.2625 0.33611111111111114 0.0125 0.018518518518518517
1 0.49374999999999997 0.3680555555555556 0.016666666666666666 0.028703703703703703
1 0.9708333333333333 0.4361111111111111 0.027083333333333334 0.05
1 0.953125 0.4356481481481482 0.029166666666666667 0.05462962962962963
0 0.14765625 0.36388888888888893 0.025520833333333333 0.09074074074074075
0 0.19557291666666665 0.3773148148148148 0.030729166666666665 0.10277777777777779
0 0.2622395833333333 0.38333333333333336 0.0328125 0.11296296296296297
0 0.32265625 0.4013888888888889 0.0421875 0.13425925925925927
0 0.3497395833333333 0.42083333333333334 0.03802083333333333 0.15462962962962964
0 0.49583333333333335 0.4467592592592593 0.0625 0.17685185185185187
0 0.6372395833333333 0.5083333333333333 0.0828125 0.2611111111111111
0 0.9325520833333333 0.55 0.13489583333333333 0.28703703703703703
0 0.04765625 0.7305555555555556 0.0953125 0.5388888888888889
