1 0.5880208333333333 0.4046296296296297 0.027083333333333334 0.044444444444444446
1 0.5690104166666666 0.38287037037037036 0.021354166666666667 0.032407407407407406
1 0.40520833333333334 0.4078703703703704 0.022916666666666665 0.05092592592592593
1 0.4197916666666667 0.36388888888888893 0.015625 0.02777777777777778
1 0.38984375 0.37083333333333335 0.018229166666666668 0.03425925925925926
1 0.375 0.3662037037037037 0.016666666666666666 0.028703703703703703
1 0.31145833333333334 0.3490740740740741 0.0125 0.020370370370370372
1 0.27317708333333335 0.3402777777777778 0.011979166666666666 0.025
1 0.24401041666666667 0.33935185185185185 0.0078125 0.015740740740740743
1 0.23906249999999998 0.33981481481481485 0.008333333333333333 0.016666666666666666
1 0.19817708333333334 0.33194444444444443 0.0078125 0.01388888888888889
0 0.26953125 0.3814814814814815 0.034895833333333334 0.10740740740740741
0 0.240625 0.38472222222222224 0.03333333333333333 0.11018518518518519
0 0.19791666666666666 0.3768518518518519 0.029166666666666667 0.10555555555555556
0 0.3109375 0.40231481481481485 0.03854166666666667 0.125
0 0.42421875 0.40555555555555556 0.04739583333333333 0.11481481481481481
0 0.41562499999999997 0.4277777777777778 0.046875 0.15185185185185185
0 0.5630208333333333 0.46435185185185185 0.07083333333333333 0.19351851851851853
0 0.271875 0.4 0.04375 0.14814814814814814
0 0.3765625 0.4481481481481482 0.059375 0.18888888888888888
0 0.5893229166666667 0.512962962962963 0.0734375 0.2611111111111111
0 0.40598958333333335 0.5226851851851853 0.08385416666666666 0.28055555555555556
