2 0.9502604166666666 0.46481481481481485 0.025520833333333333 0.053703703703703705
1 0.98125 0.4638888888888889 0.027083333333333334 0.05185185185185186
1 0.4283854166666667 0.36574074074074076 0.015104166666666667 0.022222222222222223
1 0.3859375 0.3513888888888889 0.0125 0.019444444444444445
1 0.25885416666666666 0.33981481481481485 0.0125 0.020370370370370372
1 0.22890625 0.34351851851851856 0.009895833333333333 0.020370370370370372
1 0.2947916666666667 0.3416666666666667 0.011458333333333333 0.016666666666666666
1 0.221875 0.3388888888888889 0.010416666666666666 0.020370370370370372
1 0.21119791666666665 0.33425925925925926 0.0109375 0.016666666666666666
1 0.1984375 0.32731481481481484 0.010416666666666666 0.01388888888888889
1 0.1515625 0.32407407407407407 0.008333333333333333 0.012962962962962964
0 0.19453125 0.3662037037037037 0.027604166666666666 0.09166666666666667
0 0.29713541666666665 0.3888888888888889 0.04010416666666666 0.10555555555555556
0 0.25494791666666666 0.3902777777777778 0.034895833333333334 0.11388888888888889
0 0.3833333333333333 0.4101851851851852 0.041666666666666664 0.13703703703703704
0 0.21927083333333333 0.38981481481481484 0.03854166666666667 0.12037037037037038
0 0.4276041666666667 0.437962962962963 0.053125 0.1685185185185185
0 0.9364583333333333 0.7412037037037037 0.12708333333333333 0.5175925925925926
