1 0.5916666666666667 0.4361111111111111 0.027083333333333334 0.06296296296296297
1 0.5783854166666667 0.4337962962962963 0.018229166666666668 0.03981481481481482
2 0.6690104166666666 0.40740740740740744 0.021354166666666667 0.044444444444444446
2 0.44244791666666666 0.3699074074074074 0.01614583333333333 0.028703703703703703
1 0.4044270833333333 0.3680555555555556 0.011979166666666666 0.02314814814814815
1 0.6934895833333333 0.40185185185185185 0.019270833333333334 0.03333333333333333
1 0.72109375 0.4 0.022395833333333334 0.03518518518518519
1 0.13046875 0.37222222222222223 0.0203125 0.03888888888888889
1 0.08776041666666666 0.36435185185185187 0.018229166666666668 0.028703703703703703
0 0.17421875 0.3736111111111111 0.0328125 0.10462962962962963
0 0.24609375 0.3925925925925926 0.0328125 0.10740740740740741
0 0.4010416666666667 0.4324074074074074 0.040625 0.14814814814814814
0 0.4393229166666667 0.4416666666666667 0.0484375 0.1685185185185185
0 0.6958333333333333 0.49722222222222223 0.10208333333333333 0.22777777777777777
0 0.6598958333333333 0.5314814814814816 0.121875 0.2925925925925926
0 0.5877604166666667 0.5787037037037037 0.12239583333333333 0.35000000000000003
0 0.1328125 0.4625 0.053125 0.2175925925925926
0 0.09010416666666667 0.4375 0.04375 0.17314814814814816
0 0.05963541666666666 0.3925925925925926 0.03802083333333333 0.13518518518518519
