1 0.26640625 0.4375 0.034895833333333334 0.06574074074074074
1 0.16901041666666666 0.412962962962963 0.028645833333333332 0.05
1 0.6916666666666667 0.3976851851851852 0.017708333333333333 0.030555555555555558
1 0.5807291666666666 0.3824074074074074 0.015625 0.024074074074074074
1 0.40963541666666664 0.3652777777777778 0.0140625 0.02314814814814815
1 0.39348958333333334 0.3625 0.0140625 0.025
2 0.29791666666666666 0.3490740740740741 0.011458333333333333 0.018518518518518517
2 0.30546875 0.35185185185185186 0.013020833333333334 0.022222222222222223
2 0.42265625 0.362962962962963 0.008854166666666666 0.016666666666666666
2 0.659375 0.4 0.026041666666666668 0.0462962962962963
2 0.63515625 0.40185185185185185 0.0234375 0.03888888888888889
0 0.14348958333333334 0.3666666666666667 0.0234375 0.08333333333333334
0 0.240625 0.3888888888888889 0.034375 0.10740740740740741
0 0.29921875 0.4013888888888889 0.033854166666666664 0.125
0 0.396875 0.4273148148148148 0.051041666666666666 0.16203703703703703
0 0.3059895833333333 0.4199074074074074 0.04739583333333333 0.16203703703703703
0 0.5734375 0.4601851851851852 0.071875 0.17777777777777778
0 0.39921875 0.45046296296296295 0.0640625 0.1953703703703704
0 0.6283854166666667 0.5212962962962964 0.10572916666666667 0.2851851851851852
0 0.6997395833333333 0.4953703703703704 0.06927083333333334 0.22777777777777777
0 0.2734375 0.600925925925926 0.096875 0.39814814814814814
0 0.17291666666666666 0.5240740740740741 0.065625 0.26851851851851855
0 0.11640625 0.4467592592592593 0.049479166666666664 0.19351851851851853
0 0.09713541666666667 0.41064814814814815 0.0359375 0.15462962962962964
