1 0.7427083333333333 0.6657407407407407 0.09375 0.16111111111111112
1 0.7658854166666667 0.41250000000000003 0.0203125 0.03796296296296296
1 0.74375 0.4101851851851852 0.022916666666666665 0.04259259259259259
2 0.6026041666666666 0.4013888888888889 0.015625 0.030555555555555558
2 0.18723958333333332 0.4342592592592593 0.025520833333333333 0.05185185185185186
2 0.371875 0.3578703703703704 0.0125 0.02314814814814815
2 0.36015625 0.3601851851851852 0.013020833333333334 0.02777777777777778
1 0.3611979166666667 0.5203703703703704 0.059895833333333336 0.09814814814814815
1 0.5848958333333333 0.40231481481481485 0.020833333333333332 0.03425925925925926
1 0.44557291666666665 0.3652777777777778 0.0109375 0.021296296296296296
1 0.4596354166666667 0.36944444444444446 0.009895833333333333 0.02592592592592593
1 0.171875 0.4078703703703704 0.025 0.04351851851851852
0 0.2140625 0.3773148148148148 0.027083333333333334 0.10092592592592593
0 0.221875 0.38657407407407407 0.036458333333333336 0.11944444444444445
0 0.26901041666666664 0.39166666666666666 0.030729166666666665 0.11481481481481481
0 0.16901041666666666 0.3773148148148148 0.030729166666666665 0.10833333333333334
0 0.32317708333333334 0.4046296296296297 0.03802083333333333 0.12222222222222223
0 0.16770833333333332 0.3851851851851852 0.03125 0.12407407407407407
0 0.36015625 0.4356481481481482 0.0546875 0.1824074074074074
0 0.4471354166666667 0.4365740740740741 0.0546875 0.16203703703703703
0 0.5825520833333333 0.48333333333333334 0.0828125 0.19814814814814816
0 0.7375 0.5027777777777778 0.10104166666666667 0.2240740740740741
0 0.36796875 0.7231481481481482 0.1359375 0.5092592592592593
0 0.18411458333333333 0.5537037037037037 0.08177083333333333 0.3351851851851852
0 0.16484375 0.47731481481481486 0.0609375 0.24351851851851852
