1 0.8052083333333333 0.7319444444444445 0.10416666666666667 0.20462962962962963
1 0.8796875 0.4467592592592593 0.0375 0.05462962962962963
2 0.4908854166666667 0.3814814814814815 0.015104166666666667 0.02592592592592593
2 0.47942708333333334 0.3819444444444445 0.013020833333333334 0.026851851851851852
2 0.4731770833333333 0.3791666666666667 0.0140625 0.026851851851851852
0 0.178125 0.3648148148148148 0.030208333333333334 0.0962962962962963
0 0.26197916666666665 0.38287037037037036 0.03229166666666666 0.10277777777777779
0 0.47630208333333335 0.46435185185185185 0.058854166666666666 0.19351851851851853
0 0.4828125 0.48055555555555557 0.08125 0.22592592592592595
0 0.8747395833333333 0.5856481481481481 0.16510416666666666 0.3231481481481482
