1 0.8481770833333333 0.4050925925925926 0.019270833333333334 0.036111111111111115
1 0.6153645833333333 0.3912037037037037 0.0203125 0.032407407407407406
1 0.4817708333333333 0.3726851851851852 0.013541666666666667 0.028703703703703703
1 0.4752604166666667 0.3763888888888889 0.0140625 0.026851851851851852
1 0.36796875 0.3611111111111111 0.0140625 0.02592592592592593
1 0.2296875 0.3416666666666667 0.011458333333333333 0.022222222222222223
0 0.20182291666666666 0.3768518518518519 0.025520833333333333 0.09444444444444444
0 0.15729166666666666 0.3703703703703704 0.029166666666666667 0.1
0 0.23020833333333332 0.3962962962962963 0.03333333333333333 0.12407407407407407
0 0.3658854166666667 0.42685185185185187 0.0484375 0.1537037037037037
0 0.4765625 0.45 0.06145833333333333 0.18703703703703706
0 0.6091145833333333 0.47175925925925927 0.06822916666666666 0.19722222222222224
0 0.8434895833333333 0.5050925925925926 0.1015625 0.23240740740740742
