1 0.08151041666666667 0.5032407407407408 0.015104166666666667 0.032407407407407406
1 0.078125 0.487962962962963 0.016666666666666666 0.03333333333333333
1 0.15755208333333334 0.45925925925925926 0.0067708333333333336 0.014814814814814815
1 0.15104166666666666 0.4587962962962963 0.008333333333333333 0.015740740740740743
1 0.10286458333333333 0.4518518518518519 0.009895833333333333 0.014814814814814815
1 0.07135416666666666 0.4486111111111111 0.007291666666666667 0.012037037037037037
1 0.20442708333333334 0.4620370370370371 0.009895833333333333 0.018518518518518517
1 0.21276041666666667 0.4601851851851852 0.011979166666666666 0.020370370370370372
1 0.22317708333333333 0.46435185185185185 0.009895833333333333 0.021296296296296296
2 0.31223958333333335 0.4759259259259259 0.015104166666666667 0.02592592592592593
1 0.44036458333333334 0.4800925925925926 0.0171875 0.030555555555555558
1 0.6169270833333333 0.5106481481481482 0.025520833333333333 0.03981481481481482
1 0.6403645833333333 0.5060185185185185 0.025520833333333333 0.04351851851851852
1 0.659375 0.5041666666666667 0.014583333333333334 0.036111111111111115
1 0.6265625 0.48750000000000004 0.016666666666666666 0.026851851851851852
1 0.75390625 0.5273148148148148 0.025520833333333333 0.04351851851851852
1 0.7869791666666667 0.5231481481481481 0.022916666666666665 0.04259259259259259
1 0.8119791666666667 0.513425925925926 0.020833333333333332 0.03796296296296296
1 0.8520833333333333 0.5180555555555556 0.025 0.03981481481481482
0 0.103125 0.4902777777777778 0.025 0.08981481481481482
0 0.15104166666666666 0.500462962962963 0.03125 0.09907407407407408
0 0.22942708333333334 0.512962962962963 0.0421875 0.12407407407407407
0 0.21770833333333334 0.5240740740740741 0.040625 0.1425925925925926
0 0.31197916666666664 0.5319444444444444 0.042708333333333334 0.13425925925925927
0 0.4375 0.5513888888888889 0.053125 0.1712962962962963
0 0.6104166666666666 0.611574074074074 0.09583333333333333 0.24537037037037038
0 0.7442708333333333 0.6462962962962964 0.12916666666666665 0.2833333333333333
0 0.8419270833333333 0.6263888888888889 0.1546875 0.25462962962962965
0 0.07994791666666666 0.5791666666666667 0.0546875 0.2064814814814815
