1 0.6768229166666666 0.4986111111111111 0.019270833333333334 0.036111111111111115
1 0.6265625 0.48842592592592593 0.015625 0.032407407407407406
1 0.5958333333333333 0.5157407407407407 0.017708333333333333 0.031481481481481485
1 0.5893229166666667 0.5 0.01614583333333333 0.02592592592592593
1 0.5372395833333333 0.4916666666666667 0.018229166666666668 0.02962962962962963
1 0.5169270833333334 0.48564814814814816 0.01614583333333333 0.025
1 0.5052083333333334 0.48888888888888893 0.013541666666666667 0.024074074074074074
1 0.4640625 0.48888888888888893 0.013541666666666667 0.022222222222222223
1 0.4302083333333333 0.4898148148148148 0.015625 0.024074074074074074
1 0.39166666666666666 0.4791666666666667 0.016666666666666666 0.026851851851851852
1 0.3796875 0.48055555555555557 0.013541666666666667 0.02777777777777778
1 0.10963541666666667 0.5166666666666667 0.0171875 0.04259259259259259
1 0.10833333333333334 0.5032407407407408 0.019791666666666666 0.036111111111111115
1 0.28541666666666665 0.46481481481481485 0.009375 0.018518518518518517
1 0.28203125 0.47175925925925927 0.0109375 0.021296296296296296
2 0.19505208333333332 0.46342592592592596 0.0067708333333333336 0.015740740740740743
1 0.146875 0.45740740740740743 0.009375 0.014814814814814815
0 0.14635416666666667 0.4986111111111111 0.028125 0.10277777777777779
0 0.11067708333333333 0.4986111111111111 0.03177083333333333 0.10648148148148148
0 0.19244791666666666 0.5074074074074074 0.03177083333333333 0.10555555555555556
0 0.28020833333333334 0.5185185185185185 0.03958333333333333 0.12962962962962962
0 0.37447916666666664 0.5555555555555556 0.058333333333333334 0.17962962962962964
0 0.42916666666666664 0.575925925925926 0.065625 0.19444444444444445
0 0.5192708333333333 0.5689814814814815 0.07291666666666667 0.18611111111111112
0 0.67421875 0.5912037037037037 0.0921875 0.21944444444444444
0 0.5859375 0.600925925925926 0.07604166666666666 0.22592592592592595
0 0.10625 0.6083333333333334 0.06145833333333333 0.24444444444444446
