1 0.87578125 0.5851851851851853 0.034895833333333334 0.05740740740740741
1 0.33359375 0.5092592592592593 0.015104166666666667 0.02592592592592593
2 0.23619791666666667 0.49722222222222223 0.009895833333333333 0.018518518518518517
1 0.17890625 0.4898148148148148 0.008854166666666666 0.016666666666666666
1 0.08567708333333333 0.48842592592592593 0.011979166666666666 0.026851851851851852
0 0.18046875 0.5421296296296296 0.03697916666666667 0.1212962962962963
0 0.23645833333333333 0.5486111111111112 0.042708333333333334 0.1212962962962963
0 0.3299479166666667 0.5791666666666667 0.0484375 0.16574074074074074
0 0.8692708333333333 0.7439814814814815 0.16041666666666665 0.3731481481481482
0 0.08723958333333333 0.5388888888888889 0.03177083333333333 0.12407407407407407
