1 0.7934895833333333 0.5745370370370371 0.022395833333333334 0.036111111111111115
1 0.77734375 0.5587962962962963 0.024479166666666666 0.032407407407407406
1 0.6252604166666667 0.5319444444444444 0.015104166666666667 0.026851851851851852
1 0.6138020833333333 0.5305555555555556 0.0171875 0.02592592592592593
1 0.44114583333333335 0.5259259259259259 0.017708333333333333 0.031481481481481485
2 0.17578125 0.5291666666666667 0.009895833333333333 0.021296296296296296
1 0.17395833333333333 0.5013888888888889 0.0125 0.026851851851851852
1 0.2 0.4916666666666667 0.010416666666666666 0.020370370370370372
0 0.10208333333333333 0.5189814814814815 0.025 0.08981481481481482
0 0.13958333333333334 0.5310185185185186 0.028125 0.09537037037037037
0 0.1984375 0.5439814814814815 0.03333333333333333 0.1212962962962963
0 0.44114583333333335 0.6101851851851852 0.06458333333333333 0.20185185185185187
0 0.6158854166666666 0.6189814814814815 0.07760416666666667 0.20277777777777778
0 0.7763020833333333 0.6726851851851852 0.12343749999999999 0.2638888888888889
0 0.17760416666666667 0.5699074074074074 0.04583333333333333 0.16574074074074074
