2 0.33359375 0.5574074074074075 0.011979166666666666 0.02777777777777778
1 0.3307291666666667 0.5194444444444445 0.016666666666666666 0.040740740740740744
1 0.359375 0.5037037037037038 0.009375 0.020370370370370372
1 0.3502604166666667 0.5037037037037038 0.009895833333333333 0.022222222222222223
1 0.24661458333333333 0.5023148148148149 0.0140625 0.02314814814814815
1 0.44479166666666664 0.5324074074074074 0.013541666666666667 0.02962962962962963
1 0.4348958333333333 0.5185185185185185 0.013541666666666667 0.02592592592592593
0 0.10416666666666667 0.5148148148148148 0.021875 0.08148148148148149
0 0.24557291666666667 0.5574074074074075 0.04010416666666666 0.13518518518518519
0 0.3502604166666667 0.5675925925925926 0.05364583333333333 0.14814814814814814
0 0.43828125 0.5925925925925926 0.0640625 0.17037037037037037
0 0.3359375 0.6171296296296297 0.06770833333333333 0.23055555555555557
