1 0.27682291666666664 0.46851851851851856 0.0140625 0.022222222222222223
1 0.19635416666666666 0.46342592592592596 0.011458333333333333 0.015740740740740743
1 0.17421875 0.4587962962962963 0.008854166666666666 0.01388888888888889
1 0.1453125 0.45925925925925926 0.009375 0.016666666666666666
1 0.0984375 0.4587962962962963 0.009375 0.015740740740740743
0 0.17161458333333332 0.5013888888888889 0.0328125 0.11018518518518519
0 0.14348958333333334 0.500462962962963 0.028645833333333332 0.10648148148148148
0 0.09713541666666667 0.4967592592592593 0.028645833333333332 0.09722222222222222
0 0.19635416666666666 0.5157407407407407 0.041666666666666664 0.13333333333333333
0 0.2752604166666667 0.5203703703703704 0.0421875 0.13518518518518519
