1 0.5283854166666666 0.5277777777777778 0.0296875 0.05185185185185186
1 0.5091145833333334 0.5180555555555556 0.03177083333333333 0.03981481481481482
1 0.5510416666666667 0.4962962962962963 0.01875 0.03518518518518519
2 0.5682291666666667 0.48703703703703705 0.016666666666666666 0.03518518518518519
1 0.6684895833333333 0.4962962962962963 0.024479166666666666 0.03333333333333333
1 0.9213541666666667 0.5222222222222223 0.02395833333333333 0.044444444444444446
2 0.9557291666666666 0.549537037037037 0.026041666666666668 0.03981481481481482
0 0.5403645833333334 0.6768518518518519 0.13072916666666667 0.3648148148148148
0 0.5450520833333333 0.5875 0.08177083333333333 0.22870370370370371
0 0.665625 0.5861111111111111 0.09583333333333333 0.20740740740740743
0 0.91875 0.6407407407407407 0.14375 0.26851851851851855
