2 0.24635416666666665 0.45972222222222225 0.009375 0.021296296296296296
2 0.4953125 0.5 0.013541666666666667 0.02962962962962963
1 0.34791666666666665 0.4703703703703704 0.014583333333333334 0.02777777777777778
1 0.47890625 0.4847222222222222 0.01614583333333333 0.028703703703703703
1 0.5390625 0.5023148148148149 0.02395833333333333 0.028703703703703703
1 0.5950520833333334 0.4990740740740741 0.0203125 0.02962962962962963
1 0.9799479166666667 0.5865740740740741 0.0390625 0.08240740740740742
0 0.24609375 0.5115740740740741 0.04114583333333333 0.15833333333333333
0 0.34453125 0.5291666666666667 0.044270833333333336 0.14166666666666666
0 0.4791666666666667 0.5560185185185186 0.065625 0.17685185185185187
0 0.5872395833333334 0.5912037037037037 0.08697916666666666 0.2175925925925926
0 0.5330729166666667 0.600925925925926 0.0921875 0.22777777777777777
