2 0.11354166666666667 0.4462962962962963 0.007291666666666667 0.014814814814814815
1 0.19088541666666667 0.4527777777777778 0.009895833333333333 0.014814814814814815
1 0.22057291666666667 0.4675925925925926 0.015104166666666667 0.024074074074074074
1 0.2638020833333333 0.46064814814814814 0.0109375 0.017592592592592594
2 0.2700520833333333 0.475462962962963 0.008854166666666666 0.015740740740740743
1 0.35260416666666666 0.47361111111111115 0.015625 0.025
1 0.5127604166666666 0.4847222222222222 0.0171875 0.030555555555555558
1 0.5255208333333333 0.4930555555555556 0.015625 0.030555555555555558
1 0.5364583333333334 0.4916666666666667 0.01875 0.031481481481481485
1 0.7697916666666667 0.49953703703703706 0.01875 0.030555555555555558
1 0.8268229166666666 0.5092592592592593 0.0265625 0.040740740740740744
0 0.11223958333333334 0.48888888888888893 0.028645833333333332 0.10740740740740741
0 0.19114583333333332 0.49768518518518523 0.027083333333333334 0.10277777777777779
0 0.2630208333333333 0.5148148148148148 0.041666666666666664 0.12592592592592594
0 0.35104166666666664 0.5375 0.04375 0.14907407407407408
0 0.21953124999999998 0.5236111111111111 0.04114583333333333 0.13611111111111113
0 0.5127604166666666 0.5694444444444444 0.07552083333333333 0.1925925925925926
0 0.5369791666666667 0.5893518518518519 0.08854166666666667 0.22870370370370371
0 0.7666666666666666 0.5782407407407407 0.059375 0.18611111111111112
0 0.8234374999999999 0.6319444444444444 0.12291666666666666 0.28425925925925927
0 0.93828125 0.6851851851851852 0.12343749999999999 0.3425925925925926
