1 0.47239583333333335 0.4902777777777778 0.014583333333333334 0.025
1 0.23906249999999998 0.5194444444444445 0.020833333333333332 0.05185185185185186
1 0.22734374999999998 0.5171296296296296 0.018229166666666668 0.03796296296296296
1 0.3247395833333333 0.46620370370370373 0.011979166666666666 0.021296296296296296
2 0.31640625 0.46805555555555556 0.009895833333333333 0.019444444444444445
1 0.29401041666666666 0.4625 0.0140625 0.021296296296296296
1 0.19583333333333333 0.45601851851851855 0.009375 0.01388888888888889
1 0.18854166666666666 0.45462962962962966 0.010416666666666666 0.014814814814814815
1 0.14609375 0.45231481481481484 0.0109375 0.01388888888888889
1 0.10729166666666666 0.45 0.0125 0.014814814814814815
0 0.10442708333333334 0.48564814814814816 0.024479166666666666 0.09351851851851853
0 0.18984375 0.500925925925926 0.0328125 0.10740740740740741
0 0.14635416666666667 0.4981481481481482 0.029166666666666667 0.11481481481481481
0 0.7268229166666667 0.5203703703703704 0.0453125 0.1462962962962963
0 0.2911458333333333 0.513888888888889 0.034375 0.12962962962962962
0 0.3221354166666667 0.5305555555555556 0.04635416666666667 0.15
0 0.7934895833333333 0.5638888888888889 0.05260416666666667 0.18333333333333335
0 0.4734375 0.562962962962963 0.06458333333333333 0.17222222222222222
0 0.24739583333333334 0.6527777777777778 0.08125 0.3074074074074074
