1 0.37734375 0.4337962962962963 0.024479166666666666 0.049074074074074076
1 0.5729166666666666 0.41111111111111115 0.020833333333333332 0.02962962962962963
1 0.33541666666666664 0.37962962962962965 0.017708333333333333 0.037037037037037035
2 0.22838541666666667 0.3768518518518519 0.0140625 0.02777777777777778
1 0.21953124999999998 0.362962962962963 0.011979166666666666 0.024074074074074074
1 0.15260416666666665 0.34953703703703703 0.009375 0.017592592592592594
1 0.10364583333333333 0.3652777777777778 0.015625 0.028703703703703703
0 0.15078125 0.3912037037037037 0.03177083333333333 0.10462962962962963
0 0.07239583333333333 0.3699074074074074 0.025 0.08981481481481482
0 0.3653645833333333 0.5842592592592593 0.10677083333333333 0.35370370370370374
0 0.10572916666666667 0.4324074074074074 0.042708333333333334 0.16481481481481483
0 0.21953124999999998 0.42962962962962964 0.0453125 0.16111111111111112
0 0.33307291666666666 0.45462962962962966 0.057812499999999996 0.17592592592592593
0 0.5643229166666667 0.4916666666666667 0.08072916666666667 0.2111111111111111
0 0.68671875 0.5175925925925926 0.0890625 0.20555555555555557
