1 0.575 0.5023148148148149 0.020833333333333332 0.036111111111111115
2 0.6140625 0.5101851851851852 0.011458333333333333 0.018518518518518517
1 0.3182291666666667 0.48564814814814816 0.017708333333333333 0.036111111111111115
1 0.2635416666666667 0.46435185185185185 0.009375 0.015740740740740743
1 0.21145833333333333 0.46296296296296297 0.008333333333333333 0.016666666666666666
1 0.1578125 0.4625 0.009375 0.017592592592592594
0 0.1265625 0.4990740740740741 0.025 0.09444444444444444
0 0.21041666666666667 0.5148148148148148 0.03125 0.11666666666666667
0 0.1546875 0.5111111111111112 0.03333333333333333 0.12037037037037038
0 0.3203125 0.5800925925925926 0.065625 0.22314814814814815
0 0.26666666666666666 0.5222222222222223 0.041666666666666664 0.13333333333333333
0 0.5713541666666666 0.6013888888888889 0.09166666666666666 0.23240740740740742
0 0.6052083333333333 0.5944444444444444 0.08541666666666667 0.18333333333333335
