1 0.7434895833333334 0.43842592592592594 0.027604166666666666 0.062037037037037036
1 0.46484375 0.3592592592592593 0.0109375 0.022222222222222223
1 0.40598958333333335 0.36203703703703705 0.013020833333333334 0.022222222222222223
1 0.39166666666666666 0.35185185185185186 0.009375 0.022222222222222223
1 0.17083333333333334 0.33981481481481485 0.010416666666666666 0.020370370370370372
1 0.16302083333333334 0.3337962962962963 0.009375 0.017592592592592594
0 0.16119791666666666 0.3861111111111111 0.0359375 0.13333333333333333
0 0.46484375 0.4087962962962963 0.0734375 0.13240740740740742
0 0.4044270833333333 0.4236111111111111 0.044270833333333336 0.14722222222222223
0 0.73671875 0.5782407407407407 0.1484375 0.33796296296296297
0 0.3854166666666667 0.4041666666666667 0.036458333333333336 0.125
