1 0.8481770833333333 0.4361111111111111 0.021354166666666667 0.03888888888888889
1 0.7739583333333333 0.4236111111111111 0.027083333333333334 0.04351851851851852
1 0.48854166666666665 0.37592592592592594 0.013541666666666667 0.024074074074074074
1 0.434375 0.3597222222222222 0.013541666666666667 0.025
1 0.09739583333333333 0.3625 0.01875 0.028703703703703703
1 0.12942708333333333 0.35833333333333334 0.013020833333333334 0.031481481481481485
1 0.13411458333333334 0.33425925925925926 0.0109375 0.018518518518518517
1 0.39088541666666665 0.350462962962963 0.009895833333333333 0.021296296296296296
2 0.5278645833333333 0.37592592592592594 0.015104166666666667 0.022222222222222223
0 0.4348958333333333 0.4115740740740741 0.08020833333333333 0.13240740740740742
0 0.1859375 0.37222222222222223 0.02395833333333333 0.0962962962962963
0 0.1390625 0.38657407407407407 0.03125 0.12314814814814816
0 0.09661458333333334 0.44074074074074077 0.04635416666666667 0.18888888888888888
0 0.13567708333333334 0.41620370370370374 0.04739583333333333 0.16203703703703703
0 0.48515625 0.45416666666666666 0.06197916666666667 0.1824074074074074
0 0.5338541666666666 0.4518518518518519 0.06354166666666666 0.17962962962962964
0 0.7755208333333333 0.5375 0.12604166666666666 0.27870370370370373
0 0.8429687499999999 0.5375 0.10781249999999999 0.23796296296296296
0 0.384375 0.4041666666666667 0.0375 0.125
