1 0.5653645833333333 0.525 0.0203125 0.044444444444444446
1 0.5802083333333333 0.5078703703703704 0.026041666666666668 0.05092592592592593
2 0.6026041666666666 0.5462962962962963 0.022916666666666665 0.0462962962962963
2 0.28619791666666666 0.46620370370370373 0.013020833333333334 0.026851851851851852
1 0.11067708333333333 0.4476851851851852 0.005729166666666666 0.010185185185185186
1 0.10442708333333334 0.44722222222222224 0.008854166666666666 0.014814814814814815
1 0.07838541666666667 0.45833333333333337 0.013020833333333334 0.024074074074074074
0 0.5984375 0.6337962962962963 0.10416666666666667 0.30833333333333335
0 0.29375 0.5398148148148149 0.096875 0.17592592592592593
0 0.08020833333333333 0.5101851851851852 0.03854166666666667 0.12592592592592594
0 0.11276041666666667 0.4791666666666667 0.03177083333333333 0.09351851851851853
