1 0.9346354166666666 0.725925925925926 0.09114583333333333 0.20555555555555557
1 0.7830729166666667 0.4393518518518519 0.0359375 0.0638888888888889
1 0.7549479166666666 0.43842592592592594 0.030729166666666665 0.05462962962962963
1 0.49765624999999997 0.38657407407407407 0.0140625 0.030555555555555558
1 0.4166666666666667 0.3763888888888889 0.016666666666666666 0.03796296296296296
1 0.40390624999999997 0.375462962962963 0.019270833333333334 0.03981481481481482
1 0.31197916666666664 0.3648148148148148 0.019791666666666666 0.03518518518518519
0 0.49947916666666664 0.4601851851851852 0.06145833333333333 0.17592592592592593
0 0.3109375 0.44722222222222224 0.057291666666666664 0.18888888888888888
0 0.4088541666666667 0.45740740740740743 0.065625 0.2
0 0.7518229166666667 0.563425925925926 0.1265625 0.3101851851851852
