1 0.45234375 0.3675925925925926 0.019270833333333334 0.03333333333333333
1 0.425 0.3912037037037037 0.022916666666666665 0.04166666666666667
1 0.4036458333333333 0.38842592592592595 0.019791666666666666 0.028703703703703703
1 0.35625 0.3648148148148148 0.016666666666666666 0.022222222222222223
1 0.228125 0.35370370370370374 0.011458333333333333 0.02592592592592593
2 0.23828125 0.35879629629629634 0.011979166666666666 0.026851851851851852
2 0.22682291666666665 0.3805555555555556 0.0109375 0.016666666666666666
1 0.14166666666666666 0.3421296296296296 0.009375 0.019444444444444445
1 0.13489583333333333 0.3458333333333333 0.009375 0.017592592592592594
0 0.13671875 0.3990740740740741 0.04010416666666666 0.13333333333333333
0 0.22786458333333334 0.4240740740740741 0.04635416666666667 0.19444444444444445
0 0.4513020833333333 0.4444444444444445 0.057812499999999996 0.18333333333333335
0 0.35104166666666664 0.4513888888888889 0.05520833333333333 0.20277777777777778
0 0.4036458333333333 0.47962962962962963 0.07395833333333333 0.2240740740740741
