1 0.459375 0.3962962962962963 0.021875 0.037037037037037035
1 0.32578125 0.35185185185185186 0.009895833333333333 0.020370370370370372
1 0.31979166666666664 0.3578703703703704 0.011458333333333333 0.025
1 0.21614583333333334 0.35694444444444445 0.009375 0.015740740740740743
1 0.20520833333333333 0.35370370370370374 0.013541666666666667 0.020370370370370372
1 0.18984375 0.3425925925925926 0.0109375 0.016666666666666666
0 0.10677083333333333 0.3861111111111111 0.03229166666666666 0.1277777777777778
0 0.3216145833333333 0.412962962962963 0.0453125 0.14814814814814814
0 0.18854166666666666 0.40046296296296297 0.034375 0.1398148148148148
0 0.20651041666666667 0.4115740740740741 0.04114583333333333 0.15462962962962964
0 0.45546875 0.5013888888888889 0.0859375 0.24537037037037038
