1 0.60703125 0.45787037037037037 0.033854166666666664 0.06018518518518519
1 0.4046875 0.41481481481481486 0.022916666666666665 0.04814814814814815
1 0.221875 0.3805555555555556 0.015625 0.03518518518518519
1 0.10260416666666666 0.3462962962962963 0.010416666666666666 0.022222222222222223
1 0.16770833333333332 0.35324074074074074 0.010416666666666666 0.017592592592592594
0 0.6151041666666667 0.5907407407407408 0.11145833333333333 0.32037037037037036
0 0.409375 0.5212962962962964 0.084375 0.25925925925925924
0 0.2296875 0.4712962962962963 0.065625 0.21851851851851853
0 0.10494791666666667 0.3995370370370371 0.0328125 0.13425925925925927
0 0.16119791666666666 0.3888888888888889 0.027604166666666666 0.08888888888888889
0 0.09322916666666667 0.3736111111111111 0.030208333333333334 0.10648148148148148
