1 0.6388020833333333 0.638425925925926 0.0609375 0.13240740740740742
1 0.43645833333333334 0.42592592592592593 0.027083333333333334 0.05740740740740741
1 0.3671875 0.3726851851851852 0.0125 0.02314814814814815
1 0.2752604166666667 0.3564814814814815 0.013020833333333334 0.020370370370370372
1 0.26640625 0.3648148148148148 0.0109375 0.016666666666666666
1 0.20989583333333334 0.3578703703703704 0.008333333333333333 0.021296296296296296
1 0.20182291666666666 0.3597222222222222 0.0109375 0.019444444444444445
0 0.6471354166666666 0.788425925925926 0.23177083333333334 0.42314814814814816
0 0.44140625 0.5504629629629629 0.09010416666666667 0.2953703703703704
0 0.20182291666666666 0.41203703703703703 0.04010416666666666 0.12962962962962962
0 0.26588541666666665 0.41111111111111115 0.04010416666666666 0.13518518518518519
0 0.36171875 0.44027777777777777 0.044270833333333336 0.15833333333333333
