1 0.87890625 0.4310185185185185 0.027604166666666666 0.05092592592592593
1 0.4265625 0.37453703703703706 0.021875 0.032407407407407406
1 0.41510416666666666 0.3740740740740741 0.015625 0.037037037037037035
1 0.41484375 0.40185185185185185 0.011979166666666666 0.024074074074074074
2 0.3463541666666667 0.375 0.010416666666666666 0.022222222222222223
1 0.3458333333333333 0.3578703703703704 0.014583333333333334 0.02314814814814815
2 0.3223958333333333 0.3625 0.013541666666666667 0.025
2 0.2794270833333333 0.35555555555555557 0.0109375 0.020370370370370372
1 0.1890625 0.35000000000000003 0.013541666666666667 0.020370370370370372
0 0.11432291666666666 0.3768518518518519 0.025520833333333333 0.0962962962962963
0 0.18671875 0.40694444444444444 0.0359375 0.13055555555555556
0 0.3221354166666667 0.4300925925925926 0.0453125 0.1564814814814815
0 0.27239583333333334 0.4064814814814815 0.042708333333333334 0.13148148148148148
0 0.3494791666666667 0.42314814814814816 0.0375 0.14444444444444446
0 0.4158854166666667 0.45416666666666666 0.06197916666666667 0.18981481481481483
0 0.86796875 0.5675925925925926 0.1484375 0.312962962962963
