2 0.26119791666666664 0.41064814814814815 0.0265625 0.06574074074074074
2 0.23385416666666667 0.4087962962962963 0.026041666666666668 0.062037037037037036
1 0.40911458333333334 0.37083333333333335 0.019270833333333334 0.030555555555555558
1 0.403125 0.3787037037037037 0.0125 0.02777777777777778
2 0.32057291666666665 0.36203703703703705 0.009895833333333333 0.016666666666666666
1 0.22760416666666666 0.34814814814814815 0.009375 0.016666666666666666
1 0.19583333333333333 0.3490740740740741 0.011458333333333333 0.022222222222222223
1 0.11927083333333333 0.33611111111111114 0.007291666666666667 0.014814814814814815
1 0.12838541666666667 0.33611111111111114 0.0109375 0.016666666666666666
0 0.12161458333333333 0.3814814814814815 0.030729166666666665 0.10925925925925926
0 0.23098958333333333 0.40555555555555556 0.0390625 0.13148148148148148
0 0.19348958333333333 0.40925925925925927 0.034895833333333334 0.1388888888888889
0 0.2630208333333333 0.576388888888889 0.10729166666666666 0.39351851851851855
0 0.3221354166666667 0.4175925925925926 0.04114583333333333 0.1277777777777778
0 0.4028645833333333 0.4430555555555556 0.05572916666666666 0.16574074074074074
