1 0.1421875 0.3527777777777778 0.015625 0.02777777777777778
1 0.22135416666666666 0.33981481481481485 0.011458333333333333 0.016666666666666666
1 0.29140625 0.35555555555555557 0.0140625 0.024074074074074074
1 0.24296874999999998 0.33287037037037037 0.011979166666666666 0.021296296296296296
1 0.0546875 0.33101851851851855 0.011458333333333333 0.021296296296296296
0 0.22369791666666666 0.39675925925925926 0.03177083333333333 0.125
0 0.17916666666666667 0.3842592592592593 0.03229166666666666 0.10740740740740741
0 0.12447916666666667 0.3768518518518519 0.030208333333333334 0.11296296296296297
0 0.28932291666666665 0.4087962962962963 0.0390625 0.1287037037037037
0 0.24296874999999998 0.38842592592592595 0.033854166666666664 0.12685185185185185
0 0.14557291666666666 0.42083333333333334 0.043229166666666666 0.1638888888888889
0 0.05677083333333333 0.39166666666666666 0.0375 0.1388888888888889
