1 0.68125 0.41111111111111115 0.025 0.044444444444444446
1 0.37395833333333334 0.39490740740740743 0.029166666666666667 0.04351851851851852
1 0.12786458333333334 0.3592592592592593 0.0171875 0.02777777777777778
1 0.19427083333333334 0.3388888888888889 0.010416666666666666 0.018518518518518517
1 0.17265625 0.33055555555555555 0.008854166666666666 0.018518518518518517
1 0.14713541666666666 0.3287037037037037 0.008854166666666666 0.012962962962962964
0 0.14739583333333334 0.3740740740740741 0.026041666666666668 0.10740740740740741
0 0.065625 0.3541666666666667 0.028125 0.08981481481481482
0 0.19505208333333332 0.38333333333333336 0.027604166666666666 0.10370370370370371
0 0.6807291666666666 0.5291666666666667 0.09479166666666666 0.28055555555555556
0 0.3809895833333333 0.5027777777777778 0.0859375 0.2611111111111111
0 0.1296875 0.44722222222222224 0.058333333333333334 0.21296296296296297
