1 0.19869791666666667 0.48564814814814816 0.01614583333333333 0.032407407407407406
1 0.28229166666666666 0.4740740740740741 0.011458333333333333 0.024074074074074074
1 0.31484375 0.4740740740740741 0.011979166666666666 0.024074074074074074
1 0.41875 0.4828703703703704 0.014583333333333334 0.02314814814814815
1 0.43359375 0.47453703703703703 0.011979166666666666 0.025
1 0.7763020833333333 0.5175925925925926 0.022395833333333334 0.037037037037037035
1 0.5416666666666666 0.5 0.013541666666666667 0.02592592592592593
1 0.5302083333333333 0.4939814814814815 0.014583333333333334 0.026851851851851852
1 0.06458333333333333 0.4708333333333333 0.011458333333333333 0.028703703703703703
0 0.0734375 0.48703703703703705 0.02395833333333333 0.09444444444444444
0 0.10026041666666667 0.4953703703703704 0.0265625 0.1
0 0.209375 0.5092592592592593 0.03229166666666666 0.11851851851851852
0 0.3234375 0.5328703703703704 0.058333333333333334 0.1398148148148148
0 0.2830729166666667 0.5398148148148149 0.04739583333333333 0.1537037037037037
0 0.43046875 0.55 0.058854166666666666 0.16481481481481483
0 0.5268229166666667 0.5703703703703704 0.07135416666666666 0.1814814814814815
0 0.7755208333333333 0.6208333333333333 0.11354166666666667 0.23425925925925928
0 0.19739583333333333 0.5569444444444445 0.04583333333333333 0.19166666666666668
0 0.065625 0.5282407407407408 0.040625 0.15092592592592594
