1 0.5518229166666666 0.5347222222222222 0.0171875 0.032407407407407406
1 0.5625 0.5291666666666667 0.020833333333333332 0.026851851851851852
1 0.11692708333333333 0.5199074074074074 0.011979166666666666 0.026851851851851852
1 0.10703125 0.5120370370370371 0.013020833333333334 0.02592592592592593
2 0.15963541666666667 0.49768518518518523 0.005729166666666666 0.01388888888888889
2 0.159375 0.487962962962963 0.00625 0.012962962962962964
0 0.15625 0.5314814814814816 0.029166666666666667 0.1
0 0.234375 0.5537037037037037 0.041666666666666664 0.12407407407407407
0 0.1203125 0.5833333333333334 0.05520833333333333 0.17222222222222222
0 0.56328125 0.600925925925926 0.07447916666666667 0.17407407407407408
0 0.5502604166666667 0.6166666666666667 0.07552083333333333 0.19814814814814816
