1 0.52734375 0.5916666666666667 0.0265625 0.053703703703703705
1 0.5088541666666666 0.5842592592592593 0.026041666666666668 0.05740740740740741
1 0.3875 0.5157407407407407 0.0125 0.024074074074074074
1 0.3765625 0.5111111111111112 0.014583333333333334 0.024074074074074074
1 0.3223958333333333 0.5055555555555555 0.014583333333333334 0.020370370370370372
1 0.30026041666666664 0.5074074074074074 0.013020833333333334 0.020370370370370372
1 0.27239583333333334 0.4986111111111111 0.0125 0.017592592592592594
2 0.24583333333333332 0.5032407407407408 0.008333333333333333 0.015740740740740743
2 0.25364583333333335 0.5013888888888889 0.010416666666666666 0.019444444444444445
0 0.24687499999999998 0.5592592592592592 0.042708333333333334 0.1388888888888889
0 0.5307291666666667 0.737037037037037 0.13229166666666667 0.35555555555555557
0 0.32317708333333334 0.5615740740740741 0.0453125 0.13796296296296298
0 0.30052083333333335 0.5708333333333333 0.04583333333333333 0.15092592592592594
0 0.37473958333333335 0.575462962962963 0.050520833333333334 0.1564814814814815
0 0.68125 0.6125 0.10416666666666667 0.1953703703703704
