1 0.209375 0.43194444444444446 0.028125 0.0638888888888889
1 0.26588541666666665 0.3893518518518519 0.018229166666666668 0.04351851851851852
1 0.29713541666666665 0.3717592592592593 0.018229166666666668 0.026851851851851852
1 0.21848958333333332 0.35879629629629634 0.011979166666666666 0.017592592592592594
2 0.403125 0.3907407407407408 0.015625 0.02962962962962963
0 0.128125 0.3842592592592593 0.029166666666666667 0.10925925925925926
0 0.2203125 0.41250000000000003 0.030208333333333334 0.125
0 0.29765625 0.4342592592592593 0.04114583333333333 0.15185185185185185
0 0.403125 0.46990740740740744 0.07604166666666666 0.18611111111111112
0 0.22083333333333333 0.5638888888888889 0.09270833333333334 0.32037037037037036
0 0.10026041666666667 0.412962962962963 0.04114583333333333 0.15
0 0.26927083333333335 0.4949074074074074 0.06875 0.25277777777777777
