1 0.8192708333333333 0.5550925925925926 0.026041666666666668 0.04166666666666667
1 0.6755208333333333 0.5282407407407408 0.016666666666666666 0.026851851851851852
1 0.6341145833333334 0.6023148148148149 0.043229166666666666 0.06759259259259259
1 0.45859374999999997 0.5194444444444445 0.022395833333333334 0.03333333333333333
1 0.44557291666666665 0.525 0.01614583333333333 0.031481481481481485
1 0.5057291666666667 0.5236111111111111 0.019791666666666666 0.030555555555555558
1 0.39479166666666665 0.5162037037037037 0.014583333333333334 0.02314814814814815
1 0.30494791666666665 0.5064814814814815 0.009895833333333333 0.022222222222222223
1 0.31354166666666666 0.5032407407407408 0.010416666666666666 0.017592592592592594
1 0.29635416666666664 0.4939814814814815 0.009375 0.019444444444444445
1 0.23984375 0.5 0.009895833333333333 0.018518518518518517
1 0.23203125 0.4967592592592593 0.0109375 0.019444444444444445
0 0.29401041666666666 0.5425925925925926 0.044270833333333336 0.11481481481481481
0 0.2328125 0.5453703703703704 0.03958333333333333 0.11666666666666667
0 0.30546875 0.5662037037037038 0.04739583333333333 0.14722222222222223
0 0.3106770833333333 0.5555555555555556 0.05260416666666667 0.12962962962962962
0 0.44505208333333335 0.6078703703703704 0.06822916666666666 0.2064814814814815
0 0.5065104166666666 0.5962962962962963 0.06510416666666667 0.17407407407407408
0 0.38958333333333334 0.587962962962963 0.06145833333333333 0.17592592592592593
0 0.6713541666666667 0.6175925925925926 0.08541666666666667 0.20925925925925926
0 0.8192708333333333 0.6680555555555556 0.12291666666666666 0.2675925925925926
0 0.6361979166666667 0.7671296296296296 0.1515625 0.39166666666666666
