1 0.8763020833333334 0.5625 0.030729166666666665 0.04166666666666667
1 0.07369791666666667 0.5194444444444445 0.0203125 0.037037037037037035
1 0.28489583333333335 0.5013888888888889 0.011458333333333333 0.025
1 0.29322916666666665 0.49583333333333335 0.010416666666666666 0.017592592592592594
1 0.26067708333333334 0.49259259259259264 0.011979166666666666 0.018518518518518517
1 0.22552083333333334 0.4949074074074074 0.011458333333333333 0.019444444444444445
1 0.19427083333333334 0.500925925925926 0.0125 0.016666666666666666
1 0.18854166666666666 0.4898148148148148 0.0125 0.018518518518518517
1 0.18203125 0.49212962962962964 0.008854166666666666 0.019444444444444445
1 0.14557291666666666 0.48888888888888893 0.009895833333333333 0.018518518518518517
1 0.11302083333333333 0.4851851851851852 0.007291666666666667 0.014814814814814815
1 0.12083333333333333 0.48703703703703705 0.007291666666666667 0.011111111111111112
1 0.13697916666666665 0.4865740740740741 0.010416666666666666 0.019444444444444445
0 0.18255208333333334 0.5416666666666667 0.03697916666666667 0.12222222222222223
0 0.22760416666666666 0.5453703703703704 0.036458333333333336 0.12037037037037038
0 0.14505208333333333 0.5351851851851852 0.028645833333333332 0.10925925925925926
0 0.07786458333333333 0.6032407407407407 0.0609375 0.2138888888888889
0 0.28854166666666664 0.562962962962963 0.05 0.15185185185185185
0 0.1953125 0.5611111111111111 0.040625 0.1425925925925926
