1 0.8510416666666667 0.7939814814814815 0.103125 0.20277777777777778
1 0.7802083333333333 0.725 0.0875 0.1851851851851852
1 0.728125 0.5412037037037037 0.05 0.08611111111111111
2 0.3716145833333333 0.4652777777777778 0.027604166666666666 0.075
1 0.40208333333333335 0.38657407407407407 0.015625 0.03425925925925926
1 0.38359375 0.3888888888888889 0.01614583333333333 0.03333333333333333
1 0.44140625 0.3689814814814815 0.0171875 0.021296296296296296
0 0.384375 0.6537037037037037 0.146875 0.4666666666666667
0 0.14635416666666667 0.3592592592592593 0.026041666666666668 0.0962962962962963
0 0.4 0.4726851851851852 0.07395833333333333 0.20833333333333334
0 0.7325520833333333 0.7513888888888889 0.2015625 0.49722222222222223
0 0.43776041666666665 0.43842592592592594 0.06197916666666667 0.16574074074074074
