1 0.7822916666666666 0.5458333333333334 0.030208333333333334 0.075
1 0.9744791666666667 0.5361111111111111 0.028125 0.040740740740740744
1 0.36796875 0.4810185185185185 0.0171875 0.032407407407407406
1 0.44921875 0.47731481481481486 0.013020833333333334 0.025
1 0.4622395833333333 0.4810185185185185 0.0109375 0.025
0 0.8096354166666666 0.7032407407407407 0.20989583333333334 0.38981481481481484
0 0.46328125 0.55 0.0640625 0.16666666666666669
0 0.1203125 0.49444444444444446 0.03125 0.09444444444444444
0 0.3640625 0.5532407407407408 0.06458333333333333 0.1824074074074074
0 0.9388020833333334 0.6523148148148148 0.12239583333333333 0.27314814814814814
