2 0.8182291666666667 0.47731481481481486 0.019791666666666666 0.03796296296296296
2 0.7940104166666666 0.47222222222222227 0.0234375 0.04259259259259259
1 0.4966145833333333 0.5986111111111111 0.05572916666666666 0.1175925925925926
2 0.5591145833333333 0.412962962962963 0.015104166666666667 0.03518518518518519
2 0.5283854166666666 0.4152777777777778 0.015104166666666667 0.030555555555555558
2 0.5424479166666667 0.4342592592592593 0.011979166666666666 0.024074074074074074
2 0.29375 0.3773148148148148 0.0125 0.02314814814814815
1 0.1671875 0.3523148148148148 0.008333333333333333 0.01388888888888889
1 0.15885416666666666 0.3472222222222222 0.009375 0.018518518518518517
1 0.9408854166666667 0.5337962962962963 0.0421875 0.07314814814814816
0 0.5028645833333333 0.7694444444444445 0.2171875 0.46111111111111114
0 0.11848958333333333 0.36574074074074076 0.0265625 0.08333333333333334
0 0.1578125 0.39537037037037037 0.035416666666666666 0.11666666666666667
0 0.2838541666666667 0.44212962962962965 0.04583333333333333 0.1527777777777778
0 0.5234375 0.5074074074074074 0.09375 0.22037037037037038
0 0.91875 0.7291666666666667 0.1625 0.4601851851851852
0 0.7841145833333333 0.5842592592592593 0.1296875 0.26851851851851855
