1 0.7216145833333333 0.4444444444444445 0.024479166666666666 0.037037037037037035
2 0.4515625 0.40925925925925927 0.013541666666666667 0.020370370370370372
2 0.4356770833333333 0.4064814814814815 0.01614583333333333 0.02777777777777778
2 0.2911458333333333 0.37083333333333335 0.013541666666666667 0.028703703703703703
1 0.27708333333333335 0.36712962962962964 0.014583333333333334 0.030555555555555558
0 0.09375 0.375 0.030208333333333334 0.09814814814814815
0 0.17161458333333332 0.3976851851851852 0.0296875 0.11388888888888889
0 0.27239583333333334 0.43842592592592594 0.05520833333333333 0.1638888888888889
0 0.43046875 0.4851851851851852 0.07135416666666666 0.1851851851851852
0 0.7091145833333333 0.5453703703703704 0.10677083333333333 0.24629629629629632
