1 0.91875 0.5541666666666667 0.02395833333333333 0.04537037037037037
1 0.6057291666666667 0.5375 0.019791666666666666 0.030555555555555558
1 0.5888020833333333 0.5342592592592593 0.019270833333333334 0.02777777777777778
1 0.5528645833333333 0.5337962962962963 0.0203125 0.036111111111111115
1 0.5341145833333333 0.5300925925925926 0.0171875 0.036111111111111115
1 0.4981770833333333 0.5263888888888889 0.019270833333333334 0.03425925925925926
1 0.4283854166666667 0.5375 0.0171875 0.028703703703703703
1 0.3794270833333333 0.5217592592592593 0.011979166666666666 0.02314814814814815
1 0.21015625 0.49722222222222223 0.013020833333333334 0.016666666666666666
1 0.23203125 0.5018518518518519 0.009895833333333333 0.022222222222222223
1 0.19088541666666667 0.49212962962962964 0.008854166666666666 0.019444444444444445
1 0.15 0.4861111111111111 0.007291666666666667 0.014814814814814815
1 0.13802083333333334 0.48842592592592593 0.009375 0.01388888888888889
0 0.14270833333333333 0.5296296296296297 0.036458333333333336 0.10185185185185186
0 0.18828125 0.5291666666666667 0.028645833333333332 0.09907407407407408
0 0.23203125 0.5504629629629629 0.0359375 0.1212962962962963
0 0.21171874999999998 0.5532407407407408 0.0390625 0.13055555555555556
0 0.37447916666666664 0.575462962962963 0.04375 0.14722222222222223
0 0.42682291666666666 0.6138888888888889 0.059895833333333336 0.18703703703703706
0 0.5333333333333333 0.6222222222222222 0.08125 0.22037037037037038
0 0.49244791666666665 0.6 0.0640625 0.1814814814814815
0 0.5885416666666666 0.6097222222222223 0.06354166666666666 0.18425925925925926
0 0.90625 0.6694444444444445 0.13020833333333334 0.2740740740740741
