1 0.8028645833333333 0.5893518518518519 0.033854166666666664 0.07314814814814816
1 0.6502604166666667 0.5583333333333333 0.028645833333333332 0.04259259259259259
1 0.52265625 0.5152777777777778 0.01614583333333333 0.026851851851851852
1 0.44687499999999997 0.5203703703703704 0.014583333333333334 0.022222222222222223
1 0.4341145833333333 0.5162037037037037 0.011979166666666666 0.025
1 0.25 0.5074074074074074 0.010416666666666666 0.020370370370370372
1 0.3072916666666667 0.5018518518518519 0.013541666666666667 0.02592592592592593
1 0.3325520833333333 0.5069444444444444 0.011979166666666666 0.02314814814814815
1 0.3419270833333333 0.5097222222222222 0.0140625 0.02314814814814815
1 0.24270833333333333 0.5013888888888889 0.008333333333333333 0.01388888888888889
2 0.23776041666666667 0.4967592592592593 0.008854166666666666 0.015740740740740743
0 0.12421875 0.5291666666666667 0.028645833333333332 0.10092592592592593
0 0.2484375 0.5611111111111111 0.0375 0.13148148148148148
0 0.33359375 0.5722222222222223 0.049479166666666664 0.1574074074074074
0 0.3091145833333333 0.5587962962962963 0.04010416666666666 0.13425925925925927
0 0.4322916666666667 0.575925925925926 0.046875 0.1462962962962963
0 0.5208333333333334 0.5972222222222222 0.06770833333333333 0.19074074074074074
0 0.64765625 0.6606481481481482 0.10364583333333333 0.2490740740740741
0 0.8106770833333333 0.7064814814814815 0.1390625 0.29444444444444445
