1 0.33046875 0.2796296296296296 0.0140625 0.02777777777777778
1 0.39817708333333335 0.3023148148148148 0.021354166666666667 0.03981481481481482
1 0.4513020833333333 0.3 0.01614583333333333 0.031481481481481485
1 0.61875 0.3402777777777778 0.014583333333333334 0.036111111111111115
1 0.6354166666666666 0.33935185185185185 0.01875 0.04351851851851852
1 0.9296875 0.38703703703703707 0.026041666666666668 0.053703703703703705
1 0.95 0.38981481481481484 0.03333333333333333 0.05925925925925926
1 0.9523437499999999 0.44722222222222224 0.0359375 0.07407407407407407
1 0.9807291666666667 0.46064814814814814 0.0375 0.0787037037037037
0 0.054427083333333334 0.27592592592592596 0.027604166666666666 0.10555555555555556
0 0.3255208333333333 0.3513888888888889 0.05416666666666667 0.16944444444444445
0 0.40234375 0.39722222222222225 0.07135416666666666 0.22777777777777777
0 0.4479166666666667 0.3768518518518519 0.06979166666666667 0.18703703703703706
0 0.6119791666666666 0.44583333333333336 0.11041666666666666 0.2638888888888889
0 0.9166666666666666 0.612037037037037 0.16666666666666666 0.40185185185185185
0 0.9057291666666667 0.4990740740740741 0.16354166666666667 0.2833333333333333
