1 0.6713541666666667 0.3458333333333333 0.021875 0.04537037037037037
1 0.5528645833333333 0.32546296296296295 0.022395833333333334 0.036111111111111115
1 0.5393229166666667 0.3282407407407408 0.0171875 0.036111111111111115
1 0.4661458333333333 0.34074074074074073 0.021875 0.04259259259259259
1 0.45651041666666664 0.3287037037037037 0.0203125 0.03518518518518519
1 0.4552083333333333 0.30185185185185187 0.01875 0.037037037037037035
1 0.4440104166666667 0.30324074074074076 0.018229166666666668 0.036111111111111115
1 0.30052083333333335 0.2796296296296296 0.017708333333333333 0.03518518518518519
1 0.20729166666666665 0.2625 0.014583333333333334 0.025
1 0.21666666666666667 0.2574074074074074 0.011458333333333333 0.022222222222222223
1 0.15703125 0.24953703703703706 0.008854166666666666 0.019444444444444445
0 0.15572916666666667 0.2986111111111111 0.035416666666666666 0.125
0 0.21145833333333333 0.32962962962962966 0.04895833333333333 0.1574074074074074
0 0.2950520833333333 0.3513888888888889 0.058854166666666666 0.17685185185185187
0 0.45078124999999997 0.43194444444444446 0.08697916666666666 0.24166666666666667
0 0.4419270833333333 0.3787037037037037 0.0859375 0.1851851851851852
0 0.5330729166666667 0.42592592592592593 0.09010416666666667 0.24444444444444446
0 0.6638020833333333 0.4449074074074074 0.09947916666666666 0.23981481481481481
