1 0.4122395833333333 0.38796296296296295 0.0203125 0.03888888888888889
1 0.39479166666666665 0.38703703703703707 0.013541666666666667 0.02777777777777778
1 0.49296875 0.3976851851851852 0.015104166666666667 0.030555555555555558
1 0.4596354166666667 0.40231481481481485 0.018229166666666668 0.036111111111111115
1 0.25494791666666666 0.3615740740740741 0.015104166666666667 0.026851851851851852
1 0.2825520833333333 0.3574074074074074 0.011979166666666666 0.024074074074074074
2 0.19895833333333332 0.35694444444444445 0.015625 0.032407407407407406
1 0.12343749999999999 0.3388888888888889 0.015625 0.024074074074074074
0 0.12604166666666666 0.37962962962962965 0.029166666666666667 0.10740740740740741
0 0.19921875 0.40046296296296297 0.03177083333333333 0.11388888888888889
0 0.24739583333333334 0.41712962962962963 0.04375 0.13796296296296298
0 0.27838541666666666 0.40740740740740744 0.033854166666666664 0.1277777777777778
0 0.4895833333333333 0.46851851851851856 0.053125 0.17407407407407408
0 0.46822916666666664 0.47500000000000003 0.08541666666666667 0.17962962962962964
0 0.3911458333333333 0.47222222222222227 0.07083333333333333 0.20740740740740743
