2 0.029427083333333333 0.5800925925925926 0.05677083333333333 0.13240740740740742
1 0.053385416666666664 0.32407407407407407 0.0171875 0.02592592592592593
1 0.16145833333333334 0.3263888888888889 0.010416666666666666 0.021296296296296296
1 0.18203125 0.3314814814814815 0.0109375 0.022222222222222223
1 0.28098958333333335 0.3458333333333333 0.009895833333333333 0.019444444444444445
1 0.31354166666666666 0.3421296296296296 0.011458333333333333 0.021296296296296296
1 0.49505208333333334 0.3740740740740741 0.015104166666666667 0.03333333333333333
1 0.515625 0.37962962962962965 0.013541666666666667 0.024074074074074074
0 0.07109375 0.7578703703703704 0.1421875 0.4842592592592593
0 0.16380208333333332 0.3615740740740741 0.0234375 0.08981481481481482
0 0.18463541666666666 0.3731481481481482 0.027604166666666666 0.10555555555555556
0 0.28203125 0.3925925925925926 0.03802083333333333 0.11666666666666667
0 0.31484375 0.38981481481481484 0.03697916666666667 0.11666666666666667
0 0.5135416666666667 0.4425925925925926 0.057291666666666664 0.15555555555555556
0 0.49635416666666665 0.4513888888888889 0.07395833333333333 0.18796296296296297
0 0.05260416666666667 0.3675925925925926 0.027083333333333334 0.11111111111111112
