2 0.04348958333333333 0.5828703703703704 0.07447916666666667 0.13240740740740742
1 0.06536458333333334 0.32962962962962966 0.019270833333333334 0.02962962962962963
1 0.11119791666666666 0.32222222222222224 0.009895833333333333 0.018518518518518517
1 0.09583333333333333 0.31666666666666665 0.009375 0.012962962962962964
1 0.17526041666666667 0.33287037037037037 0.008854166666666666 0.01388888888888889
1 0.17786458333333333 0.325 0.009895833333333333 0.012962962962962964
1 0.27447916666666666 0.34351851851851856 0.013541666666666667 0.020370370370370372
1 0.5515625 0.40092592592592596 0.028125 0.05185185185185186
1 0.7296875 0.4175925925925926 0.026041666666666668 0.0462962962962963
2 0.7924479166666667 0.4388888888888889 0.024479166666666666 0.05
2 0.821875 0.43842592592592594 0.025 0.04537037037037037
0 0.075 0.7578703703703704 0.15 0.4842592592592593
0 0.17552083333333332 0.36944444444444446 0.028125 0.08888888888888889
0 0.2786458333333333 0.39490740740740743 0.035416666666666666 0.125
0 0.06614583333333333 0.38333333333333336 0.03229166666666666 0.12962962962962962
0 0.5518229166666666 0.5013888888888889 0.08697916666666666 0.24166666666666667
0 0.7252604166666666 0.5074074074074074 0.09010416666666667 0.22962962962962963
0 0.7783854166666666 0.5430555555555556 0.12447916666666667 0.25833333333333336
