2 0.046614583333333334 0.5898148148148148 0.07760416666666667 0.15
1 0.08802083333333333 0.34490740740740744 0.01875 0.03425925925925926
1 0.1609375 0.32592592592592595 0.011458333333333333 0.020370370370370372
1 0.3091145833333333 0.3611111111111111 0.0171875 0.02962962962962963
2 0.4127604166666667 0.3726851851851852 0.013020833333333334 0.028703703703703703
2 0.4046875 0.375462962962963 0.0125 0.026851851851851852
1 0.42942708333333335 0.3680555555555556 0.0171875 0.026851851851851852
0 0.07447916666666667 0.7597222222222223 0.14895833333333333 0.48055555555555557
0 0.16145833333333334 0.3648148148148148 0.028125 0.09444444444444444
0 0.08619791666666667 0.41250000000000003 0.044270833333333336 0.16944444444444445
0 0.31171875 0.4203703703703704 0.04635416666666667 0.1537037037037037
0 0.4283854166666667 0.42685185185185187 0.044270833333333336 0.1462962962962963
0 0.4044270833333333 0.43472222222222223 0.050520833333333334 0.15092592592592594
