1 0.6619791666666667 0.40046296296296297 0.027083333333333334 0.05092592592592593
1 0.47734375 0.3736111111111111 0.019270833333333334 0.03425925925925926
1 0.41432291666666665 0.3726851851851852 0.0203125 0.032407407407407406
2 0.4296875 0.3652777777777778 0.017708333333333333 0.025
1 0.3143229166666667 0.35185185185185186 0.0171875 0.031481481481481485
1 0.25859375 0.3458333333333333 0.0171875 0.028703703703703703
1 0.17265625 0.33055555555555555 0.0109375 0.018518518518518517
1 0.16354166666666667 0.33240740740740743 0.011458333333333333 0.018518518518518517
1 0.13125 0.32962962962962966 0.011458333333333333 0.022222222222222223
1 0.09583333333333333 0.32083333333333336 0.008333333333333333 0.017592592592592594
1 0.08958333333333333 0.32175925925925924 0.007291666666666667 0.015740740740740743
1 0.06432291666666666 0.3148148148148148 0.009895833333333333 0.014814814814814815
0 0.13515625 0.36064814814814816 0.024479166666666666 0.08981481481481482
0 0.06510416666666667 0.3458333333333333 0.020833333333333332 0.07685185185185185
0 0.1640625 0.37222222222222223 0.028125 0.09814814814814815
0 0.0890625 0.3564814814814815 0.026041666666666668 0.08703703703703704
0 0.12604166666666666 0.37083333333333335 0.025 0.10277777777777779
0 0.2565104166666667 0.4013888888888889 0.034895833333333334 0.13240740740740742
0 0.3140625 0.41712962962962963 0.042708333333333334 0.1564814814814815
0 0.4166666666666667 0.4189814814814815 0.059375 0.13796296296296298
0 0.4145833333333333 0.4337962962962963 0.05 0.1527777777777778
0 0.47760416666666666 0.4601851851851852 0.06979166666666667 0.20740740740740743
0 0.6567708333333333 0.48703703703703705 0.078125 0.21851851851851853
