1 0.9666666666666667 0.4416666666666667 0.03125 0.05740740740740741
1 0.3364583333333333 0.3560185185185185 0.014583333333333334 0.025
1 0.2591145833333333 0.34351851851851856 0.011979166666666666 0.020370370370370372
1 0.23541666666666666 0.33611111111111114 0.014583333333333334 0.02962962962962963
1 0.12369791666666667 0.34351851851851856 0.01614583333333333 0.031481481481481485
1 0.03046875 0.3277777777777778 0.0140625 0.022222222222222223
1 0.08567708333333333 0.3180555555555556 0.011979166666666666 0.019444444444444445
0 0.23333333333333334 0.375 0.030208333333333334 0.10185185185185186
0 0.33125 0.41574074074074074 0.041666666666666664 0.14814814814814814
0 0.2830729166666667 0.4185185185185185 0.0453125 0.1574074074074074
0 0.12265625 0.3944444444444445 0.03802083333333333 0.14074074074074075
0 0.9390625 0.549537037037037 0.121875 0.26944444444444443
