1 0.2942708333333333 0.4356481481481482 0.035416666666666666 0.06574074074074074
1 0.4010416666666667 0.3731481481481482 0.021875 0.04259259259259259
1 0.9549479166666667 0.4314814814814815 0.0234375 0.05185185185185186
1 0.9809895833333333 0.43703703703703706 0.027604166666666666 0.05
1 0.4354166666666667 0.36064814814814816 0.021875 0.03796296296296296
1 0.16510416666666666 0.33101851851851855 0.013541666666666667 0.021296296296296296
1 0.11041666666666666 0.3189814814814815 0.011458333333333333 0.015740740740740743
1 0.07604166666666666 0.31712962962962965 0.010416666666666666 0.017592592592592594
1 0.08177083333333333 0.3180555555555556 0.009375 0.019444444444444445
2 0.05963541666666666 0.3194444444444445 0.008854166666666666 0.016666666666666666
0 0.30182291666666666 0.5726851851851852 0.09114583333333333 0.33796296296296297
0 0.165625 0.3703703703703704 0.028125 0.1
0 0.3828125 0.4666666666666667 0.07708333333333334 0.22962962962962963
0 0.9434895833333333 0.5393518518518519 0.11302083333333333 0.25462962962962965
