1 0.5888020833333333 0.5675925925925926 0.05572916666666666 0.11666666666666667
1 0.5734375 0.38796296296296295 0.015625 0.044444444444444446
1 0.5604166666666667 0.3837962962962963 0.014583333333333334 0.030555555555555558
1 0.2140625 0.3388888888888889 0.014583333333333334 0.02777777777777778
1 0.09869791666666666 0.3226851851851852 0.0109375 0.021296296296296296
1 0.06692708333333333 0.31666666666666665 0.008854166666666666 0.014814814814814815
2 0.03046875 0.31157407407407406 0.008854166666666666 0.017592592592592594
0 0.609375 0.7518518518518519 0.17916666666666667 0.4962962962962963
0 0.20833333333333334 0.39675925925925926 0.04791666666666666 0.15092592592592594
0 0.5611979166666666 0.4486111111111111 0.0609375 0.16574074074074074
