2 0.040364583333333336 0.3287037037037037 0.011979166666666666 0.02592592592592593
2 0.12343749999999999 0.4361111111111111 0.03125 0.07037037037037037
2 0.15885416666666666 0.4324074074074074 0.03229166666666666 0.06851851851851852
2 0.18697916666666667 0.4365740740740741 0.034375 0.06018518518518519
1 0.57109375 0.40972222222222227 0.0265625 0.06018518518518519
2 0.5994791666666667 0.425 0.03229166666666666 0.05555555555555556
1 0.94765625 0.45555555555555555 0.0359375 0.06851851851851852
2 0.9776041666666666 0.48935185185185187 0.020833333333333332 0.04537037037037037
2 0.25338541666666664 0.3601851851851852 0.013020833333333334 0.022222222222222223
0 0.24921875 0.41944444444444445 0.04114583333333333 0.1462962962962963
0 0.5763020833333333 0.5287037037037037 0.1046875 0.2888888888888889
0 0.9239583333333333 0.563425925925926 0.15208333333333332 0.27685185185185185
0 0.19088541666666667 0.5597222222222222 0.20572916666666666 0.3194444444444445
