2 0.7828125 0.4337962962962963 0.022916666666666665 0.04537037037037037
2 0.8117187499999999 0.4291666666666667 0.021354166666666667 0.03796296296296296
2 0.6200520833333333 0.4064814814814815 0.01614583333333333 0.03888888888888889
2 0.5890625 0.4064814814814815 0.015625 0.03518518518518519
2 0.60234375 0.40740740740740744 0.0140625 0.02962962962962963
2 0.275 0.4240740740740741 0.025 0.03888888888888889
2 0.278125 0.4013888888888889 0.01875 0.036111111111111115
1 0.18463541666666666 0.3541666666666667 0.018229166666666668 0.03425925925925926
1 0.09479166666666666 0.3351851851851852 0.011458333333333333 0.02592592592592593
2 0.10390624999999999 0.34490740740740744 0.0109375 0.025
0 0.09661458333333334 0.37777777777777777 0.030729166666666665 0.10925925925925926
0 0.27447916666666666 0.5166666666666667 0.090625 0.26666666666666666
0 0.178125 0.412962962962963 0.04895833333333333 0.1462962962962963
0 0.2794270833333333 0.4462962962962963 0.058854166666666666 0.21296296296296297
0 0.30755208333333334 0.4356481481481482 0.06197916666666667 0.1787037037037037
0 0.58125 0.4962962962962963 0.096875 0.21481481481481482
0 0.7739583333333333 0.5370370370370371 0.125 0.27037037037037037
