2 0.9424479166666666 0.4703703703703704 0.0234375 0.0462962962962963
1 0.9169270833333333 0.4726851851851852 0.03802083333333333 0.075
1 0.8846354166666667 0.46435185185185185 0.0296875 0.058333333333333334
1 0.27890625 0.36203703703703705 0.0109375 0.02777777777777778
1 0.2869791666666667 0.3625 0.0125 0.019444444444444445
1 0.1953125 0.3513888888888889 0.0125 0.021296296296296296
1 0.16197916666666667 0.34814814814814815 0.013541666666666667 0.02592592592592593
1 0.08697916666666666 0.3351851851851852 0.010416666666666666 0.022222222222222223
2 0.10130208333333333 0.34074074074074073 0.011979166666666666 0.022222222222222223
0 0.0890625 0.3740740740740741 0.035416666666666666 0.10185185185185186
0 0.16276041666666666 0.3902777777777778 0.028645833333333332 0.10277777777777779
0 0.27760416666666665 0.4138888888888889 0.04791666666666666 0.12962962962962962
0 0.19427083333333334 0.4027777777777778 0.03333333333333333 0.12037037037037038
0 0.8744791666666667 0.5847222222222223 0.14375 0.2935185185185185
