1 0.8833333333333333 0.513425925925926 0.030208333333333334 0.049074074074074076
1 0.73515625 0.5263888888888889 0.0359375 0.0638888888888889
1 0.48776041666666664 0.4759259259259259 0.018229166666666668 0.037037037037037035
1 0.4106770833333333 0.47222222222222227 0.022395833333333334 0.03518518518518519
1 0.030729166666666665 0.44537037037037036 0.0125 0.018518518518518517
1 0.11171874999999999 0.4412037037037037 0.008854166666666666 0.012037037037037037
1 0.10260416666666666 0.44027777777777777 0.008333333333333333 0.012037037037037037
0 0.7463541666666667 0.6851851851851852 0.153125 0.3703703703703704
0 0.41015625 0.5328703703703704 0.0484375 0.1564814814814815
0 0.4921875 0.538425925925926 0.05625 0.16018518518518518
0 0.8742187499999999 0.6347222222222223 0.1328125 0.28425925925925927
