1 0.3221354166666667 0.4620370370370371 0.0171875 0.02962962962962963
1 0.37838541666666664 0.4708333333333333 0.018229166666666668 0.028703703703703703
2 0.10182291666666667 0.4652777777777778 0.009895833333333333 0.025
1 0.12369791666666667 0.43842592592592594 0.011979166666666666 0.019444444444444445
1 0.071875 0.45046296296296295 0.0125 0.019444444444444445
1 0.04635416666666667 0.4481481481481482 0.010416666666666666 0.024074074074074074
0 0.10104166666666667 0.5162037037037037 0.036458333333333336 0.13240740740740742
0 0.3765625 0.5152777777777778 0.042708333333333334 0.13796296296296298
0 0.3208333333333333 0.5185185185185185 0.03958333333333333 0.13703703703703704
0 0.2296875 0.48240740740740745 0.021875 0.08703703703703704
