2 0.5833333333333334 0.5907407407407408 0.025 0.05185185185185186
1 0.59609375 0.5310185185185186 0.021354166666666667 0.04537037037037037
1 0.390625 0.5032407407407408 0.016666666666666666 0.036111111111111115
1 0.3815104166666667 0.5157407407407407 0.008854166666666666 0.02592592592592593
1 0.2877604166666667 0.5013888888888889 0.0140625 0.032407407407407406
1 0.13697916666666665 0.49722222222222223 0.014583333333333334 0.024074074074074074
1 0.07109375 0.48935185185185187 0.009895833333333333 0.02314814814814815
0 0.5776041666666667 0.7592592592592593 0.09791666666666667 0.3925925925925926
0 0.2856770833333333 0.5532407407407408 0.03697916666666667 0.12685185185185185
0 0.384375 0.5750000000000001 0.05 0.17407407407407408
0 0.5927083333333333 0.6171296296296297 0.07395833333333333 0.20277777777777778
0 0.14010416666666667 0.5504629629629629 0.03958333333333333 0.13611111111111113
