2 0.72109375 0.524537037037037 0.028645833333333332 0.049074074074074076
1 0.55078125 0.49722222222222223 0.025520833333333333 0.03888888888888889
1 0.44921875 0.4842592592592593 0.021354166666666667 0.04259259259259259
1 0.4359375 0.48333333333333334 0.017708333333333333 0.040740740740740744
1 0.30859375 0.47175925925925927 0.01614583333333333 0.021296296296296296
1 0.22421875 0.45972222222222225 0.015104166666666667 0.025
1 0.11067708333333333 0.45416666666666666 0.0109375 0.019444444444444445
1 0.04921875 0.4430555555555556 0.008854166666666666 0.015740740740740743
1 0.03177083333333333 0.4361111111111111 0.008333333333333333 0.018518518518518517
0 0.22265625 0.5199074074074074 0.04010416666666666 0.14907407407407408
0 0.30494791666666665 0.5347222222222222 0.0484375 0.1527777777777778
0 0.43828125 0.5712962962962963 0.06822916666666666 0.21851851851851853
0 0.5510416666666667 0.5805555555555556 0.08125 0.20740740740740743
0 0.7239583333333334 0.6476851851851853 0.11875 0.30462962962962964
