1 0.6296875 0.5194444444444445 0.026041666666666668 0.05
1 0.5005208333333333 0.49259259259259264 0.021875 0.040740740740740744
1 0.4153645833333333 0.4902777777777778 0.0171875 0.025
1 0.40234375 0.48888888888888893 0.013020833333333334 0.024074074074074074
1 0.3807291666666667 0.4912037037037037 0.017708333333333333 0.030555555555555558
1 0.228125 0.4652777777777778 0.0125 0.02314814814814815
1 0.078125 0.4518518518518519 0.009375 0.018518518518518517
1 0.0171875 0.44583333333333336 0.00625 0.01388888888888889
1 0.020833333333333332 0.4425925925925926 0.007291666666666667 0.014814814814814815
0 0.22604166666666667 0.5268518518518519 0.04479166666666667 0.15
0 0.07604166666666666 0.4949074074074074 0.028125 0.10648148148148148
0 0.3768229166666667 0.5583333333333333 0.06197916666666667 0.17592592592592593
0 0.49895833333333334 0.5726851851851852 0.07916666666666666 0.19722222222222224
0 0.6184895833333334 0.6148148148148148 0.1015625 0.2425925925925926
