1 0.8283854166666667 0.5402777777777777 0.030729166666666665 0.06944444444444445
1 0.79453125 0.5310185185185186 0.03697916666666667 0.06018518518518519
1 0.6596354166666667 0.5106481481481482 0.028645833333333332 0.04351851851851852
1 0.5627604166666667 0.500462962962963 0.022395833333333334 0.04537037037037037
1 0.44765625 0.4847222222222222 0.018229166666666668 0.032407407407407406
1 0.3690104166666667 0.487962962962963 0.021354166666666667 0.031481481481481485
1 0.2515625 0.46990740740740744 0.016666666666666666 0.026851851851851852
1 0.16848958333333333 0.4652777777777778 0.013020833333333334 0.021296296296296296
1 0.13020833333333334 0.45787037037037037 0.014583333333333334 0.019444444444444445
1 0.12057291666666667 0.45555555555555555 0.008854166666666666 0.018518518518518517
1 0.09166666666666666 0.45833333333333337 0.011458333333333333 0.020370370370370372
1 0.05755208333333333 0.4467592592592593 0.009895833333333333 0.015740740740740743
0 0.08828125 0.4939814814814815 0.03177083333333333 0.09537037037037037
0 0.12942708333333333 0.500462962962963 0.03177083333333333 0.10648148148148148
0 0.16770833333333332 0.512962962962963 0.035416666666666666 0.11666666666666667
0 0.25364583333333335 0.5282407407407408 0.042708333333333334 0.14166666666666666
0 0.44479166666666664 0.5578703703703703 0.0625 0.1787037037037037
0 0.5559895833333334 0.5939814814814816 0.07760416666666667 0.22314814814814815
0 0.36484375 0.5620370370370371 0.05260416666666667 0.19074074074074074
0 0.6549479166666666 0.6027777777777777 0.09947916666666666 0.22222222222222224
0 0.7869791666666667 0.6611111111111111 0.15 0.312962962962963
