1 0.22682291666666665 0.4412037037037037 0.0265625 0.06759259259259259
1 0.20442708333333334 0.43333333333333335 0.024479166666666666 0.05555555555555556
2 0.22395833333333334 0.5018518518518519 0.020833333333333332 0.05740740740740741
1 0.13802083333333334 0.34074074074074073 0.011458333333333333 0.02777777777777778
1 0.146875 0.3462962962962963 0.013541666666666667 0.02777777777777778
2 0.1890625 0.337037037037037 0.014583333333333334 0.02777777777777778
2 0.28020833333333334 0.3509259259259259 0.009375 0.022222222222222223
0 0.18151041666666667 0.3819444444444445 0.04010416666666666 0.12314814814814816
0 0.27317708333333335 0.39722222222222225 0.03177083333333333 0.11481481481481481
0 0.23046875 0.5944444444444444 0.1015625 0.37592592592592594
0 0.14270833333333333 0.4 0.041666666666666664 0.14074074074074075
