1 0.09479166666666666 0.649537037037037 0.028125 0.05277777777777778
1 0.1421875 0.6546296296296297 0.03333333333333333 0.061111111111111116
1 0.12369791666666667 0.6398148148148148 0.024479166666666666 0.05925925925925926
2 0.22135416666666666 0.5736111111111112 0.019791666666666666 0.04537037037037037
2 0.2981770833333333 0.5699074074074074 0.0171875 0.032407407407407406
2 0.3296875 0.5726851851851852 0.014583333333333334 0.026851851851851852
1 0.45260416666666664 0.5689814814814815 0.016666666666666666 0.032407407407407406
1 0.4302083333333333 0.5620370370370371 0.0125 0.024074074074074074
1 0.4440104166666667 0.5587962962962963 0.0140625 0.026851851851851852
2 0.5302083333333333 0.5560185185185186 0.013541666666666667 0.026851851851851852
2 0.5916666666666667 0.5597222222222222 0.015625 0.032407407407407406
2 0.56640625 0.5606481481481481 0.0140625 0.028703703703703703
1 0.7260416666666667 0.5402777777777777 0.017708333333333333 0.032407407407407406
1 0.746875 0.5388888888888889 0.021875 0.03518518518518519
2 0.5440104166666666 0.549537037037037 0.0109375 0.026851851851851852
0 0.055989583333333336 0.6416666666666667 0.06302083333333333 0.1388888888888889
0 0.22734374999999998 0.6208333333333333 0.06302083333333333 0.12685185185185185
0 0.29713541666666665 0.6106481481481482 0.058854166666666666 0.11388888888888889
0 0.05651041666666667 0.6481481481481481 0.0671875 0.16296296296296298
0 0.32786458333333335 0.6166666666666667 0.0671875 0.12592592592592594
0 0.4536458333333333 0.6268518518518519 0.08854166666666667 0.1537037037037037
0 0.5622395833333333 0.625 0.10364583333333333 0.17037037037037037
0 0.5364583333333334 0.6125 0.07916666666666666 0.14722222222222223
0 0.728125 0.6143518518518519 0.10416666666666667 0.18981481481481483
0 0.9510416666666667 0.6050925925925926 0.09791666666666667 0.1824074074074074
0 0.17005208333333333 0.7962962962962963 0.15364583333333334 0.34444444444444444
0 0.13020833333333334 0.763425925925926 0.11354166666666667 0.30648148148148147
