1 0.6143229166666666 0.5453703703703704 0.0203125 0.03518518518518519
2 0.6666666666666666 0.5504629629629629 0.016666666666666666 0.028703703703703703
1 0.4518229166666667 0.55 0.01614583333333333 0.02592592592592593
1 0.4361979166666667 0.5601851851851852 0.0171875 0.031481481481481485
2 0.30182291666666666 0.5773148148148148 0.015104166666666667 0.026851851851851852
1 0.2700520833333333 0.5736111111111112 0.011979166666666666 0.028703703703703703
2 0.28489583333333335 0.575925925925926 0.013541666666666667 0.02777777777777778
2 0.24296874999999998 0.5666666666666667 0.0140625 0.022222222222222223
1 0.22317708333333333 0.5722222222222223 0.0140625 0.024074074074074074
1 0.21302083333333333 0.5736111111111112 0.009375 0.019444444444444445
2 0.0421875 0.5824074074074075 0.010416666666666666 0.02592592592592593
2 0.11875 0.5791666666666667 0.011458333333333333 0.02314814814814815
0 0.04453125 0.6268518518518519 0.05260416666666667 0.11111111111111112
0 0.12109375 0.6236111111111111 0.05260416666666667 0.11203703703703705
0 0.27239583333333334 0.6291666666666667 0.0625 0.13611111111111113
0 0.2796875 0.6347222222222223 0.07916666666666666 0.14907407407407408
0 0.23098958333333333 0.6180555555555556 0.0640625 0.13055555555555556
0 0.44036458333333334 0.6180555555555556 0.0765625 0.16018518518518518
0 0.61015625 0.6101851851851852 0.08489583333333334 0.15185185185185185
0 0.6677083333333333 0.6013888888888889 0.08125 0.13796296296296298
0 0.72734375 0.600462962962963 0.0859375 0.15833333333333333
0 0.8078124999999999 0.6078703703703704 0.109375 0.1824074074074074
