2 0.48333333333333334 0.5578703703703703 0.014583333333333334 0.028703703703703703
2 0.5010416666666666 0.5509259259259259 0.015625 0.02962962962962963
2 0.45703125 0.5574074074074075 0.013020833333333334 0.024074074074074074
2 0.43984375 0.5611111111111111 0.0140625 0.02777777777777778
1 0.40208333333333335 0.5587962962962963 0.015625 0.030555555555555558
1 0.26588541666666665 0.5648148148148149 0.0140625 0.022222222222222223
1 0.2544270833333333 0.5685185185185185 0.0140625 0.024074074074074074
2 0.35130208333333335 0.563425925925926 0.013020833333333334 0.019444444444444445
1 0.15416666666666667 0.5787037037037037 0.015625 0.022222222222222223
2 0.10442708333333334 0.587037037037037 0.01614583333333333 0.02962962962962963
2 0.08932291666666667 0.5805555555555556 0.011979166666666666 0.024074074074074074
1 0.07760416666666667 0.5837962962962964 0.013541666666666667 0.025
2 0.020833333333333332 0.5837962962962964 0.011458333333333333 0.015740740740740743
2 0.05078125 0.5824074074074075 0.0109375 0.022222222222222223
2 0.058854166666666666 0.5805555555555556 0.008333333333333333 0.018518518518518517
2 0.06953125 0.5740740740740741 0.013020833333333334 0.024074074074074074
0 0.15520833333333334 0.6305555555555555 0.05416666666666667 0.12222222222222223
0 0.09036458333333333 0.6375000000000001 0.05677083333333333 0.13425925925925927
0 0.053906249999999996 0.6240740740740741 0.05677083333333333 0.12407407407407407
0 0.25625 0.6222222222222222 0.0625 0.1425925925925926
0 0.39947916666666666 0.6152777777777778 0.06979166666666667 0.13425925925925927
0 0.4421875 0.6097222222222223 0.06354166666666666 0.12314814814814816
0 0.3463541666666667 0.6138888888888889 0.057291666666666664 0.12407407407407407
0 0.4921875 0.612037037037037 0.08125 0.15
