1 0.26953125 0.6180555555555556 0.0296875 0.058333333333333334
2 0.48802083333333335 0.6314814814814815 0.03333333333333333 0.06666666666666667
1 0.5244791666666666 0.6314814814814815 0.036458333333333336 0.07962962962962963
1 0.7786458333333334 0.5282407407407408 0.019791666666666666 0.03796296296296296
1 0.8643229166666666 0.5467592592592593 0.0265625 0.04722222222222222
1 0.9036458333333334 0.55 0.036458333333333336 0.06296296296296297
0 0.77578125 0.6032407407407407 0.10572916666666667 0.16574074074074074
0 0.85703125 0.6398148148148148 0.15260416666666665 0.2388888888888889
0 0.5419270833333333 0.7856481481481482 0.20677083333333332 0.3712962962962963
0 0.2716145833333333 0.7305555555555556 0.13177083333333334 0.25925925925925924
