1 0.013541666666666667 0.6939814814814815 0.027083333333333334 0.05648148148148149
1 0.9098958333333333 0.5328703703703704 0.015625 0.036111111111111115
1 0.9330729166666667 0.5300925925925926 0.0203125 0.03981481481481482
1 0.42109375 0.6402777777777778 0.0296875 0.058333333333333334
1 0.37734375 0.6337962962962963 0.03177083333333333 0.07314814814814816
1 0.40989583333333335 0.5875 0.028125 0.062037037037037036
1 0.4471354166666667 0.6041666666666667 0.028645833333333332 0.05277777777777778
1 0.45 0.5740740740740741 0.028125 0.05740740740740741
1 0.35885416666666664 0.6050925925925926 0.029166666666666667 0.05648148148148149
0 0.46510416666666665 0.7032407407407407 0.15104166666666666 0.28611111111111115
0 0.45 0.7837962962962963 0.18958333333333333 0.36388888888888893
0 0.0546875 0.8277777777777778 0.109375 0.34444444444444444
0 0.6401041666666667 0.600925925925926 0.08854166666666667 0.16111111111111112
0 0.9057291666666667 0.5949074074074074 0.11458333333333333 0.1712962962962963
