2 0.13411458333333334 0.5949074074074074 0.022395833333333334 0.049074074074074076
1 0.2677083333333333 0.5939814814814816 0.01875 0.04351851851851852
1 0.2911458333333333 0.5939814814814816 0.020833333333333332 0.04166666666666667
2 0.3109375 0.625 0.02395833333333333 0.044444444444444446
1 0.3736979166666667 0.7578703703703704 0.04010416666666666 0.08240740740740742
1 0.9528645833333333 0.7513888888888889 0.057812499999999996 0.12314814814814816
2 0.8143229166666667 0.6245370370370371 0.0296875 0.0787037037037037
2 0.75390625 0.6050925925925926 0.03177083333333333 0.06574074074074074
2 0.7307291666666667 0.5944444444444444 0.029166666666666667 0.07222222222222223
1 0.7473958333333334 0.5393518518518519 0.01875 0.032407407407407406
1 0.76953125 0.5351851851851852 0.0140625 0.03333333333333333
0 0.82109375 0.7527777777777778 0.25677083333333334 0.3851851851851852
0 0.43463541666666666 0.8587962962962963 0.24322916666666666 0.28240740740740744
0 0.31354166666666666 0.6856481481481482 0.12604166666666666 0.22870370370370371
0 0.7494791666666667 0.5967592592592593 0.09375 0.14537037037037037
0 0.1484375 0.6736111111111112 0.09583333333333333 0.20277777777777778
