1 0.67890625 0.675462962962963 0.0453125 0.08981481481481482
1 0.7270833333333333 0.6925925925925926 0.046875 0.10185185185185186
2 0.48385416666666664 0.5486111111111112 0.010416666666666666 0.02314814814814815
2 0.46848958333333335 0.5555555555555556 0.013020833333333334 0.024074074074074074
2 0.5197916666666667 0.5583333333333333 0.011458333333333333 0.022222222222222223
2 0.2828125 0.5708333333333333 0.010416666666666666 0.019444444444444445
1 0.271875 0.5638888888888889 0.011458333333333333 0.020370370370370372
2 0.32734375 0.6837962962962963 0.022395833333333334 0.04537037037037037
1 0.30416666666666664 0.6393518518518518 0.027083333333333334 0.06018518518518519
1 0.2625 0.6347222222222223 0.030208333333333334 0.06018518518518519
1 0.21953124999999998 0.6236111111111111 0.028645833333333332 0.062037037037037036
1 0.184375 0.6305555555555555 0.030208333333333334 0.05185185185185186
1 0.09375 0.7032407407407407 0.036458333333333336 0.07685185185185185
2 0.0609375 0.7115740740740741 0.02395833333333333 0.05648148148148149
2 0.05572916666666666 0.6796296296296297 0.028125 0.05925925925925926
2 0.04453125 0.587962962962963 0.013020833333333334 0.024074074074074074
0 0.265625 0.6222222222222222 0.06875 0.1388888888888889
0 0.4666666666666667 0.6111111111111112 0.07604166666666666 0.14444444444444446
0 0.5234375 0.6078703703703704 0.05625 0.13796296296296298
0 0.7546875 0.8157407407407408 0.2916666666666667 0.3685185185185185
0 0.3208333333333333 0.774537037037037 0.16979166666666667 0.34351851851851856
0 0.11119791666666666 0.8217592592592593 0.19427083333333334 0.35462962962962963
0 0.20677083333333332 0.737962962962963 0.08854166666666667 0.2925925925925926
