1 0.20807291666666666 0.5486111111111112 0.0265625 0.0638888888888889
1 0.23333333333333334 0.5569444444444445 0.03125 0.06018518518518519
1 0.54453125 0.6768518518518519 0.0515625 0.10185185185185186
1 0.6184895833333334 0.6162037037037037 0.03697916666666667 0.075
1 0.6625 0.625925925925926 0.03854166666666667 0.07592592592592592
1 0.9854166666666666 0.5981481481481482 0.027083333333333334 0.09814814814814815
1 0.9838541666666667 0.4847222222222222 0.015625 0.04351851851851852
0 0.019010416666666665 0.5333333333333333 0.034895833333333334 0.11851851851851852
0 0.93515625 0.7564814814814815 0.1296875 0.40370370370370373
0 0.9598958333333333 0.5449074074074074 0.08020833333333333 0.16018518518518518
0 0.7153645833333333 0.788425925925926 0.2609375 0.42314814814814816
0 0.5817708333333333 0.8148148148148149 0.3020833333333333 0.3685185185185185
0 0.25625 0.6805555555555556 0.15625 0.3148148148148148
