1 0.77265625 0.5481481481481482 0.021354166666666667 0.044444444444444446
1 0.7518229166666667 0.5342592592592593 0.0171875 0.03518518518518519
2 0.7354166666666666 0.5439814814814815 0.013541666666666667 0.032407407407407406
2 0.7263020833333333 0.5393518518518519 0.0109375 0.028703703703703703
1 0.19661458333333334 0.5703703703703704 0.009895833333333333 0.024074074074074074
2 0.13619791666666667 0.575462962962963 0.01614583333333333 0.028703703703703703
2 0.027604166666666666 0.5912037037037037 0.014583333333333334 0.030555555555555558
2 0.013020833333333334 0.5902777777777778 0.017708333333333333 0.036111111111111115
0 0.19322916666666667 0.6162037037037037 0.052083333333333336 0.1175925925925926
0 0.023177083333333334 0.6509259259259259 0.044270833333333336 0.16481481481481483
0 0.13203125 0.6407407407407407 0.0828125 0.16296296296296298
0 0.7606770833333333 0.6430555555555556 0.1421875 0.23611111111111113
0 0.7169270833333333 0.6055555555555556 0.0921875 0.1685185185185185
