2 0.07369791666666667 0.5328703703703704 0.0203125 0.04722222222222222
2 0.11223958333333334 0.5472222222222223 0.022395833333333334 0.0462962962962963
1 0.16614583333333333 0.49583333333333335 0.011458333333333333 0.025
2 0.175 0.49074074074074076 0.0125 0.022222222222222223
1 0.18776041666666665 0.4902777777777778 0.009895833333333333 0.021296296296296296
1 0.38307291666666665 0.4759259259259259 0.0140625 0.02592592592592593
1 0.42265625 0.47453703703703703 0.0140625 0.02314814814814815
1 0.5677083333333334 0.46111111111111114 0.016666666666666666 0.03333333333333333
1 0.58828125 0.45787037037037037 0.01614583333333333 0.030555555555555558
1 0.6143229166666666 0.45416666666666666 0.0171875 0.030555555555555558
1 0.91953125 0.4449074074074074 0.022395833333333334 0.04166666666666667
1 0.9455729166666667 0.4310185185185185 0.019270833333333334 0.03981481481481482
1 0.019010416666666665 0.49768518518518523 0.009895833333333333 0.019444444444444445
0 0.1109375 0.6347222222222223 0.121875 0.25277777777777777
0 0.16692708333333334 0.5393518518518519 0.0515625 0.11574074074074074
0 0.6049479166666667 0.5208333333333334 0.07239583333333333 0.15462962962962964
0 0.5609375 0.5199074074074074 0.07708333333333334 0.15092592592592594
0 0.4203125 0.5296296296296297 0.07395833333333333 0.1388888888888889
0 0.9213541666666667 0.5074074074074074 0.096875 0.1925925925925926
