1 0.70625 0.4462962962962963 0.021875 0.04259259259259259
1 0.7338541666666667 0.4569444444444445 0.017708333333333333 0.036111111111111115
1 0.75078125 0.4416666666666667 0.021354166666666667 0.03333333333333333
1 0.26848958333333334 0.5680555555555555 0.0359375 0.05648148148148149
2 0.23255208333333333 0.5675925925925926 0.0296875 0.06296296296296297
1 0.38567708333333334 0.47222222222222227 0.015104166666666667 0.02777777777777778
1 0.403125 0.4712962962962963 0.015625 0.03333333333333333
1 0.5971354166666667 0.4666666666666667 0.01614583333333333 0.03518518518518519
1 0.6177083333333333 0.46111111111111114 0.013541666666666667 0.02777777777777778
1 0.2552083333333333 0.4861111111111111 0.013541666666666667 0.022222222222222223
1 0.22213541666666667 0.48842592592592593 0.011979166666666666 0.025
0 0.28854166666666664 0.6990740740740741 0.16770833333333332 0.32592592592592595
0 0.38177083333333334 0.5273148148148148 0.071875 0.14351851851851852
0 0.253125 0.538425925925926 0.0625 0.13055555555555556
0 0.72890625 0.5152777777777778 0.08177083333333333 0.1712962962962963
0 0.73046875 0.5231481481481481 0.10364583333333333 0.17222222222222222
0 0.60234375 0.5199074074074074 0.06614583333333333 0.15833333333333333
0 0.21484375 0.5375 0.0515625 0.11944444444444445
