1 0.29192708333333334 0.47962962962962963 0.0171875 0.040740740740740744
1 0.3067708333333333 0.4935185185185185 0.020833333333333332 0.0462962962962963
1 0.41380208333333335 0.475462962962963 0.0140625 0.028703703703703703
1 0.4044270833333333 0.48055555555555557 0.013020833333333334 0.024074074074074074
1 0.4276041666666667 0.4726851851851852 0.011458333333333333 0.025
1 0.534375 0.4703703703703704 0.015625 0.02592592592592593
1 0.5533854166666666 0.45740740740740743 0.019270833333333334 0.02592592592592593
1 0.9786458333333333 0.562962962962963 0.035416666666666666 0.10370370370370371
0 0.3078125 0.5625 0.09270833333333334 0.1787037037037037
0 0.52890625 0.524537037037037 0.08177083333333333 0.16018518518518518
0 0.41354166666666664 0.5333333333333333 0.075 0.14814814814814814
