1 0.17135416666666667 0.49444444444444446 0.020833333333333332 0.02962962962962963
1 0.19296875 0.4912037037037037 0.015104166666666667 0.02314814814814815
1 0.32838541666666665 0.5083333333333333 0.0265625 0.0462962962962963
1 0.36328125 0.5046296296296297 0.022395833333333334 0.0462962962962963
1 0.5708333333333333 0.5453703703703704 0.042708333333333334 0.08148148148148149
1 0.62265625 0.5587962962962963 0.04010416666666666 0.08425925925925926
1 0.7263020833333333 0.587962962962963 0.049479166666666664 0.09444444444444444
0 0.17578125 0.5546296296296297 0.06927083333333334 0.14814814814814814
0 0.6166666666666667 0.7027777777777778 0.16666666666666666 0.3888888888888889
0 0.7872395833333333 0.7662037037037037 0.3109375 0.46574074074074073
0 0.37473958333333335 0.5930555555555556 0.12760416666666666 0.22870370370370371
