1 0.7658854166666667 0.6231481481481481 0.0421875 0.08703703703703704
1 0.21171874999999998 0.5796296296296296 0.011979166666666666 0.024074074074074074
1 0.2 0.5726851851851852 0.011458333333333333 0.02314814814814815
1 0.19348958333333333 0.5861111111111111 0.0109375 0.024074074074074074
2 0.16328125 0.5712962962962963 0.015104166666666667 0.02592592592592593
1 0.15078125 0.5791666666666667 0.015104166666666667 0.02314814814814815
1 0.038802083333333334 0.6407407407407407 0.03177083333333333 0.05555555555555556
1 0.4125 0.549074074074074 0.0125 0.020370370370370372
2 0.3989583333333333 0.5532407407407408 0.014583333333333334 0.025
0 0.19661458333333334 0.6208333333333333 0.059895833333333336 0.12685185185185185
0 0.14609375 0.6180555555555556 0.05572916666666666 0.125
0 0.80859375 0.7912037037037037 0.25677083333333334 0.4083333333333333
0 0.05286458333333333 0.7416666666666667 0.10364583333333333 0.2518518518518519
