1 0.6572916666666666 0.5652777777777778 0.026041666666666668 0.04537037037037037
1 0.63984375 0.5643518518518519 0.022395833333333334 0.049074074074074076
1 0.3893229166666667 0.6222222222222222 0.0328125 0.061111111111111116
1 0.35442708333333334 0.6129629629629629 0.034895833333333334 0.05740740740740741
2 0.3729166666666667 0.7143518518518519 0.0375 0.08611111111111111
2 0.3385416666666667 0.7291666666666667 0.030208333333333334 0.07685185185185185
2 0.3015625 0.6689814814814815 0.03125 0.062037037037037036
2 0.2546875 0.6648148148148149 0.028125 0.06851851851851852
1 0.22473958333333333 0.6231481481481481 0.028645833333333332 0.05
1 0.19192708333333333 0.6212962962962963 0.022395833333333334 0.05555555555555556
1 0.2864583333333333 0.5606481481481481 0.010416666666666666 0.026851851851851852
2 0.2708333333333333 0.5675925925925926 0.014583333333333334 0.02777777777777778
2 0.09791666666666667 0.5800925925925926 0.0125 0.025
2 0.084375 0.5810185185185185 0.008333333333333333 0.019444444444444445
1 0.07005208333333333 0.5861111111111111 0.008854166666666666 0.020370370370370372
1 0.06145833333333333 0.5828703703703704 0.011458333333333333 0.019444444444444445
1 0.054427083333333334 0.5958333333333333 0.008854166666666666 0.017592592592592594
0 0.057812499999999996 0.6277777777777778 0.04895833333333333 0.11296296296296297
0 0.2703125 0.6055555555555556 0.059375 0.11666666666666667
0 0.6817708333333333 0.6722222222222223 0.16458333333333333 0.26481481481481484
0 0.41510416666666666 0.7282407407407407 0.14895833333333333 0.287962962962963
0 0.38671875 0.837037037037037 0.24010416666666667 0.32407407407407407
0 0.27109375 0.8078703703703703 0.1046875 0.3601851851851852
0 0.20755208333333333 0.7208333333333333 0.0734375 0.2601851851851852
