2 0.13489583333333333 0.5712962962962963 0.008333333333333333 0.020370370370370372
1 0.14583333333333334 0.5694444444444444 0.010416666666666666 0.020370370370370372
2 0.06614583333333333 0.5796296296296296 0.010416666666666666 0.018518518518518517
2 0.0546875 0.5819444444444445 0.008333333333333333 0.02314814814814815
1 0.0421875 0.5851851851851853 0.0125 0.022222222222222223
1 0.3572916666666667 0.6365740740740741 0.026041666666666668 0.06018518518518519
1 0.3888020833333333 0.638425925925926 0.0265625 0.06759259259259259
2 0.4278645833333333 0.6083333333333334 0.027604166666666666 0.05740740740740741
2 0.4640625 0.6328703703703704 0.030208333333333334 0.05648148148148149
2 0.66171875 0.7162037037037037 0.057812499999999996 0.09537037037037037
1 0.8356770833333333 0.5787037037037037 0.025520833333333333 0.06481481481481481
0 0.13645833333333332 0.6143518518518519 0.051041666666666666 0.11018518518518519
0 0.5919270833333333 0.6018518518518519 0.057812499999999996 0.1388888888888889
0 0.8682291666666666 0.7148148148148148 0.19791666666666666 0.3388888888888889
0 0.7072916666666667 0.8333333333333334 0.2864583333333333 0.33333333333333337
0 0.49453125 0.7421296296296297 0.16614583333333333 0.3175925925925926
0 0.425 0.7865740740740741 0.203125 0.36388888888888893
