1 0.8760416666666666 0.5222222222222223 0.017708333333333333 0.03888888888888889
1 0.8549479166666667 0.5319444444444444 0.018229166666666668 0.036111111111111115
2 0.8294270833333334 0.5486111111111112 0.0171875 0.02314814814814815
2 0.19765625 0.5787037037037037 0.009895833333333333 0.016666666666666666
1 0.19114583333333332 0.5685185185185185 0.011458333333333333 0.020370370370370372
1 0.16145833333333334 0.576388888888889 0.013541666666666667 0.021296296296296296
1 0.14817708333333332 0.5731481481481482 0.011979166666666666 0.024074074074074074
2 0.3731770833333333 0.5671296296296297 0.011979166666666666 0.021296296296296296
0 0.3703125 0.6111111111111112 0.046875 0.12037037037037038
0 0.14635416666666667 0.6212962962962963 0.053125 0.12222222222222223
0 0.8544270833333333 0.5884259259259259 0.0984375 0.16944444444444445
