2 0.7981770833333334 0.5370370370370371 0.022395833333333334 0.03888888888888889
2 0.7755208333333333 0.5407407407407407 0.01875 0.03518518518518519
1 0.5791666666666666 0.5444444444444445 0.013541666666666667 0.02777777777777778
1 0.56640625 0.5486111111111112 0.0171875 0.03425925925925926
2 0.5471354166666667 0.5652777777777778 0.0140625 0.036111111111111115
2 0.153125 0.625462962962963 0.021875 0.04722222222222222
2 0.12005208333333334 0.6185185185185186 0.028645833333333332 0.05925925925925926
2 0.2375 0.5694444444444444 0.014583333333333334 0.024074074074074074
2 0.22395833333333334 0.5722222222222223 0.0125 0.024074074074074074
1 0.025260416666666667 0.5875 0.01614583333333333 0.025
1 0.015104166666666667 0.5837962962962964 0.0125 0.015740740740740743
0 0.22552083333333334 0.6143518518518519 0.051041666666666666 0.11388888888888889
0 0.02005208333333333 0.6291666666666667 0.0359375 0.10833333333333334
0 0.5638020833333334 0.5976851851851852 0.07552083333333333 0.1398148148148148
0 0.7752604166666667 0.6041666666666667 0.10260416666666666 0.1712962962962963
0 0.16822916666666665 0.7199074074074074 0.11770833333333333 0.2638888888888889
