2 0.08411458333333333 0.5805555555555556 0.0109375 0.022222222222222223
2 0.07265625 0.587037037037037 0.008854166666666666 0.022222222222222223
2 0.23541666666666666 0.6078703703703704 0.020833333333333332 0.049074074074074076
1 0.38307291666666665 0.5513888888888889 0.0109375 0.026851851851851852
2 0.37109375 0.5736111111111112 0.0109375 0.019444444444444445
1 0.396875 0.5569444444444445 0.0125 0.028703703703703703
2 0.46249999999999997 0.5546296296296297 0.0125 0.022222222222222223
2 0.47812499999999997 0.5541666666666667 0.0125 0.02314814814814815
2 0.67734375 0.5504629629629629 0.01614583333333333 0.026851851851851852
0 0.07734375 0.6212962962962963 0.049479166666666664 0.10925925925925926
0 0.3807291666666667 0.6041666666666667 0.059375 0.12685185185185185
0 0.46119791666666665 0.6125 0.07447916666666667 0.14351851851851852
0 0.6786458333333333 0.6097222222222223 0.09479166666666666 0.1564814814814815
0 0.24817708333333333 0.7115740740740741 0.12760416666666666 0.2564814814814815
