2 0.1015625 0.5800925925925926 0.014583333333333334 0.030555555555555558
1 0.14348958333333334 0.575925925925926 0.011979166666666666 0.02962962962962963
1 0.15572916666666667 0.5736111111111112 0.010416666666666666 0.03425925925925926
2 0.012760416666666666 0.5833333333333334 0.0140625 0.022222222222222223
2 0.025260416666666667 0.5837962962962964 0.011979166666666666 0.025
2 0.2518229166666667 0.6027777777777777 0.021354166666666667 0.03888888888888889
2 0.2786458333333333 0.6041666666666667 0.021875 0.04166666666666667
2 0.3 0.612037037037037 0.015625 0.05
2 0.5184895833333333 0.5884259259259259 0.022395833333333334 0.05277777777777778
2 0.559375 0.5930555555555556 0.022916666666666665 0.05277777777777778
2 0.5348958333333333 0.6129629629629629 0.016666666666666666 0.044444444444444446
2 0.67890625 0.6101851851851852 0.0453125 0.07592592592592592
2 0.7252604166666666 0.600462962962963 0.0296875 0.07314814814814816
1 0.8630208333333333 0.6351851851851852 0.05625 0.0962962962962963
1 0.9322916666666666 0.6648148148148149 0.05625 0.1
0 0.14713541666666666 0.6143518518518519 0.0484375 0.11203703703703705
0 0.020833333333333332 0.6263888888888889 0.036458333333333336 0.11574074074074074
0 0.10416666666666667 0.6277777777777778 0.059375 0.11851851851851852
0 0.6744791666666666 0.5935185185185186 0.08333333333333333 0.1425925925925926
0 0.9080729166666667 0.7953703703703704 0.18385416666666665 0.40925925925925927
0 0.75546875 0.7407407407407408 0.1953125 0.35555555555555557
0 0.58046875 0.7106481481481481 0.1703125 0.2972222222222222
0 0.2981770833333333 0.6967592592592593 0.12447916666666667 0.225
