1 0.06510416666666667 0.6509259259259259 0.027083333333333334 0.05925925925925926
1 0.08567708333333333 0.6587962962962963 0.03177083333333333 0.058333333333333334
1 0.18125 0.5819444444444445 0.02395833333333333 0.036111111111111115
1 0.1515625 0.6717592592592593 0.036458333333333336 0.06944444444444445
1 0.19869791666666667 0.6680555555555556 0.04739583333333333 0.08055555555555556
1 0.0796875 0.5768518518518518 0.011458333333333333 0.024074074074074074
1 0.07213541666666666 0.5777777777777778 0.008854166666666666 0.022222222222222223
2 0.5479166666666666 0.55 0.011458333333333333 0.022222222222222223
2 0.5385416666666667 0.5518518518518519 0.008333333333333333 0.022222222222222223
1 0.5986979166666666 0.6013888888888889 0.03802083333333333 0.0712962962962963
1 0.6768229166666666 0.6370370370370371 0.0453125 0.0925925925925926
2 0.6276041666666666 0.6791666666666667 0.026041666666666668 0.05277777777777778
1 0.56328125 0.6592592592592593 0.043229166666666666 0.08333333333333334
0 0.07161458333333333 0.6175925925925926 0.0359375 0.10740740740740741
0 0.5283854166666666 0.6 0.06927083333333334 0.13148148148148148
0 0.6885416666666666 0.7685185185185186 0.21145833333333333 0.40555555555555556
0 0.6044270833333333 0.8115740740740741 0.23072916666666665 0.375
0 0.20390624999999998 0.6574074074074074 0.08489583333333334 0.1925925925925926
0 0.21770833333333334 0.8111111111111111 0.203125 0.37777777777777777
0 0.084375 0.7796296296296297 0.09479166666666666 0.3055555555555556
