1 0.061197916666666664 0.7226851851851852 0.0484375 0.08240740740740742
1 0.0296875 0.7148148148148148 0.036458333333333336 0.07777777777777778
1 0.21692708333333333 0.638425925925926 0.030729166666666665 0.05648148148148149
1 0.24296874999999998 0.6305555555555555 0.0359375 0.061111111111111116
1 0.65078125 0.6731481481481482 0.04635416666666667 0.10740740740740741
1 0.7109375 0.6763888888888889 0.05625 0.08796296296296297
1 0.34453125 0.5560185185185186 0.01614583333333333 0.036111111111111115
1 0.33177083333333335 0.5620370370370371 0.013541666666666667 0.02592592592592593
2 0.14947916666666666 0.575925925925926 0.013541666666666667 0.024074074074074074
2 0.13723958333333333 0.5777777777777778 0.0109375 0.022222222222222223
2 0.11927083333333333 0.5782407407407407 0.009375 0.021296296296296296
2 0.10989583333333333 0.5800925925925926 0.011458333333333333 0.025
1 0.05520833333333333 0.575925925925926 0.010416666666666666 0.018518518518518517
1 0.04739583333333333 0.5837962962962964 0.011458333333333333 0.02314814814814815
0 0.05 0.6212962962962963 0.04583333333333333 0.11851851851851852
0 0.13723958333333333 0.6152777777777778 0.04739583333333333 0.11574074074074074
0 0.7520833333333333 0.8180555555555555 0.2916666666666667 0.36203703703703705
0 0.28020833333333334 0.7837962962962963 0.18125 0.3601851851851852
0 0.08541666666666667 0.8384259259259259 0.16979166666666667 0.3231481481481482
