1 0.26197916666666665 0.5574074074074075 0.03958333333333333 0.06666666666666667
1 0.34401041666666665 0.5810185185185185 0.0359375 0.07685185185185185
1 0.4890625 0.4759259259259259 0.017708333333333333 0.03518518518518519
1 0.8893229166666666 0.4393518518518519 0.019270833333333334 0.030555555555555558
1 0.9348958333333334 0.6268518518518519 0.052083333333333336 0.0962962962962963
2 0.9088541666666666 0.4935185185185185 0.03229166666666666 0.07037037037037037
2 0.9440104166666666 0.4990740740740741 0.033854166666666664 0.06296296296296297
0 0.48932291666666666 0.5263888888888889 0.0765625 0.14722222222222223
0 0.9309895833333334 0.6162037037037037 0.12864583333333332 0.2953703703703704
0 0.8807291666666667 0.5041666666666667 0.1 0.16203703703703703
0 0.36041666666666666 0.7282407407407407 0.19270833333333334 0.3712962962962963
0 0.26848958333333334 0.6777777777777778 0.11614583333333334 0.3
