1 0.4348958333333333 0.6101851851851852 0.04583333333333333 0.08148148148148149
1 0.49973958333333335 0.6037037037037037 0.04114583333333333 0.09444444444444444
1 0.9572916666666667 0.45833333333333337 0.03333333333333333 0.05555555555555556
1 0.9869791666666666 0.45231481481481484 0.025 0.05092592592592593
1 0.7716145833333333 0.45462962962962966 0.0265625 0.0462962962962963
1 0.11536458333333333 0.513425925925926 0.015104166666666667 0.025
1 0.10442708333333334 0.500925925925926 0.021354166666666667 0.031481481481481485
1 0.03802083333333333 0.500462962962963 0.0125 0.02314814814814815
0 0.10052083333333334 0.5523148148148148 0.06041666666666667 0.14166666666666666
0 0.5455729166666666 0.7800925925925927 0.2734375 0.4398148148148148
0 0.76953125 0.5175925925925926 0.09947916666666666 0.1685185185185185
0 0.93515625 0.5541666666666667 0.1296875 0.24351851851851852
