1 0.23151041666666666 0.5541666666666667 0.0390625 0.06574074074074074
1 0.05546875 0.500462962962963 0.0109375 0.019444444444444445
1 0.5828125 0.6050925925925926 0.041666666666666664 0.08240740740740742
1 0.6330729166666667 0.6152777777777778 0.050520833333333334 0.09166666666666667
1 0.7638020833333333 0.5615740740740741 0.0359375 0.08055555555555556
2 0.7330729166666666 0.587962962962963 0.033854166666666664 0.05740740740740741
1 0.7427083333333333 0.49722222222222223 0.03125 0.06666666666666667
1 0.6783854166666666 0.47453703703703703 0.0234375 0.05277777777777778
1 0.71875 0.48333333333333334 0.026041666666666668 0.06666666666666667
0 0.7276041666666666 0.5685185185185185 0.14166666666666666 0.2351851851851852
0 0.77578125 0.6375000000000001 0.20781249999999998 0.3416666666666667
0 0.79453125 0.7328703703703704 0.2421875 0.41944444444444445
0 0.6828125 0.7837962962962963 0.28854166666666664 0.4324074074074074
0 0.2559895833333333 0.6814814814814815 0.15989583333333332 0.312962962962963
