1 0.016927083333333332 0.5842592592592593 0.0078125 0.014814814814814815
1 0.16197916666666667 0.6583333333333333 0.030208333333333334 0.061111111111111116
1 0.2 0.6662037037037037 0.029166666666666667 0.0712962962962963
1 0.22161458333333334 0.6027777777777777 0.018229166666666668 0.04259259259259259
1 0.24348958333333334 0.6037037037037037 0.0234375 0.05
2 0.35 0.6222222222222222 0.02395833333333333 0.05555555555555556
1 0.3927083333333333 0.6222222222222222 0.030208333333333334 0.05555555555555556
2 0.36875 0.6351851851851852 0.020833333333333332 0.0462962962962963
1 0.8880208333333334 0.5578703703703703 0.03229166666666666 0.075
1 0.9333333333333333 0.5643518518518519 0.03333333333333333 0.062037037037037036
0 0.93046875 0.6856481481481482 0.1390625 0.31574074074074077
0 0.40859375 0.7277777777777779 0.15885416666666666 0.2740740740740741
0 0.2583333333333333 0.6962962962962963 0.1125 0.23333333333333334
0 0.22135416666666666 0.8032407407407408 0.184375 0.3675925925925926
