1 0.21510416666666665 0.5898148148148148 0.03333333333333333 0.07037037037037037
1 0.25494791666666666 0.5916666666666667 0.0359375 0.07592592592592592
1 0.32447916666666665 0.55 0.030208333333333334 0.06666666666666667
1 0.6377604166666666 0.5486111111111112 0.0390625 0.07685185185185185
1 0.8291666666666666 0.48888888888888893 0.014583333333333334 0.02592592592592593
1 0.8026041666666667 0.49722222222222223 0.01875 0.02962962962962963
1 0.44505208333333335 0.49259259259259264 0.021354166666666667 0.03518518518518519
0 0.6627604166666666 0.6833333333333333 0.1953125 0.3388888888888889
0 0.3567708333333333 0.6791666666666667 0.14479166666666665 0.32685185185185184
0 0.7947916666666667 0.5560185185185186 0.103125 0.1675925925925926
0 0.2825520833333333 0.7245370370370371 0.1765625 0.3490740740740741
