1 0.51875 0.6106481481481482 0.028125 0.0712962962962963
1 0.5502604166666667 0.6222222222222222 0.04114583333333333 0.07777777777777778
2 0.24739583333333334 0.6805555555555556 0.041666666666666664 0.07592592592592592
2 0.2604166666666667 0.7555555555555555 0.028125 0.04259259259259259
2 0.20859375 0.6819444444444445 0.0296875 0.06018518518518519
2 0.1765625 0.6824074074074075 0.030208333333333334 0.05740740740740741
2 0.01640625 0.6611111111111111 0.028645833333333332 0.05925925925925926
1 0.14244791666666667 0.5773148148148148 0.0140625 0.026851851851851852
2 0.15703125 0.576388888888889 0.01614583333333333 0.028703703703703703
0 0.15729166666666666 0.6240740740740741 0.04895833333333333 0.12037037037037038
0 0.14583333333333334 0.6282407407407408 0.06770833333333333 0.13611111111111113
0 0.5838541666666667 0.7564814814814815 0.19479166666666667 0.3574074074074074
0 0.25859375 0.8208333333333334 0.2109375 0.3564814814814815
0 0.053385416666666664 0.7828703703703704 0.10260416666666666 0.2990740740740741
