1 0.04296875 0.5069444444444444 0.018229166666666668 0.030555555555555558
1 0.15442708333333333 0.49953703703703706 0.01614583333333333 0.03425925925925926
1 0.17421875 0.5041666666666667 0.01614583333333333 0.03796296296296296
1 0.3091145833333333 0.4967592592592593 0.024479166666666666 0.03981481481481482
1 0.5127604166666666 0.48194444444444445 0.025520833333333333 0.03796296296296296
1 0.56328125 0.4652777777777778 0.015104166666666667 0.030555555555555558
2 0.5705729166666667 0.48240740740740745 0.0140625 0.03333333333333333
1 0.6169270833333333 0.4810185185185185 0.030729166666666665 0.058333333333333334
1 0.6494791666666666 0.4601851851851852 0.020833333333333332 0.044444444444444446
1 0.9119791666666667 0.45787037037037037 0.025 0.062037037037037036
1 0.9575520833333333 0.4527777777777778 0.024479166666666666 0.0462962962962963
0 0.15989583333333332 0.5791666666666667 0.07916666666666666 0.19351851851851853
0 0.5145833333333333 0.5643518518518519 0.11458333333333333 0.20092592592592592
0 0.30703125 0.5671296296296297 0.08489583333333334 0.19907407407407407
0 0.60703125 0.5615740740740741 0.14322916666666666 0.24351851851851852
0 0.9046875 0.5675925925925926 0.178125 0.2796296296296296
0 0.5611979166666666 0.5259259259259259 0.06927083333333334 0.16111111111111112
0 0.03828125 0.5555555555555556 0.0390625 0.12592592592592594
