1 0.02734375 0.5097222222222222 0.013020833333333334 0.03796296296296296
1 0.04296875 0.5060185185185185 0.018229166666666668 0.032407407407407406
1 0.3046875 0.4861111111111111 0.020833333333333332 0.044444444444444446
1 0.33203125 0.5023148148148149 0.0234375 0.049074074074074076
1 0.359375 0.487962962962963 0.021875 0.05
1 0.5158854166666667 0.48055555555555557 0.022395833333333334 0.044444444444444446
1 0.5588541666666667 0.4791666666666667 0.022916666666666665 0.05092592592592593
1 0.5908854166666666 0.4810185185185185 0.0265625 0.05462962962962963
0 0.03229166666666666 0.576388888888889 0.059375 0.17314814814814816
0 0.5130208333333334 0.5643518518518519 0.11354166666666667 0.20092592592592592
0 0.3052083333333333 0.5671296296296297 0.08541666666666667 0.19907407407407407
0 0.32760416666666664 0.5768518518518518 0.11041666666666666 0.22037037037037038
0 0.5552083333333333 0.575462962962963 0.13645833333333332 0.24537037037037038
0 0.5614583333333333 0.525462962962963 0.06979166666666667 0.16018518518518518
0 0.03802083333333333 0.5555555555555556 0.03854166666666667 0.12592592592592594
