1 0.171875 0.6356481481481482 0.03125 0.05277777777777778
1 0.20104166666666667 0.6425925925925926 0.030208333333333334 0.05555555555555556
1 0.2 0.7106481481481481 0.04479166666666667 0.08055555555555556
1 0.2557291666666667 0.7101851851851853 0.04583333333333333 0.07592592592592592
1 0.39140625 0.6152777777777778 0.03697916666666667 0.0638888888888889
1 0.41692708333333334 0.6157407407407408 0.03697916666666667 0.06296296296296297
2 0.23645833333333333 0.5708333333333333 0.011458333333333333 0.028703703703703703
2 0.24765625 0.5740740740740741 0.0109375 0.02592592592592593
2 0.2669270833333333 0.5722222222222223 0.008854166666666666 0.020370370370370372
2 0.27682291666666664 0.5708333333333333 0.011979166666666666 0.021296296296296296
0 0.2708333333333333 0.6138888888888889 0.052083333333333336 0.11481481481481481
0 0.23671875 0.6208333333333333 0.05572916666666666 0.125
0 0.44114583333333335 0.7356481481481482 0.16666666666666666 0.30462962962962964
0 0.1890625 0.7657407407407407 0.096875 0.31851851851851853
0 0.27630208333333334 0.8342592592592593 0.22239583333333332 0.32962962962962966
