1 0.014322916666666666 0.3787037037037037 0.011979166666666666 0.02962962962962963
1 0.027604166666666666 0.37777777777777777 0.013541666666666667 0.02962962962962963
1 0.14427083333333332 0.37777777777777777 0.011458333333333333 0.031481481481481485
2 0.15364583333333334 0.3819444444444445 0.010416666666666666 0.026851851851851852
1 0.41822916666666665 0.38287037037037036 0.017708333333333333 0.03796296296296296
1 0.3184895833333333 0.46851851851851856 0.0453125 0.08333333333333334
1 0.19401041666666666 0.4236111111111111 0.0296875 0.058333333333333334
0 0.018489583333333334 0.42453703703703705 0.034895833333333334 0.11574074074074074
0 0.14557291666666666 0.4300925925925926 0.0546875 0.1287037037037037
0 0.41302083333333334 0.4439814814814815 0.071875 0.15092592592592594
0 0.20416666666666666 0.5342592592592593 0.11875 0.27037037037037037
0 0.3419270833333333 0.6416666666666667 0.19114583333333332 0.4166666666666667
0 0.7981770833333334 0.4615740740740741 0.0890625 0.15462962962962964
