2 0.0296875 0.5694444444444444 0.020833333333333332 0.044444444444444446
1 0.04973958333333333 0.5685185185185185 0.030729166666666665 0.06296296296296297
1 0.4166666666666667 0.49444444444444446 0.021875 0.03518518518518519
1 0.54765625 0.587037037037037 0.03697916666666667 0.08148148148148149
1 0.56796875 0.6523148148148148 0.03697916666666667 0.08425925925925926
1 0.5986979166666666 0.6032407407407407 0.0359375 0.0712962962962963
1 0.6380208333333334 0.650462962962963 0.053125 0.09537037037037037
0 0.40859375 0.5462962962962963 0.0734375 0.1425925925925926
0 0.6729166666666666 0.8027777777777778 0.29583333333333334 0.3944444444444445
0 0.06848958333333333 0.6916666666666667 0.13385416666666666 0.3074074074074074
0 0.6078125 0.7407407407407408 0.18229166666666666 0.38703703703703707
