1 0.228125 0.375462962962963 0.013541666666666667 0.032407407407407406
1 0.20416666666666666 0.47314814814814815 0.03125 0.05925925925925926
1 0.2 0.42129629629629634 0.02395833333333333 0.053703703703703705
1 0.6260416666666666 0.44953703703703707 0.03125 0.06574074074074074
1 0.6546875 0.4625 0.036458333333333336 0.07314814814814816
2 0.6838541666666667 0.4199074074074074 0.03229166666666666 0.05648148148148149
2 0.7153645833333333 0.44074074074074077 0.028645833333333332 0.05555555555555556
1 0.8861979166666667 0.5388888888888889 0.059895833333333336 0.10925925925925926
2 0.8083333333333333 0.5592592592592592 0.03125 0.07592592592592592
2 0.8361979166666667 0.5777777777777778 0.03177083333333333 0.07222222222222223
0 0.22421875 0.4287037037037037 0.05677083333333333 0.1277777777777778
0 0.7229166666666667 0.538425925925926 0.16875 0.31203703703703706
0 0.6888020833333334 0.6064814814814815 0.21197916666666666 0.37592592592592594
0 0.87265625 0.7324074074074074 0.2546875 0.49444444444444446
0 0.21458333333333332 0.5032407407407408 0.134375 0.28425925925925927
0 0.22890625 0.6282407407407408 0.17447916666666666 0.3675925925925926
