1 0.09270833333333334 0.5509259259259259 0.03958333333333333 0.08518518518518518
1 0.13307291666666665 0.5550925925925926 0.043229166666666666 0.08611111111111111
1 0.1390625 0.40740740740740744 0.02395833333333333 0.053703703703703705
1 0.16614583333333333 0.41435185185185186 0.026041666666666668 0.049074074074074076
1 0.20104166666666667 0.4185185185185185 0.025 0.05
2 0.22057291666666667 0.46064814814814814 0.024479166666666666 0.04166666666666667
1 0.2609375 0.4759259259259259 0.035416666666666666 0.07407407407407407
1 0.2934895833333333 0.48240740740740745 0.028645833333333332 0.061111111111111116
1 0.32838541666666665 0.4601851851851852 0.03802083333333333 0.06666666666666667
1 0.51953125 0.38287037037037036 0.0171875 0.032407407407407406
1 0.7526041666666666 0.5212962962962964 0.06354166666666666 0.10555555555555556
1 0.8325520833333333 0.525 0.0546875 0.1
1 0.8700520833333333 0.4953703703703704 0.0421875 0.08518518518518518
0 0.5153645833333333 0.437962962962963 0.07135416666666666 0.13703703703703704
0 0.9239583333333333 0.6675925925925926 0.15208333333333332 0.4222222222222222
0 0.8463541666666666 0.7402777777777778 0.3072916666666667 0.5194444444444445
0 0.15729166666666666 0.4981481481481482 0.065625 0.22222222222222224
0 0.19479166666666667 0.5041666666666667 0.08125 0.20462962962962963
0 0.3572916666666667 0.5995370370370371 0.16041666666666665 0.33055555555555555
0 0.28802083333333334 0.6351851851851852 0.18229166666666666 0.3851851851851852
0 0.17421875 0.7560185185185185 0.23177083333333334 0.487962962962963
