1 0.09166666666666666 0.4217592592592593 0.035416666666666666 0.05648148148148149
1 0.44296874999999997 0.47824074074074074 0.04114583333333333 0.062037037037037036
1 0.4903645833333333 0.4949074074074074 0.044270833333333336 0.08055555555555556
2 0.6864583333333333 0.5027777777777778 0.030208333333333334 0.06851851851851852
1 0.746875 0.47685185185185186 0.04375 0.0925925925925926
1 0.8533854166666667 0.5736111111111112 0.06614583333333333 0.11388888888888889
0 0.21510416666666665 0.42083333333333334 0.04895833333333333 0.11018518518518519
0 0.7661458333333333 0.6328703703703704 0.23020833333333332 0.3824074074074074
0 0.84921875 0.7615740740740741 0.3015625 0.47685185185185186
0 0.5192708333333333 0.6625 0.22291666666666665 0.4324074074074074
0 0.109375 0.5439814814814815 0.1375 0.28240740740740744
