1 0.0671875 0.5680555555555555 0.03125 0.04722222222222222
1 0.06588541666666667 0.5143518518518518 0.018229166666666668 0.036111111111111115
1 0.13307291666666665 0.6060185185185185 0.030729166666666665 0.062037037037037036
1 0.16119791666666666 0.5393518518518519 0.0265625 0.05092592592592593
1 0.1734375 0.5097222222222222 0.01875 0.032407407407407406
1 0.12291666666666666 0.5074074074074074 0.015625 0.037037037037037035
1 0.22864583333333333 0.5046296296296297 0.022916666666666665 0.037037037037037035
1 0.353125 0.5592592592592592 0.03333333333333333 0.06296296296296297
1 0.42578125 0.5412037037037037 0.024479166666666666 0.05277777777777778
1 0.45390625 0.55 0.0265625 0.05555555555555556
1 0.5291666666666667 0.6731481481481482 0.051041666666666666 0.09814814814814815
1 0.5981770833333333 0.650462962962963 0.05364583333333333 0.09722222222222222
0 0.06588541666666667 0.5768518518518518 0.0640625 0.16296296296296298
0 0.17317708333333334 0.5791666666666667 0.06927083333333334 0.1675925925925926
0 0.22760416666666666 0.5773148148148148 0.08020833333333333 0.18611111111111112
0 0.4734375 0.6532407407407408 0.13125 0.28055555555555556
0 0.6494791666666666 0.7972222222222223 0.3 0.40555555555555556
0 0.3638020833333333 0.6907407407407408 0.15989583333333332 0.32962962962962966
0 0.19010416666666666 0.638888888888889 0.09375 0.24074074074074076
0 0.15677083333333333 0.7351851851851852 0.14791666666666667 0.34074074074074073
0 0.0640625 0.6666666666666667 0.08125 0.26481481481481484
