1 0.024739583333333332 0.49722222222222223 0.034895833333333334 0.07222222222222223
1 0.06796875 0.5180555555555556 0.04010416666666666 0.07685185185185185
1 0.03984375 0.41805555555555557 0.028645833333333332 0.05277777777777778
1 0.07578125 0.42453703703703705 0.025520833333333333 0.05648148148148149
1 0.14921875 0.46435185185185185 0.025520833333333333 0.06759259259259259
1 0.18515625 0.4564814814814815 0.0296875 0.05
1 0.3541666666666667 0.4759259259259259 0.042708333333333334 0.07592592592592592
1 0.5096354166666667 0.4356481481481482 0.027604166666666666 0.05648148148148149
1 0.6546875 0.5768518518518518 0.059375 0.11666666666666667
1 0.6651041666666666 0.49583333333333335 0.04895833333333333 0.10648148148148148
2 0.7041666666666666 0.5050925925925926 0.041666666666666664 0.0787037037037037
0 0.7401041666666667 0.6875 0.2739583333333333 0.47314814814814815
0 0.7002604166666666 0.7555555555555555 0.3494791666666667 0.48703703703703705
0 0.5346354166666667 0.5685185185185185 0.17239583333333333 0.3314814814814815
0 0.365625 0.6361111111111112 0.19375 0.40185185185185185
0 0.2015625 0.5773148148148148 0.14479166666666665 0.30462962962962964
0 0.09609375 0.6925925925925926 0.19010416666666666 0.46481481481481485
0 0.07916666666666666 0.5060185185185185 0.11562499999999999 0.23240740740740742
