1 0.029427083333333333 0.43842592592592594 0.028645833333333332 0.04722222222222222
1 0.008333333333333333 0.4412037037037037 0.015625 0.05277777777777778
1 0.5197916666666667 0.48333333333333334 0.04375 0.1
1 0.5690104166666666 0.4981481481481482 0.044270833333333336 0.08888888888888889
1 0.59921875 0.3814814814814815 0.0171875 0.03333333333333333
1 0.7567708333333333 0.3842592592592593 0.01875 0.03518518518518519
1 0.7729166666666667 0.3800925925925926 0.01875 0.03796296296296296
1 0.9713541666666666 0.5560185185185186 0.05625 0.125
0 0.5940104166666667 0.4462962962962963 0.0890625 0.16111111111111112
0 0.7559895833333333 0.4430555555555556 0.09114583333333333 0.1564814814814815
0 0.91875 0.7518518518518519 0.1625 0.49444444444444446
0 0.5966145833333333 0.6587962962962963 0.23802083333333332 0.4416666666666667
0 0.05703125 0.5467592592592593 0.1109375 0.275
