2 0.44427083333333334 0.5574074074074075 0.014583333333333334 0.044444444444444446
2 0.4609375 0.5620370370370371 0.020833333333333332 0.040740740740740744
2 0.6197916666666666 0.5476851851851852 0.015625 0.03425925925925926
2 0.6354166666666666 0.5449074074074074 0.014583333333333334 0.028703703703703703
1 0.95859375 0.5287037037037037 0.021354166666666667 0.04259259259259259
1 0.9783854166666667 0.5240740740740741 0.019270833333333334 0.040740740740740744
1 0.25104166666666666 0.5722222222222223 0.02395833333333333 0.04259259259259259
1 0.23046875 0.5736111111111112 0.019270833333333334 0.04351851851851852
1 0.024479166666666666 0.5851851851851853 0.013541666666666667 0.031481481481481485
0 0.47031249999999997 0.6111111111111112 0.052083333333333336 0.1462962962962963
0 0.23151041666666666 0.6365740740740741 0.0796875 0.17500000000000002
0 0.44166666666666665 0.6282407407407408 0.08333333333333333 0.17685185185185187
0 0.63203125 0.6087962962962963 0.06510416666666667 0.1564814814814815
0 0.7494791666666667 0.5976851851851852 0.096875 0.16944444444444445
0 0.9505208333333334 0.5944444444444444 0.09895833333333333 0.18703703703703706
