2 0.49973958333333335 0.549537037037037 0.013020833333333334 0.021296296296296296
2 0.5143229166666666 0.5467592592592593 0.01614583333333333 0.026851851851851852
2 0.6294270833333333 0.55 0.01614583333333333 0.02962962962962963
2 0.6416666666666666 0.5532407407407408 0.0125 0.026851851851851852
2 0.6549479166666666 0.5449074074074074 0.018229166666666668 0.030555555555555558
2 0.6153645833333333 0.5777777777777778 0.011979166666666666 0.022222222222222223
2 0.11432291666666666 0.587962962962963 0.011979166666666666 0.024074074074074074
2 0.09479166666666666 0.5777777777777778 0.0125 0.03333333333333333
2 0.08098958333333334 0.575925925925926 0.015104166666666667 0.02962962962962963
0 0.0828125 0.625462962962963 0.07291666666666667 0.125
0 0.09453125 0.6273148148148149 0.059895833333333336 0.11203703703703705
0 0.50078125 0.6078703703703704 0.0828125 0.15833333333333333
0 0.6247395833333333 0.6050925925925926 0.09114583333333333 0.15462962962962964
