1 0.20833333333333334 0.5694444444444444 0.015625 0.031481481481481485
1 0.2895833333333333 0.5675925925925926 0.016666666666666666 0.02962962962962963
1 0.30833333333333335 0.5657407407407408 0.013541666666666667 0.02962962962962963
1 0.36354166666666665 0.5601851851851852 0.017708333333333333 0.031481481481481485
2 0.490625 0.5606481481481481 0.0125 0.032407407407407406
2 0.49947916666666664 0.5592592592592592 0.015625 0.02962962962962963
2 0.59296875 0.5537037037037037 0.0203125 0.044444444444444446
2 0.6341145833333334 0.5472222222222223 0.01614583333333333 0.037037037037037035
2 0.646875 0.5481481481481482 0.013541666666666667 0.031481481481481485
2 0.6606770833333333 0.549074074074074 0.015104166666666667 0.03333333333333333
0 0.2046875 0.6333333333333333 0.07083333333333333 0.15185185185185185
0 0.3598958333333333 0.6217592592592592 0.08229166666666667 0.16018518518518518
0 0.28854166666666664 0.6203703703703703 0.07083333333333333 0.14074074074074075
0 0.48932291666666666 0.6180555555555556 0.08072916666666667 0.1564814814814815
0 0.6463541666666667 0.6148148148148148 0.09895833333333333 0.1814814814814815
0 0.58828125 0.6393518518518518 0.12239583333333333 0.225
