1 0.043229166666666666 0.38703703703703707 0.017708333333333333 0.04259259259259259
2 0.059375 0.3851851851851852 0.026041666666666668 0.0462962962962963
1 0.46328125 0.5578703703703703 0.059895833333333336 0.08796296296296297
1 0.5908854166666666 0.3837962962962963 0.025520833333333333 0.03796296296296296
1 0.47369791666666666 0.3819444444444445 0.01614583333333333 0.025
1 0.45989583333333334 0.3856481481481482 0.016666666666666666 0.030555555555555558
1 0.24270833333333333 0.3819444444444445 0.014583333333333334 0.025
0 0.24114583333333334 0.43333333333333335 0.0625 0.1277777777777778
0 0.03854166666666667 0.44351851851851853 0.07708333333333334 0.16481481481481483
0 0.5067708333333333 0.750925925925926 0.28854166666666664 0.4981481481481482
0 0.58125 0.4481481481481482 0.09166666666666666 0.16296296296296298
