1 0.43984375 0.5958333333333333 0.03697916666666667 0.06944444444444445
1 0.8976562499999999 0.4842592592592593 0.022395833333333334 0.04259259259259259
1 0.9255208333333333 0.47314814814814815 0.03125 0.05185185185185186
2 0.3125 0.5518518518518519 0.026041666666666668 0.0462962962962963
2 0.2799479166666667 0.5555555555555556 0.027604166666666666 0.04814814814814815
1 0.12890625 0.5726851851851852 0.0265625 0.05462962962962963
1 0.10182291666666667 0.5555555555555556 0.0234375 0.05
0 0.890625 0.5708333333333333 0.153125 0.25277777777777777
0 0.46640624999999997 0.7527777777777778 0.20572916666666666 0.38333333333333336
0 0.3223958333333333 0.6680555555555556 0.14166666666666666 0.28240740740740744
0 0.14869791666666665 0.6814814814814815 0.14114583333333333 0.3111111111111111
