2 0.9838541666666667 0.5226851851851853 0.017708333333333333 0.03425925925925926
2 0.96875 0.5620370370370371 0.010416666666666666 0.02592592592592593
1 0.4203125 0.5532407407407408 0.010416666666666666 0.015740740740740743
1 0.4106770833333333 0.5583333333333333 0.0109375 0.022222222222222223
1 0.13463541666666667 0.5773148148148148 0.013020833333333334 0.019444444444444445
1 0.09348958333333333 0.575462962962963 0.0109375 0.019444444444444445
1 0.022916666666666665 0.5893518518518519 0.009375 0.017592592592592594
1 0.049479166666666664 0.5856481481481481 0.009375 0.019444444444444445
1 0.05807291666666667 0.5805555555555556 0.011979166666666666 0.020370370370370372
0 0.020572916666666666 0.6361111111111112 0.034895833333333334 0.11481481481481481
0 0.05572916666666666 0.6240740740740741 0.04375 0.11296296296296297
0 0.09296875 0.6203703703703703 0.0390625 0.11851851851851852
0 0.13619791666666667 0.6097222222222223 0.04114583333333333 0.08981481481481482
0 0.31744791666666666 0.6425925925925926 0.0953125 0.1851851851851852
0 0.4083333333333333 0.6074074074074074 0.06458333333333333 0.12407407407407407
0 0.96171875 0.5912037037037037 0.0765625 0.1638888888888889
