1 0.73515625 0.5416666666666667 0.018229166666666668 0.03518518518518519
1 0.7513020833333334 0.5402777777777777 0.0171875 0.036111111111111115
2 0.575 0.625462962962963 0.026041666666666668 0.0638888888888889
1 0.21614583333333334 0.5680555555555555 0.011458333333333333 0.028703703703703703
2 0.20416666666666666 0.5694444444444444 0.010416666666666666 0.022222222222222223
1 0.05807291666666667 0.5828703703703704 0.0109375 0.019444444444444445
1 0.04583333333333333 0.5791666666666667 0.010416666666666666 0.021296296296296296
1 0.018489583333333334 0.5916666666666667 0.009895833333333333 0.024074074074074074
1 0.03723958333333333 0.5856481481481481 0.0078125 0.019444444444444445
0 0.015625 0.6324074074074074 0.028125 0.11296296296296297
0 0.04296875 0.6291666666666667 0.0421875 0.12314814814814816
0 0.20625 0.6157407407407408 0.04583333333333333 0.11481481481481481
0 0.21380208333333334 0.6185185185185186 0.0609375 0.13518518518518519
0 0.73359375 0.6087962962962963 0.1015625 0.1712962962962963
0 0.5953125 0.7523148148148149 0.2 0.3194444444444445
