1 0.2739583333333333 0.6800925925925926 0.03229166666666666 0.08055555555555556
1 0.23177083333333334 0.576388888888889 0.011458333333333333 0.02314814814814815
1 0.24817708333333333 0.5731481481481482 0.0140625 0.02777777777777778
1 0.42161458333333335 0.5578703703703703 0.0171875 0.03425925925925926
2 0.5966145833333333 0.5458333333333334 0.009895833333333333 0.028703703703703703
2 0.609375 0.5509259259259259 0.013541666666666667 0.022222222222222223
2 0.7786458333333334 0.5430555555555556 0.0125 0.028703703703703703
2 0.7997395833333333 0.5370370370370371 0.015104166666666667 0.02777777777777778
2 0.7890625 0.5731481481481482 0.008333333333333333 0.018518518518518517
0 0.23020833333333332 0.6226851851851852 0.06041666666666667 0.13055555555555556
0 0.41744791666666664 0.6194444444444445 0.09114583333333333 0.16666666666666669
0 0.5958333333333333 0.6018518518518519 0.07708333333333334 0.1388888888888889
0 0.7763020833333333 0.600462962962963 0.09635416666666667 0.15462962962962964
0 0.3106770833333333 0.8212962962962963 0.19635416666666666 0.3574074074074074
