1 0.6138020833333333 0.6861111111111111 0.0453125 0.08703703703703704
1 0.6692708333333334 0.6865740740740741 0.042708333333333334 0.09537037037037037
1 0.6596354166666667 0.5444444444444445 0.0171875 0.03333333333333333
1 0.6861979166666666 0.5444444444444445 0.0171875 0.037037037037037035
1 0.6752604166666667 0.5472222222222223 0.015104166666666667 0.04259259259259259
2 0.45390625 0.563425925925926 0.01614583333333333 0.036111111111111115
2 0.43463541666666666 0.5620370370370371 0.0171875 0.03333333333333333
2 0.42916666666666664 0.5814814814814815 0.013541666666666667 0.02777777777777778
2 0.26197916666666665 0.5726851851851852 0.009375 0.017592592592592594
2 0.24817708333333333 0.5712962962962963 0.009895833333333333 0.018518518518518517
2 0.16510416666666666 0.5787037037037037 0.008333333333333333 0.014814814814814815
2 0.15546875 0.5740740740740741 0.009895833333333333 0.022222222222222223
0 0.24453125 0.6166666666666667 0.0609375 0.11666666666666667
0 0.42734374999999997 0.6342592592592593 0.10052083333333334 0.1851851851851852
0 0.71796875 0.8185185185185185 0.2890625 0.362962962962963
0 0.6645833333333333 0.612037037037037 0.09791666666666667 0.17407407407407408
