1 0.9729166666666667 0.43333333333333335 0.021875 0.04259259259259259
1 0.8526041666666666 0.45 0.017708333333333333 0.03333333333333333
1 0.8333333333333334 0.44212962962962965 0.016666666666666666 0.032407407407407406
1 0.8036458333333333 0.44953703703703707 0.014583333333333334 0.032407407407407406
1 0.70625 0.46111111111111114 0.015625 0.031481481481481485
1 0.67109375 0.4601851851851852 0.01614583333333333 0.03333333333333333
1 0.5979166666666667 0.45972222222222225 0.015625 0.030555555555555558
1 0.4578125 0.4712962962962963 0.015625 0.02962962962962963
1 0.44244791666666666 0.4726851851851852 0.0140625 0.030555555555555558
1 0.428125 0.47453703703703703 0.014583333333333334 0.030555555555555558
1 0.41354166666666664 0.47685185185185186 0.011458333333333333 0.022222222222222223
1 0.3677083333333333 0.4800925925925926 0.010416666666666666 0.025
1 0.3559895833333333 0.4777777777777778 0.0109375 0.020370370370370372
1 0.34401041666666665 0.47962962962962963 0.013020833333333334 0.022222222222222223
1 0.33125 0.47824074074074074 0.013541666666666667 0.025
1 0.31328125 0.4814814814814815 0.011979166666666666 0.022222222222222223
1 0.30104166666666665 0.48750000000000004 0.011458333333333333 0.025
1 0.27109375 0.48564814814814816 0.011979166666666666 0.021296296296296296
1 0.24661458333333333 0.48888888888888893 0.0109375 0.022222222222222223
1 0.19479166666666667 0.4935185185185185 0.010416666666666666 0.024074074074074074
1 0.17994791666666665 0.4902777777777778 0.011979166666666666 0.025
1 0.16770833333333332 0.4949074074074074 0.010416666666666666 0.021296296296296296
1 0.14635416666666667 0.49583333333333335 0.0125 0.02314814814814815
1 0.13645833333333332 0.4949074074074074 0.010416666666666666 0.025
0 0.14427083333333332 0.5523148148148148 0.06041666666666667 0.14166666666666666
0 0.26796875 0.538425925925926 0.06302083333333333 0.1287037037037037
0 0.3325520833333333 0.538425925925926 0.0734375 0.15092592592592594
0 0.41302083333333334 0.5324074074074074 0.06770833333333333 0.1425925925925926
0 0.1875 0.5444444444444445 0.04895833333333333 0.1462962962962963
0 0.6666666666666666 0.5296296296296297 0.09270833333333334 0.17222222222222222
0 0.8263020833333333 0.5185185185185185 0.10989583333333333 0.19074074074074074
0 0.9481770833333333 0.5087962962962963 0.08697916666666666 0.18981481481481483
0 0.7161458333333334 0.5208333333333334 0.071875 0.16018518518518518
0 0.7822916666666666 0.5175925925925926 0.07916666666666666 0.17592592592592593
