1 0.9718749999999999 0.43842592592592594 0.019791666666666666 0.04166666666666667
1 0.9893229166666666 0.44212962962962965 0.01614583333333333 0.030555555555555558
1 0.853125 0.45 0.014583333333333334 0.037037037037037035
1 0.8333333333333334 0.4444444444444445 0.016666666666666666 0.03888888888888889
1 0.8158854166666667 0.4462962962962963 0.01614583333333333 0.03888888888888889
1 0.8020833333333334 0.44953703703703707 0.014583333333333334 0.036111111111111115
1 0.7046875 0.46296296296296297 0.016666666666666666 0.02962962962962963
1 0.6619791666666667 0.46342592592592596 0.016666666666666666 0.036111111111111115
1 0.5979166666666667 0.4620370370370371 0.015625 0.031481481481481485
1 0.428125 0.47731481481481486 0.013541666666666667 0.026851851851851852
1 0.41875 0.4763888888888889 0.010416666666666666 0.02314814814814815
1 0.37473958333333335 0.47824074074074074 0.0109375 0.02314814814814815
1 0.35651041666666666 0.4777777777777778 0.0109375 0.02777777777777778
1 0.33098958333333334 0.4763888888888889 0.0109375 0.02314814814814815
1 0.3203125 0.48333333333333334 0.011458333333333333 0.024074074074074074
1 0.34401041666666665 0.4800925925925926 0.009895833333333333 0.025
1 0.3013020833333333 0.48935185185185187 0.011979166666666666 0.026851851851851852
1 0.27109375 0.4851851851851852 0.011979166666666666 0.024074074074074074
1 0.24791666666666667 0.4902777777777778 0.011458333333333333 0.021296296296296296
1 0.14661458333333333 0.4962962962962963 0.011979166666666666 0.022222222222222223
1 0.16692708333333334 0.4935185185185185 0.008854166666666666 0.018518518518518517
1 0.178125 0.49074074074074076 0.0125 0.024074074074074074
1 0.19296875 0.4949074074074074 0.0109375 0.021296296296296296
1 0.13385416666666666 0.49259259259259264 0.010416666666666666 0.020370370370370372
0 0.14375 0.5527777777777778 0.06041666666666667 0.1425925925925926
0 0.2674479166666667 0.538425925925926 0.06302083333333333 0.1287037037037037
0 0.33229166666666665 0.538425925925926 0.07395833333333333 0.15092592592592594
0 0.4127604166666667 0.5328703703703704 0.0671875 0.14351851851851852
0 0.3536458333333333 0.5393518518518519 0.08854166666666667 0.16203703703703703
0 0.18671875 0.5444444444444445 0.049479166666666664 0.1462962962962963
0 0.6609375 0.5296296296296297 0.09479166666666666 0.17222222222222222
0 0.825 0.5185185185185185 0.10729166666666666 0.19074074074074074
0 0.9434895833333333 0.5083333333333333 0.08177083333333333 0.18888888888888888
0 0.9604166666666667 0.5171296296296296 0.07916666666666666 0.19907407407407407
0 0.7143229166666667 0.5208333333333334 0.07552083333333333 0.16018518518518518
0 0.7802083333333333 0.5180555555555556 0.08333333333333333 0.17685185185185187
