1 0.07838541666666667 0.3763888888888889 0.0109375 0.02314814814814815
1 0.17760416666666667 0.3814814814814815 0.011458333333333333 0.02962962962962963
1 0.1921875 0.3787037037037037 0.0125 0.02592592592592593
1 0.55546875 0.38981481481481484 0.015104166666666667 0.02777777777777778
1 0.6049479166666667 0.39861111111111114 0.021354166666666667 0.04166666666666667
1 0.63828125 0.40740740740740744 0.021354166666666667 0.044444444444444446
0 0.07473958333333333 0.42083333333333334 0.04739583333333333 0.1175925925925926
0 0.1765625 0.425 0.059375 0.12962962962962962
0 0.55 0.4527777777777778 0.08333333333333333 0.15555555555555556
0 0.5567708333333333 0.4462962962962963 0.04791666666666666 0.1537037037037037
0 0.5989583333333334 0.4800925925925926 0.125 0.2175925925925926
