1 0.7377604166666667 0.4481481481481482 0.01614583333333333 0.03518518518518519
1 0.7611979166666667 0.45092592592592595 0.015104166666666667 0.03518518518518519
1 0.7143229166666667 0.4550925925925926 0.013020833333333334 0.032407407407407406
1 0.62109375 0.46435185185185185 0.013020833333333334 0.025
1 0.5158854166666667 0.4689814814814815 0.011979166666666666 0.02314814814814815
1 0.5010416666666666 0.4708333333333333 0.013541666666666667 0.028703703703703703
1 0.21770833333333334 0.49953703703703706 0.01875 0.03425925925925926
1 0.20729166666666665 0.5032407407407408 0.010416666666666666 0.03425925925925926
1 0.284375 0.4902777777777778 0.009375 0.025
1 0.2973958333333333 0.4851851851851852 0.010416666666666666 0.02962962962962963
1 0.24635416666666665 0.4828703703703704 0.014583333333333334 0.025
1 0.190625 0.4930555555555556 0.009375 0.026851851851851852
1 0.1546875 0.4949074074074074 0.013541666666666667 0.030555555555555558
1 0.14166666666666666 0.4935185185185185 0.0125 0.031481481481481485
1 0.11380208333333333 0.4939814814814815 0.011979166666666666 0.025
1 0.1328125 0.4949074074074074 0.010416666666666666 0.025
1 0.06354166666666666 0.500462962962963 0.010416666666666666 0.025
1 0.09401041666666667 0.4986111111111111 0.011979166666666666 0.026851851851851852
0 0.20807291666666666 0.5652777777777778 0.08385416666666666 0.17685185185185187
0 0.06354166666666666 0.5564814814814815 0.06354166666666666 0.13518518518518519
0 0.13776041666666666 0.549074074074074 0.0765625 0.1462962962962963
0 0.22005208333333334 0.5407407407407407 0.0734375 0.14444444444444446
0 0.6192708333333333 0.5268518518518519 0.08645833333333333 0.15555555555555556
0 0.5119791666666667 0.5259259259259259 0.08125 0.15185185185185185
0 0.6950520833333333 0.5212962962962964 0.0734375 0.16666666666666669
0 0.728125 0.5236111111111111 0.09895833333333333 0.18425925925925926
