1 0.3796875 0.6333333333333333 0.03854166666666667 0.07407407407407407
2 0.31484375 0.5351851851851852 0.01614583333333333 0.05
1 0.028906249999999998 0.5703703703703704 0.0265625 0.05185185185185186
1 0.12135416666666667 0.5 0.01875 0.03518518518518519
1 0.06380208333333333 0.5 0.013020833333333334 0.024074074074074074
1 0.00546875 0.5060185185185185 0.008854166666666666 0.019444444444444445
1 0.0796875 0.5032407407407408 0.010416666666666666 0.021296296296296296
0 0.31796875 0.6421296296296296 0.09635416666666667 0.2657407407407408
0 0.4263020833333333 0.7925925925925926 0.23906249999999998 0.412962962962963
0 0.13307291666666665 0.5791666666666667 0.0921875 0.20277777777777778
0 0.06197916666666667 0.6972222222222223 0.12083333333333333 0.3148148148148148
0 0.06354166666666666 0.55 0.052083333333333336 0.12037037037037038
