1 0.10729166666666666 0.4425925925925926 0.03125 0.05555555555555556
1 0.46171875 0.38796296296296295 0.013020833333333334 0.020370370370370372
1 0.4734375 0.3856481481481482 0.0125 0.021296296296296296
1 0.6692708333333334 0.38703703703703707 0.011458333333333333 0.03333333333333333
1 0.7544270833333333 0.6023148148148149 0.0546875 0.09351851851851853
1 0.81640625 0.5986111111111111 0.059895833333333336 0.10833333333333334
0 0.45390625 0.4388888888888889 0.07135416666666666 0.12962962962962962
0 0.659375 0.4518518518518519 0.09270833333333334 0.16111111111111112
0 0.8375 0.7708333333333334 0.325 0.45833333333333337
0 0.12838541666666667 0.5675925925925926 0.15364583333333334 0.3092592592592593
