2 0.5080729166666667 0.5597222222222222 0.0109375 0.025
2 0.51796875 0.5601851851851852 0.013020833333333334 0.02777777777777778
2 0.53203125 0.5606481481481481 0.011979166666666666 0.025
2 0.5440104166666666 0.5615740740740741 0.0140625 0.026851851851851852
1 0.5614583333333333 0.5523148148148148 0.016666666666666666 0.030555555555555558
2 0.5770833333333333 0.5509259259259259 0.0125 0.02592592592592593
1 0.41875 0.5620370370370371 0.011458333333333333 0.02592592592592593
1 0.4028645833333333 0.5583333333333333 0.013020833333333334 0.024074074074074074
1 0.2828125 0.5722222222222223 0.0125 0.024074074074074074
1 0.2661458333333333 0.5666666666666667 0.010416666666666666 0.020370370370370372
1 0.009635416666666667 0.5884259259259259 0.013020833333333334 0.026851851851851852
1 0.06276041666666667 0.5819444444444445 0.011979166666666666 0.021296296296296296
2 0.08020833333333333 0.5893518518518519 0.009375 0.015740740740740743
1 0.11354166666666667 0.5828703703703704 0.010416666666666666 0.017592592592592594
1 0.12213541666666666 0.5805555555555556 0.0109375 0.022222222222222223
0 0.0609375 0.6337962962962963 0.05625 0.125
0 0.5036458333333333 0.625 0.09270833333333334 0.16666666666666669
0 0.5658854166666667 0.6138888888888889 0.058854166666666666 0.16111111111111112
0 0.3984375 0.6138888888888889 0.07291666666666667 0.14074074074074075
