1 0.14296875 0.5509259259259259 0.025520833333333333 0.0462962962962963
1 0.2513020833333333 0.6467592592592593 0.0328125 0.07314814814814816
1 0.2559895833333333 0.5125000000000001 0.015104166666666667 0.03796296296296296
1 0.27369791666666665 0.5236111111111111 0.0203125 0.03796296296296296
1 0.34270833333333334 0.5523148148148148 0.02395833333333333 0.05277777777777778
1 0.36614583333333334 0.575925925925926 0.025 0.05740740740740741
1 0.3802083333333333 0.5550925925925926 0.021875 0.04722222222222222
1 0.39739583333333334 0.5444444444444445 0.022916666666666665 0.05
1 0.5684895833333333 0.5375 0.0265625 0.05092592592592593
0 0.58828125 0.6476851851851853 0.16510416666666666 0.28425925925925927
0 0.4005208333333333 0.7199074074074074 0.18333333333333332 0.3527777777777778
0 0.28671875 0.8 0.21927083333333333 0.3962962962962963
0 0.39609375 0.6699074074074074 0.1578125 0.2916666666666667
0 0.16041666666666665 0.6648148148148149 0.12604166666666666 0.2796296296296296
0 0.27708333333333335 0.600925925925926 0.09270833333333334 0.21851851851851853
