1 0.2877604166666667 0.638888888888889 0.022395833333333334 0.044444444444444446
1 0.31536458333333334 0.6347222222222223 0.0203125 0.04166666666666667
1 0.35078125 0.7027777777777778 0.0296875 0.06666666666666667
1 0.44375 0.6902777777777778 0.029166666666666667 0.06574074074074074
1 0.4692708333333333 0.6013888888888889 0.021875 0.04722222222222222
1 0.6466145833333333 0.6347222222222223 0.025520833333333333 0.05092592592592593
1 0.6893229166666667 0.6277777777777778 0.0328125 0.06851851851851852
0 0.728125 0.775 0.22916666666666666 0.37222222222222223
0 0.50234375 0.8212962962962963 0.18072916666666666 0.3574074074074074
0 0.37890625 0.8300925925925926 0.22135416666666666 0.33981481481481485
0 0.47760416666666666 0.7060185185185186 0.15104166666666666 0.2675925925925926
0 0.3234375 0.7416666666666667 0.12291666666666666 0.26666666666666666
