1 0.5299479166666666 0.49212962962962964 0.011979166666666666 0.025
1 0.54609375 0.49768518518518523 0.0171875 0.03981481481481482
1 0.5723958333333333 0.49722222222222223 0.017708333333333333 0.03888888888888889
1 0.6697916666666667 0.5064814814814815 0.015625 0.03518518518518519
1 0.6921875 0.5083333333333333 0.01875 0.0462962962962963
1 0.81484375 0.4986111111111111 0.0203125 0.04537037037037037
1 0.7390625 0.49444444444444446 0.0125 0.02777777777777778
1 0.7260416666666667 0.4939814814814815 0.0125 0.028703703703703703
1 0.7171875 0.48888888888888893 0.010416666666666666 0.02777777777777778
0 0.8096354166666666 0.5972222222222222 0.1515625 0.25
0 0.5494791666666666 0.5819444444444445 0.11875 0.2175925925925926
0 0.66796875 0.5949074074074074 0.13072916666666667 0.22870370370370371
