1 0.23776041666666667 0.4953703703703704 0.015104166666666667 0.02777777777777778
1 0.5135416666666667 0.4847222222222222 0.021875 0.03796296296296296
1 0.5895833333333333 0.4763888888888889 0.015625 0.03796296296296296
1 0.6135416666666667 0.4708333333333333 0.0125 0.032407407407407406
1 0.6369791666666667 0.4675925925925926 0.017708333333333333 0.03888888888888889
1 0.9598958333333333 0.4430555555555556 0.019791666666666666 0.036111111111111115
1 0.5981770833333333 0.46342592592592596 0.0140625 0.028703703703703703
0 0.5125 0.5643518518518519 0.11145833333333333 0.2064814814814815
0 0.5916666666666667 0.549074074074074 0.096875 0.20185185185185187
0 0.23645833333333333 0.5712962962962963 0.09479166666666666 0.18703703703703706
0 0.6354166666666666 0.5564814814814815 0.13020833333333334 0.22592592592592595
0 0.9486979166666667 0.5106481481481482 0.10260416666666666 0.18055555555555555
