1 0.058854166666666666 0.6138888888888889 0.03229166666666666 0.06481481481481481
1 0.09453125 0.5027777777777778 0.01614583333333333 0.031481481481481485
1 0.128125 0.513888888888889 0.016666666666666666 0.03518518518518519
2 0.23984375 0.5282407407407408 0.01614583333333333 0.036111111111111115
1 0.2203125 0.5111111111111112 0.022916666666666665 0.03888888888888889
1 0.265625 0.549537037037037 0.025 0.04722222222222222
1 0.26979166666666665 0.49583333333333335 0.016666666666666666 0.036111111111111115
1 0.28802083333333334 0.500925925925926 0.019791666666666666 0.037037037037037035
1 0.5822916666666667 0.5453703703703704 0.030208333333333334 0.05740740740740741
1 0.71953125 0.6 0.04114583333333333 0.08333333333333334
1 0.7815104166666667 0.6541666666666667 0.050520833333333334 0.10462962962962963
0 0.8273437499999999 0.7981481481481482 0.3286458333333333 0.40370370370370373
0 0.73828125 0.7740740740740741 0.22343749999999998 0.4351851851851852
0 0.6114583333333333 0.6773148148148148 0.190625 0.3416666666666667
0 0.2786458333333333 0.6592592592592593 0.14479166666666665 0.26851851851851855
0 0.21666666666666667 0.6291666666666667 0.06458333333333333 0.23240740740740742
0 0.30442708333333335 0.575462962962963 0.10052083333333334 0.1953703703703704
0 0.08984375 0.7555555555555555 0.14322916666666666 0.3685185185185185
0 0.14036458333333332 0.5925925925925926 0.0890625 0.19814814814814816
0 0.09036458333333333 0.5726851851851852 0.05260416666666667 0.17685185185185187
