1 0.78828125 0.5532407407407408 0.024479166666666666 0.049074074074074076
1 0.8158854166666667 0.5865740740740741 0.018229166666666668 0.04166666666666667
1 0.84609375 0.5569444444444445 0.0265625 0.049074074074074076
2 0.8846354166666667 0.5435185185185185 0.013020833333333334 0.022222222222222223
2 0.9049479166666666 0.537962962962963 0.0140625 0.031481481481481485
1 0.37604166666666666 0.6439814814814815 0.026041666666666668 0.06018518518518519
1 0.34661458333333334 0.6324074074074074 0.025520833333333333 0.05
2 0.2875 0.5990740740740741 0.013541666666666667 0.02962962962962963
2 0.2669270833333333 0.5944444444444444 0.018229166666666668 0.03518518518518519
2 0.04739583333333333 0.7060185185185186 0.025 0.06018518518518519
1 0.03671875 0.5773148148148148 0.005729166666666666 0.017592592592592594
0 0.8533854166666667 0.6643518518518519 0.18489583333333334 0.27870370370370373
0 0.4015625 0.7782407407407408 0.19375 0.3490740740740741
0 0.2875 0.6842592592592592 0.08958333333333333 0.23148148148148148
0 0.8820312499999999 0.6060185185185185 0.10781249999999999 0.17685185185185187
0 0.07630208333333333 0.8328703703703704 0.1515625 0.33425925925925926
