2 0.17708333333333334 0.5314814814814816 0.015625 0.03518518518518519
1 0.20442708333333334 0.5296296296296297 0.019270833333333334 0.04814814814814815
1 0.37916666666666665 0.6152777777777778 0.03333333333333333 0.06574074074074074
1 0.4200520833333333 0.5884259259259259 0.030729166666666665 0.05092592592592593
1 0.9736979166666666 0.46990740740740744 0.021354166666666667 0.049074074074074076
1 0.8270833333333333 0.5981481481481482 0.05 0.10185185185185186
1 0.403125 0.48888888888888893 0.011458333333333333 0.024074074074074074
1 0.38828125 0.4949074074074074 0.008854166666666666 0.02314814814814815
1 0.3807291666666667 0.49953703703703706 0.008333333333333333 0.019444444444444445
1 0.13828125 0.5083333333333333 0.009895833333333333 0.020370370370370372
0 0.8578125 0.7777777777777778 0.284375 0.4425925925925926
0 0.42682291666666666 0.788425925925926 0.23385416666666667 0.42314814814814816
0 0.47161458333333334 0.7217592592592593 0.13802083333333334 0.32685185185185184
0 0.21380208333333334 0.6189814814814815 0.11197916666666667 0.23611111111111113
0 0.9367187499999999 0.5736111111111112 0.1265625 0.2601851851851852
0 0.38619791666666664 0.5453703703703704 0.07135416666666666 0.14074074074074075
