1 0.2526041666666667 0.5537037037037037 0.025 0.05185185185185186
1 0.33151041666666664 0.4949074074074074 0.008854166666666666 0.019444444444444445
1 0.2559895833333333 0.4986111111111111 0.009895833333333333 0.021296296296296296
1 0.24557291666666667 0.4990740740740741 0.009895833333333333 0.016666666666666666
1 0.09010416666666667 0.5328703703703704 0.01875 0.03796296296296296
1 0.17682291666666666 0.5087962962962963 0.0140625 0.030555555555555558
1 0.20729166666666665 0.5032407407407408 0.010416666666666666 0.021296296296296296
1 0.21744791666666666 0.5106481481481482 0.0078125 0.015740740740740743
0 0.27682291666666664 0.6601851851851852 0.1328125 0.27592592592592596
0 0.171875 0.575925925925926 0.07708333333333334 0.17592592592592593
0 0.10390624999999999 0.6175925925925926 0.1015625 0.21851851851851853
0 0.24479166666666666 0.549074074074074 0.058333333333333334 0.13148148148148148
0 0.6578125 0.5416666666666667 0.084375 0.1537037037037037
0 0.728125 0.5439814814814815 0.08333333333333333 0.16574074074074074
