1 0.01015625 0.6574074074074074 0.0203125 0.04814814814814815
1 0.040364583333333336 0.6592592592592593 0.0234375 0.05
1 0.9130208333333333 0.6689814814814815 0.03958333333333333 0.08796296296296297
1 0.5640625 0.6490740740740741 0.03333333333333333 0.061111111111111116
1 0.20520833333333333 0.5712962962962963 0.008333333333333333 0.020370370370370372
1 0.2171875 0.5703703703703704 0.010416666666666666 0.018518518518518517
1 0.030729166666666665 0.5782407407407407 0.008333333333333333 0.025
0 0.028645833333333332 0.6208333333333333 0.04895833333333333 0.10833333333333334
0 0.20182291666666666 0.6171296296296297 0.05677083333333333 0.11388888888888889
0 0.9041666666666667 0.8120370370370371 0.19166666666666665 0.37592592592592594
0 0.5859375 0.8050925925925926 0.21770833333333334 0.3842592592592593
0 0.07005208333333333 0.7847222222222222 0.14010416666666667 0.30462962962962964
