2 0.09895833333333333 0.6027777777777777 0.014583333333333334 0.03333333333333333
2 0.11953124999999999 0.6106481481481482 0.015104166666666667 0.028703703703703703
1 0.18098958333333334 0.6407407407407407 0.0234375 0.04259259259259259
1 0.22317708333333333 0.6421296296296296 0.0234375 0.05092592592592593
1 0.3567708333333333 0.5703703703703704 0.014583333333333334 0.03333333333333333
1 0.37890625 0.5699074074074074 0.013020833333333334 0.02314814814814815
1 0.45468749999999997 0.6245370370370371 0.027083333333333334 0.05462962962962963
2 0.6768229166666666 0.6194444444444445 0.018229166666666668 0.044444444444444446
2 0.6940104166666666 0.6106481481481482 0.0140625 0.03981481481481482
1 0.725 0.6 0.022916666666666665 0.05555555555555556
2 0.7450520833333333 0.6393518518518518 0.019270833333333334 0.04537037037037037
1 0.7994791666666666 0.5486111111111112 0.016666666666666666 0.03981481481481482
1 0.68203125 0.5421296296296296 0.015104166666666667 0.026851851851851852
0 0.3541666666666667 0.6356481481481482 0.090625 0.1787037037037037
0 0.7515625 0.7180555555555556 0.203125 0.2990740740740741
0 0.4817708333333333 0.7583333333333334 0.171875 0.3314814814814815
0 0.7958333333333333 0.6111111111111112 0.103125 0.1685185185185185
0 0.24192708333333332 0.7777777777777778 0.17135416666666667 0.3388888888888889
0 0.12578125 0.6949074074074074 0.08177083333333333 0.22870370370370371
