1 0.0609375 0.5768518518518518 0.013541666666666667 0.024074074074074074
1 0.08125 0.5888888888888889 0.015625 0.031481481481481485
1 0.13098958333333333 0.6916666666666667 0.030729166666666665 0.061111111111111116
1 0.18359375 0.6990740740740741 0.0328125 0.06481481481481481
1 0.3763020833333333 0.6314814814814815 0.0328125 0.053703703703703705
1 0.4036458333333333 0.5611111111111111 0.014583333333333334 0.024074074074074074
1 0.603125 0.675462962962963 0.0375 0.0712962962962963
1 0.9276041666666667 0.5370370370370371 0.016666666666666666 0.037037037037037035
0 0.0609375 0.637962962962963 0.065625 0.1537037037037037
0 0.40078125 0.6148148148148148 0.0703125 0.14074074074074075
0 0.6606770833333333 0.8157407407407408 0.26510416666666664 0.3685185185185185
0 0.9190104166666666 0.6069444444444445 0.11302083333333333 0.16944444444444445
0 0.41171874999999997 0.763425925925926 0.1796875 0.33425925925925926
0 0.20416666666666666 0.8282407407407407 0.18645833333333334 0.34351851851851856
0 0.08177083333333333 0.6564814814814816 0.07291666666666667 0.1814814814814815
