2 0.096875 0.6023148148148149 0.014583333333333334 0.03425925925925926
2 0.11197916666666667 0.612037037037037 0.009375 0.031481481481481485
2 0.12421875 0.6074074074074074 0.015104166666666667 0.03888888888888889
2 0.13541666666666666 0.6342592592592593 0.015625 0.02962962962962963
1 0.32838541666666665 0.5699074074074074 0.0140625 0.026851851851851852
2 0.3536458333333333 0.5611111111111111 0.011458333333333333 0.024074074074074074
2 0.3424479166666667 0.563425925925926 0.009895833333333333 0.021296296296296296
1 0.5096354166666667 0.5583333333333333 0.0140625 0.02777777777777778
1 0.5247395833333334 0.5476851851851852 0.015104166666666667 0.028703703703703703
0 0.13567708333333334 0.6912037037037038 0.1015625 0.21203703703703705
0 0.32786458333333335 0.6171296296296297 0.0609375 0.13425925925925927
0 0.33932291666666664 0.6208333333333333 0.07864583333333333 0.15462962962962964
0 0.51015625 0.6111111111111112 0.0796875 0.17222222222222222
0 0.690625 0.5921296296296297 0.07291666666666667 0.13796296296296298
