2 0.15286458333333333 0.575925925925926 0.008854166666666666 0.018518518518518517
2 0.16223958333333333 0.5703703703703704 0.009895833333333333 0.020370370370370372
1 0.21614583333333334 0.576388888888889 0.008333333333333333 0.021296296296296296
1 0.23151041666666666 0.5745370370370371 0.008854166666666666 0.021296296296296296
1 0.4596354166666667 0.5550925925925926 0.011979166666666666 0.021296296296296296
1 0.6122395833333333 0.5569444444444445 0.0109375 0.03425925925925926
1 0.6 0.5921296296296297 0.015625 0.030555555555555558
0 0.9502604166666666 0.6990740740740741 0.09947916666666666 0.3148148148148148
0 0.21614583333333334 0.6208333333333333 0.05625 0.1287037037037037
0 0.15130208333333334 0.6282407407407408 0.0671875 0.14166666666666666
0 0.29713541666666665 0.6162037037037037 0.06927083333333334 0.14907407407407408
0 0.46067708333333335 0.6064814814814815 0.05364583333333333 0.12592592592592594
0 0.6703125 0.5990740740740741 0.078125 0.14814814814814814
0 0.60859375 0.6435185185185185 0.12343749999999999 0.2111111111111111
0 0.7513020833333334 0.6055555555555556 0.10260416666666666 0.17962962962962964
0 0.8692708333333333 0.5976851851851852 0.078125 0.16944444444444445
