1 0.421875 0.6949074074074074 0.03229166666666666 0.06574074074074074
1 0.4596354166666667 0.6703703703703704 0.0328125 0.05555555555555556
2 0.5083333333333333 0.7356481481481482 0.019791666666666666 0.05462962962962963
2 0.05651041666666667 0.7083333333333334 0.024479166666666666 0.05555555555555556
2 0.08489583333333334 0.7125 0.030208333333333334 0.06574074074074074
2 0.11536458333333333 0.6555555555555556 0.018229166666666668 0.044444444444444446
1 0.15390625 0.587962962962963 0.015104166666666667 0.031481481481481485
1 0.07630208333333333 0.6430555555555556 0.0234375 0.04722222222222222
0 0.50859375 0.8180555555555555 0.23489583333333333 0.36388888888888893
0 0.16640625 0.6564814814814816 0.06927083333333334 0.17962962962962964
0 0.11848958333333333 0.8296296296296297 0.18697916666666667 0.34074074074074073
0 0.1296875 0.7712962962962964 0.14270833333333333 0.312962962962963
