1 0.17786458333333333 0.5800925925925926 0.013020833333333334 0.02314814814814815
2 0.26848958333333334 0.5884259259259259 0.019270833333333334 0.03425925925925926
1 0.403125 0.6175925925925926 0.020833333333333332 0.04259259259259259
1 0.42343749999999997 0.6291666666666667 0.028125 0.05092592592592593
2 0.4669270833333333 0.5981481481481482 0.019270833333333334 0.037037037037037035
2 0.4984375 0.6027777777777777 0.019791666666666666 0.044444444444444446
1 0.7682291666666666 0.6203703703703703 0.03125 0.06851851851851852
1 0.8052083333333333 0.6833333333333333 0.03854166666666667 0.06851851851851852
1 0.8721354166666666 0.6717592592592593 0.0421875 0.07314814814814816
1 0.8645833333333334 0.7453703703703703 0.04583333333333333 0.08703703703703704
1 0.9380208333333333 0.7611111111111112 0.06458333333333333 0.10185185185185186
2 0.82890625 0.75 0.025520833333333333 0.05740740740740741
0 0.72890625 0.7824074074074074 0.13177083333333334 0.40370370370370373
0 0.8401041666666667 0.8120370370370371 0.15625 0.37592592592592594
0 0.5208333333333334 0.7212962962962963 0.16354166666666667 0.3
0 0.44557291666666665 0.7574074074074074 0.17135416666666667 0.33333333333333337
0 0.29270833333333335 0.6967592592592593 0.159375 0.26944444444444443
0 0.175 0.6407407407407407 0.07291666666666667 0.1574074074074074
