1 0.09765625 0.5828703703703704 0.013020833333333334 0.025
2 0.36744791666666665 0.6800925925925926 0.0265625 0.05277777777777778
1 0.40781249999999997 0.6958333333333334 0.03125 0.0712962962962963
2 0.44244791666666666 0.7333333333333334 0.0203125 0.044444444444444446
1 0.66953125 0.5995370370370371 0.025520833333333333 0.06018518518518519
1 0.8666666666666667 0.6351851851851852 0.03229166666666666 0.06851851851851852
1 0.93515625 0.6347222222222223 0.03177083333333333 0.06944444444444445
2 0.9598958333333333 0.5370370370370371 0.014583333333333334 0.02962962962962963
2 0.9734375 0.5361111111111111 0.0125 0.02777777777777778
0 0.45651041666666664 0.8185185185185185 0.24635416666666665 0.362962962962963
0 0.9111979166666666 0.7962962962962963 0.17760416666666667 0.40740740740740744
0 0.6950520833333333 0.7430555555555556 0.2203125 0.36203703703703705
0 0.9502604166666666 0.6027777777777777 0.09947916666666666 0.17407407407407408
