1 0.00703125 0.6129629629629629 0.0140625 0.03888888888888889
1 0.11302083333333333 0.5773148148148148 0.010416666666666666 0.02314814814814815
1 0.28020833333333334 0.5643518518518519 0.011458333333333333 0.021296296296296296
1 0.29010416666666666 0.625925925925926 0.01875 0.044444444444444446
1 0.4348958333333333 0.6513888888888889 0.028125 0.05462962962962963
1 0.49192708333333335 0.649537037037037 0.0265625 0.06018518518518519
2 0.5151041666666667 0.7166666666666667 0.022916666666666665 0.044444444444444446
0 0.5231770833333333 0.8055555555555556 0.22135416666666666 0.3851851851851852
0 0.30104166666666665 0.7597222222222223 0.159375 0.3175925925925926
0 0.035416666666666666 0.7037037037037037 0.06770833333333333 0.22592592592592595
0 0.109375 0.6222222222222222 0.05625 0.11666666666666667
0 0.2716145833333333 0.6157407407407408 0.057812499999999996 0.13333333333333333
