1 0.03854166666666667 0.6236111111111111 0.026041666666666668 0.04537037037037037
1 0.9122395833333333 0.6768518518518519 0.0359375 0.06666666666666667
2 0.6549479166666666 0.7300925925925926 0.03802083333333333 0.09537037037037037
2 0.3989583333333333 0.6944444444444444 0.03229166666666666 0.06296296296296297
1 0.33671875 0.675462962962963 0.027604166666666666 0.05462962962962963
1 0.34088541666666666 0.6263888888888889 0.022395833333333334 0.04722222222222222
1 0.10625 0.6527777777777778 0.021875 0.04814814814814815
0 0.9072916666666666 0.8175925925925926 0.18541666666666667 0.3648148148148148
0 0.33619791666666665 0.6912037037037038 0.10052083333333334 0.18796296296296297
0 0.325 0.8 0.11770833333333333 0.32222222222222224
0 0.12604166666666666 0.762962962962963 0.13229166666666667 0.2740740740740741
0 0.05026041666666667 0.687962962962963 0.0671875 0.18703703703703706
