1 0.6432291666666666 0.6226851851851852 0.026041666666666668 0.05092592592592593
1 0.6875 0.6240740740740741 0.03125 0.05185185185185186
1 0.5161458333333333 0.6324074074074074 0.03229166666666666 0.061111111111111116
2 0.4752604166666667 0.5689814814814815 0.015104166666666667 0.030555555555555558
2 0.3169270833333333 0.5611111111111111 0.0109375 0.020370370370370372
2 0.3072916666666667 0.5671296296296297 0.008333333333333333 0.017592592592592594
1 0.9463541666666666 0.5439814814814815 0.020833333333333332 0.03981481481481482
0 0.5559895833333334 0.7976851851851852 0.22447916666666667 0.4027777777777778
0 0.7138020833333333 0.7648148148148148 0.21302083333333333 0.35000000000000003
0 0.30442708333333335 0.6125 0.06822916666666666 0.13425925925925927
0 0.46822916666666664 0.6324074074074074 0.07916666666666666 0.16666666666666669
