1 0.15911458333333334 0.5986111111111111 0.033854166666666664 0.0638888888888889
1 0.2994791666666667 0.4851851851851852 0.014583333333333334 0.024074074074074074
1 0.8234374999999999 0.5546296296296297 0.0375 0.06481481481481481
1 0.8901041666666667 0.5541666666666667 0.03333333333333333 0.075
1 0.7518229166666667 0.4550925925925926 0.009895833333333333 0.025
1 0.7697916666666667 0.4601851851851852 0.014583333333333334 0.02592592592592593
0 0.30182291666666666 0.5351851851851852 0.06197916666666667 0.1277777777777778
0 0.7486979166666666 0.5222222222222223 0.1015625 0.15925925925925927
0 0.8976562499999999 0.7106481481481481 0.2046875 0.38796296296296295
0 0.18046875 0.7513888888888889 0.17864583333333334 0.3768518518518519
