2 0.13177083333333334 0.5782407407407407 0.0125 0.019444444444444445
2 0.16432291666666665 0.5768518518518518 0.011979166666666666 0.020370370370370372
2 0.17760416666666667 0.5699074074074074 0.008333333333333333 0.01388888888888889
2 0.26875 0.5643518518518519 0.010416666666666666 0.017592592592592594
2 0.27708333333333335 0.5791666666666667 0.007291666666666667 0.01388888888888889
2 0.2856770833333333 0.5689814814814815 0.008854166666666666 0.017592592592592594
1 0.9072916666666666 0.5212962962962964 0.013541666666666667 0.02962962962962963
2 0.8846354166666667 0.5296296296296297 0.009895833333333333 0.018518518518518517
1 0.8786458333333333 0.524537037037037 0.013541666666666667 0.02314814814814815
1 0.7833333333333333 0.5365740740740741 0.014583333333333334 0.032407407407407406
1 0.7630208333333334 0.5435185185185185 0.015625 0.03518518518518519
2 0.5901041666666667 0.5740740740740741 0.011458333333333333 0.020370370370370372
1 0.59375 0.5532407407407408 0.0125 0.025
1 0.5739583333333333 0.5532407407407408 0.013541666666666667 0.025
2 0.5002604166666667 0.5550925925925926 0.009895833333333333 0.017592592592592594
2 0.49192708333333335 0.5555555555555556 0.009895833333333333 0.020370370370370372
0 0.16822916666666665 0.6171296296296297 0.03958333333333333 0.1175925925925926
0 0.27291666666666664 0.611574074074074 0.05625 0.1175925925925926
0 0.48854166666666665 0.6060185185185185 0.071875 0.13425925925925927
0 0.7575520833333333 0.6097222222222223 0.1171875 0.18796296296296297
0 0.5671875 0.6152777777777778 0.090625 0.1638888888888889
0 0.8736979166666666 0.587037037037037 0.1015625 0.16296296296296298
