1 0.959375 0.5370370370370371 0.014583333333333334 0.03333333333333333
1 0.9815104166666666 0.5231481481481481 0.0171875 0.02962962962962963
2 0.23958333333333334 0.6805555555555556 0.026041666666666668 0.05740740740740741
2 0.21614583333333334 0.6787037037037037 0.022916666666666665 0.05185185185185186
1 0.528125 0.5462962962962963 0.013541666666666667 0.024074074074074074
2 0.5138020833333333 0.5550925925925926 0.011979166666666666 0.026851851851851852
1 0.49296875 0.5527777777777778 0.011979166666666666 0.02592592592592593
1 0.47578125 0.5578703703703703 0.011979166666666666 0.021296296296296296
1 0.40390624999999997 0.563425925925926 0.009895833333333333 0.021296296296296296
1 0.38697916666666665 0.563425925925926 0.0125 0.02314814814814815
2 0.3966145833333333 0.5805555555555556 0.0109375 0.018518518518518517
2 0.3078125 0.5680555555555555 0.010416666666666666 0.021296296296296296
2 0.29921875 0.5652777777777778 0.0078125 0.019444444444444445
2 0.16432291666666665 0.5768518518518518 0.0078125 0.018518518518518517
2 0.15078125 0.5777777777777778 0.0078125 0.014814814814814815
2 0.15572916666666667 0.5875 0.008333333333333333 0.015740740740740743
0 0.26875 0.8212962962962963 0.18958333333333333 0.3574074074074074
0 0.9473958333333333 0.5972222222222222 0.10520833333333333 0.18888888888888888
0 0.15572916666666667 0.6138888888888889 0.03333333333333333 0.10370370370370371
0 0.29661458333333335 0.6111111111111112 0.057812499999999996 0.11851851851851852
0 0.46770833333333334 0.6185185185185186 0.0875 0.16666666666666669
0 0.384375 0.6203703703703703 0.071875 0.1462962962962963
0 0.5223958333333333 0.600925925925926 0.040625 0.1388888888888889
