1 0.5002604166666667 0.5513888888888889 0.009895833333333333 0.021296296296296296
2 0.48828125 0.5518518518518519 0.009895833333333333 0.020370370370370372
1 0.4739583333333333 0.5560185185185186 0.009375 0.02314814814814815
1 0.39817708333333335 0.5592592592592592 0.0140625 0.02592592592592593
1 0.38359375 0.5527777777777778 0.011979166666666666 0.024074074074074074
2 0.35833333333333334 0.5694444444444444 0.010416666666666666 0.018518518518518517
2 0.34401041666666665 0.5685185185185185 0.0109375 0.020370370370370372
2 0.33515625 0.5671296296296297 0.009895833333333333 0.02314814814814815
2 0.3234375 0.5620370370370371 0.010416666666666666 0.020370370370370372
1 0.05520833333333333 0.5796296296296296 0.009375 0.016666666666666666
1 0.04635416666666667 0.5865740740740741 0.009375 0.019444444444444445
1 0.031510416666666666 0.5888888888888889 0.008854166666666666 0.018518518518518517
0 0.0515625 0.6324074074074074 0.059375 0.12962962962962962
0 0.31223958333333335 0.6134259259259259 0.04635416666666667 0.1287037037037037
0 0.3375 0.6277777777777778 0.08125 0.14814814814814814
0 0.49921875 0.6101851851851852 0.08177083333333333 0.15185185185185185
0 0.46796875 0.6083333333333334 0.06510416666666667 0.15
0 0.9341145833333333 0.6050925925925926 0.1171875 0.1787037037037037
