2 0.7833333333333333 0.5435185185185185 0.011458333333333333 0.02592592592592593
2 0.8104166666666667 0.5467592592592593 0.011458333333333333 0.026851851851851852
1 0.73046875 0.6518518518518519 0.025520833333333333 0.06851851851851852
1 0.6854166666666667 0.6416666666666667 0.03333333333333333 0.06296296296296297
2 0.7973958333333333 0.5657407407407408 0.010416666666666666 0.016666666666666666
1 0.15755208333333334 0.7425925925925926 0.03802083333333333 0.07592592592592592
1 0.09427083333333333 0.7527777777777778 0.034375 0.07592592592592592
1 0.19947916666666665 0.6902777777777778 0.030208333333333334 0.06574074074074074
2 0.24635416666666665 0.7060185185185186 0.029166666666666667 0.06018518518518519
1 0.22552083333333334 0.6398148148148148 0.030208333333333334 0.053703703703703705
1 0.2669270833333333 0.6513888888888889 0.030729166666666665 0.062037037037037036
1 0.02734375 0.6574074074074074 0.0203125 0.04259259259259259
1 0.007552083333333333 0.65 0.0140625 0.044444444444444446
0 0.7638020833333333 0.8041666666666667 0.2630208333333333 0.39166666666666666
0 0.3067708333333333 0.7935185185185185 0.19375 0.37592592592592594
0 0.27734375 0.8226851851851852 0.20677083333333332 0.35462962962962963
0 0.1703125 0.8425925925925927 0.21979166666666666 0.3148148148148148
0 0.7833333333333333 0.6074074074074074 0.10104166666666667 0.16296296296296298
0 0.03828125 0.7652777777777778 0.07447916666666667 0.27685185185185185
