2 0.12552083333333333 0.5833333333333334 0.0125 0.020370370370370372
2 0.13880208333333333 0.5847222222222223 0.0078125 0.017592592592592594
2 0.37213541666666666 0.637962962962963 0.022395833333333334 0.05
1 0.49322916666666666 0.7226851851851852 0.040625 0.08055555555555556
1 0.5450520833333333 0.7388888888888889 0.043229166666666666 0.09074074074074075
1 0.7932291666666667 0.549537037037037 0.02395833333333333 0.04351851851851852
2 0.76796875 0.5662037037037038 0.019270833333333334 0.03425925925925926
2 0.8166666666666667 0.6027777777777777 0.016666666666666666 0.02777777777777778
0 0.13255208333333332 0.6175925925925926 0.04635416666666667 0.1
0 0.8255208333333334 0.6662037037037037 0.17604166666666665 0.2916666666666667
0 0.5932291666666667 0.837962962962963 0.28229166666666666 0.32407407407407407
0 0.37890625 0.7777777777777778 0.16510416666666666 0.33333333333333337
