2 0.9479166666666666 0.5240740740740741 0.016666666666666666 0.03333333333333333
2 0.9755208333333333 0.5435185185185185 0.014583333333333334 0.02592592592592593
2 0.3411458333333333 0.6287037037037038 0.019791666666666666 0.04259259259259259
2 0.31927083333333334 0.6287037037037038 0.015625 0.037037037037037035
2 0.3072916666666667 0.625462962962963 0.015625 0.036111111111111115
1 0.03411458333333333 0.6194444444444445 0.019270833333333334 0.037037037037037035
1 0.007291666666666667 0.6240740740740741 0.014583333333333334 0.02962962962962963
1 0.07578125 0.5833333333333334 0.0067708333333333336 0.016666666666666666
1 0.08177083333333333 0.5787037037037037 0.007291666666666667 0.014814814814814815
0 0.35390625 0.7273148148148149 0.14635416666666667 0.25277777777777777
0 0.04791666666666666 0.712962962962963 0.09166666666666666 0.22962962962962963
0 0.9361979166666666 0.5995370370370371 0.11614583333333334 0.1824074074074074
0 0.0765625 0.6189814814814815 0.036458333333333336 0.10277777777777779
