1 0.9783854166666667 0.6185185185185186 0.04010416666666666 0.07777777777777778
1 0.46432291666666664 0.5648148148148149 0.0109375 0.022222222222222223
1 0.45234375 0.5592592592592592 0.013020833333333334 0.024074074074074074
2 0.3880208333333333 0.5606481481481481 0.010416666666666666 0.017592592592592594
1 0.3302083333333333 0.5620370370370371 0.0125 0.020370370370370372
2 0.34296875 0.576388888888889 0.009895833333333333 0.030555555555555558
2 0.3578125 0.5731481481481482 0.014583333333333334 0.02592592592592593
2 0.028906249999999998 0.5861111111111111 0.0078125 0.014814814814814815
2 0.019791666666666666 0.5819444444444445 0.00625 0.012037037037037037
0 0.027604166666666666 0.6273148148148149 0.04479166666666667 0.10833333333333334
0 0.44921875 0.6162037037037037 0.08072916666666667 0.1564814814814815
0 0.34348958333333335 0.6333333333333333 0.0796875 0.15
0 0.3893229166666667 0.6092592592592593 0.0421875 0.12592592592592594
0 0.33541666666666664 0.6171296296296297 0.05 0.13611111111111113
0 0.9377604166666667 0.787962962962963 0.12447916666666667 0.4240740740740741
