1 0.8682291666666666 0.5305555555555556 0.016666666666666666 0.031481481481481485
1 0.7393229166666666 0.6666666666666667 0.03802083333333333 0.06666666666666667
1 0.6747395833333333 0.6671296296296296 0.03697916666666667 0.06944444444444445
1 0.4140625 0.638888888888889 0.029166666666666667 0.061111111111111116
1 0.375 0.611574074074074 0.026041666666666668 0.05462962962962963
1 0.22916666666666666 0.7046296296296296 0.035416666666666666 0.06666666666666667
1 0.06484375 0.6703703703703704 0.0265625 0.061111111111111116
0 0.2625 0.6023148148148149 0.04479166666666667 0.08425925925925926
0 0.8645833333333334 0.6050925925925926 0.11458333333333333 0.19166666666666668
0 0.7731770833333333 0.8092592592592593 0.2817708333333333 0.3814814814814815
0 0.43463541666666666 0.7592592592592593 0.18385416666666665 0.362962962962963
0 0.2552083333333333 0.8333333333333334 0.21458333333333332 0.33333333333333337
0 0.08828125 0.8120370370370371 0.12239583333333333 0.3462962962962963
