2 0.10729166666666666 0.5837962962962964 0.009375 0.019444444444444445
2 0.11484375 0.5888888888888889 0.008854166666666666 0.016666666666666666
2 0.12395833333333334 0.5888888888888889 0.009375 0.016666666666666666
1 0.33515625 0.5606481481481481 0.009895833333333333 0.019444444444444445
2 0.22291666666666665 0.638888888888889 0.022916666666666665 0.05185185185185186
1 0.26848958333333334 0.7263888888888889 0.0328125 0.07685185185185185
1 0.56796875 0.6143518518518519 0.0265625 0.058333333333333334
1 0.5989583333333334 0.6171296296296297 0.03125 0.062037037037037036
1 0.8195312499999999 0.65 0.033854166666666664 0.06851851851851852
2 0.9395833333333333 0.6037037037037037 0.028125 0.061111111111111116
0 0.10833333333333334 0.6282407407407408 0.051041666666666666 0.11574074074074074
0 0.33359375 0.6180555555555556 0.0703125 0.14351851851851852
0 0.9325520833333333 0.7296296296296296 0.13489583333333333 0.32407407407407407
0 0.8645833333333334 0.8055555555555556 0.2708333333333333 0.3888888888888889
0 0.6291666666666667 0.7708333333333334 0.21875 0.375
0 0.3 0.8375 0.2520833333333333 0.325
0 0.19192708333333333 0.7791666666666667 0.10572916666666667 0.34351851851851856
