1 0.019791666666666666 0.5888888888888889 0.029166666666666667 0.05185185185185186
1 0.28072916666666664 0.5884259259259259 0.029166666666666667 0.0638888888888889
1 0.378125 0.6462962962962964 0.027083333333333334 0.061111111111111116
1 0.4161458333333333 0.638888888888889 0.03125 0.06481481481481481
1 0.9236979166666667 0.5481481481481482 0.027604166666666666 0.05185185185185186
1 0.9609375 0.5328703703703704 0.027083333333333334 0.05462962962962963
2 0.2546875 0.5703703703703704 0.026041666666666668 0.05555555555555556
2 0.21328125 0.562962962962963 0.025520833333333333 0.05555555555555556
0 0.9445312499999999 0.6527777777777778 0.1109375 0.3037037037037037
0 0.4453125 0.7986111111111112 0.23229166666666667 0.4027777777777778
0 0.27291666666666664 0.7236111111111111 0.153125 0.3472222222222222
0 0.22447916666666667 0.6768518518518519 0.06979166666666667 0.29814814814814816
0 0.04583333333333333 0.7175925925925927 0.09166666666666666 0.32222222222222224
