1 0.5736979166666667 0.5527777777777778 0.011979166666666666 0.024074074074074074
2 0.5877604166666667 0.5541666666666667 0.009895833333333333 0.017592592592592594
1 0.60078125 0.5449074074074074 0.013020833333333334 0.02314814814814815
1 0.625 0.5407407407407407 0.015625 0.024074074074074074
1 0.64921875 0.5444444444444445 0.0140625 0.02592592592592593
2 0.29453125 0.6675925925925926 0.028645833333333332 0.05
2 0.2778645833333333 0.6532407407407408 0.018229166666666668 0.04537037037037037
1 0.01484375 0.6375000000000001 0.022395833333333334 0.04537037037037037
0 0.3106770833333333 0.8115740740740741 0.1921875 0.3768518518518519
0 0.5666666666666667 0.6092592592592593 0.08958333333333333 0.16111111111111112
0 0.6177083333333333 0.6092592592592593 0.10520833333333333 0.17222222222222222
0 0.04010416666666666 0.7472222222222222 0.078125 0.2777777777777778
