1 0.5575520833333333 0.5365740740740741 0.0203125 0.03981481481481482
1 0.5971354166666667 0.538425925925926 0.0234375 0.049074074074074076
2 0.5705729166666667 0.5657407407407408 0.018229166666666668 0.031481481481481485
1 0.921875 0.5967592592592593 0.035416666666666666 0.0712962962962963
1 0.98828125 0.5907407407407408 0.021354166666666667 0.06851851851851852
1 0.3065104166666667 0.5791666666666667 0.025520833333333333 0.05092592592592593
1 0.017708333333333333 0.6152777777777778 0.026041666666666668 0.049074074074074076
2 0.026822916666666665 0.6800925925925926 0.024479166666666666 0.04722222222222222
1 0.06276041666666667 0.5370370370370371 0.0234375 0.04259259259259259
1 0.03854166666666667 0.5398148148148149 0.01875 0.04259259259259259
2 0.06953125 0.5731481481481482 0.01614583333333333 0.031481481481481485
0 0.9393229166666667 0.774537037037037 0.12135416666666667 0.45092592592592595
0 0.6197916666666666 0.6532407407407408 0.18020833333333333 0.2935185185185185
0 0.3341145833333333 0.725462962962963 0.1828125 0.3527777777777778
0 0.0546875 0.7703703703703704 0.10833333333333334 0.3888888888888889
0 0.071875 0.6370370370370371 0.10625 0.24814814814814815
