1 0.5036458333333333 0.5699074074074074 0.028125 0.06574074074074074
1 0.5473958333333333 0.5601851851851852 0.026041666666666668 0.05555555555555556
2 0.5666666666666667 0.5282407407407408 0.016666666666666666 0.04166666666666667
2 0.5450520833333333 0.5203703703703704 0.0203125 0.04259259259259259
2 0.9096354166666667 0.47500000000000003 0.0203125 0.03333333333333333
1 0.2046875 0.6268518518518519 0.029166666666666667 0.053703703703703705
1 0.17630208333333333 0.5856481481481481 0.024479166666666666 0.04537037037037037
1 0.21614583333333334 0.5824074074074075 0.022916666666666665 0.04814814814814815
1 0.038802083333333334 0.562962962962963 0.019270833333333334 0.044444444444444446
1 0.0265625 0.5620370370370371 0.014583333333333334 0.03333333333333333
0 0.9 0.5365740740740741 0.11041666666666666 0.1712962962962963
0 0.596875 0.6421296296296296 0.14479166666666665 0.2916666666666667
0 0.5765625 0.7171296296296297 0.20520833333333333 0.39166666666666666
0 0.22864583333333333 0.7773148148148148 0.20520833333333333 0.36944444444444446
0 0.23203125 0.6976851851851852 0.1578125 0.3416666666666667
0 0.058854166666666666 0.6652777777777779 0.1125 0.26203703703703707
