1 0.46901041666666665 0.6861111111111111 0.0359375 0.06481481481481481
1 0.5296875 0.6851851851851852 0.026041666666666668 0.06296296296296297
1 0.22161458333333334 0.6328703703703704 0.021354166666666667 0.04722222222222222
1 0.1203125 0.5680555555555555 0.010416666666666666 0.019444444444444445
1 0.08645833333333333 0.5962962962962963 0.016666666666666666 0.031481481481481485
2 0.071875 0.5930555555555556 0.013541666666666667 0.028703703703703703
1 0.06354166666666666 0.5712962962962963 0.0125 0.02777777777777778
0 0.0609375 0.6416666666666667 0.07083333333333333 0.16666666666666669
0 0.12265625 0.6143518518518519 0.0484375 0.12314814814814816
0 0.56640625 0.8212962962962963 0.24739583333333334 0.3574074074074074
0 0.24244791666666665 0.7643518518518518 0.15572916666666667 0.32685185185185184
0 0.09609375 0.6638888888888889 0.0859375 0.19074074074074074
