1 0.02395833333333333 0.47175925925925927 0.017708333333333333 0.036111111111111115
1 0.043229166666666666 0.45972222222222225 0.025 0.05648148148148149
1 0.08854166666666667 0.4240740740740741 0.022916666666666665 0.0462962962962963
1 0.34739583333333335 0.4800925925925926 0.027083333333333334 0.05277777777777778
1 0.384375 0.4898148148148148 0.03333333333333333 0.05740740740740741
1 0.40234375 0.42592592592592593 0.0265625 0.05
2 0.434375 0.44074074074074077 0.022916666666666665 0.05185185185185186
1 0.46510416666666665 0.3875 0.010416666666666666 0.019444444444444445
1 0.9026041666666667 0.4481481481481482 0.027083333333333334 0.05555555555555556
0 0.46640624999999997 0.4388888888888889 0.06614583333333333 0.13148148148148148
0 0.9 0.6060185185185185 0.2 0.3824074074074074
0 0.4614583333333333 0.5546296296296297 0.15208333333333332 0.31666666666666665
0 0.40625 0.638888888888889 0.20104166666666667 0.3888888888888889
0 0.12317708333333333 0.5425925925925926 0.1140625 0.29814814814814816
0 0.06380208333333333 0.5800925925925926 0.12343749999999999 0.30092592592592593
