2 0.5375 0.6810185185185186 0.034375 0.06759259259259259
2 0.57734375 0.6888888888888889 0.03802083333333333 0.08703703703703704
2 0.35963541666666665 0.6402777777777778 0.019270833333333334 0.04351851851851852
2 0.33046875 0.6347222222222223 0.024479166666666666 0.05648148148148149
2 0.44947916666666665 0.5601851851851852 0.010416666666666666 0.020370370370370372
2 0.4661458333333333 0.5537037037037037 0.010416666666666666 0.018518518518518517
2 0.2674479166666667 0.5638888888888889 0.0109375 0.020370370370370372
1 0.25104166666666666 0.5662037037037038 0.0125 0.021296296296296296
2 0.10833333333333334 0.6041666666666667 0.0125 0.030555555555555558
2 0.08151041666666667 0.5814814814814815 0.0078125 0.018518518518518517
2 0.0953125 0.5810185185185185 0.010416666666666666 0.019444444444444445
0 0.08151041666666667 0.625925925925926 0.058854166666666666 0.11296296296296297
0 0.24661458333333333 0.6226851851851852 0.07239583333333333 0.14537037037037037
0 0.4440104166666667 0.6101851851851852 0.07552083333333333 0.14074074074074075
0 0.3770833333333333 0.7625000000000001 0.165625 0.325
0 0.6356770833333333 0.8212962962962963 0.2671875 0.3574074074074074
0 0.11197916666666667 0.6953703703703704 0.11458333333333333 0.23703703703703705
