2 0.20598958333333334 0.6347222222222223 0.021354166666666667 0.03981481481481482
2 0.07526041666666666 0.5842592592592593 0.008854166666666666 0.016666666666666666
2 0.08671875 0.5750000000000001 0.009895833333333333 0.018518518518518517
2 0.7833333333333333 0.6180555555555556 0.028125 0.058333333333333334
2 0.8080729166666667 0.6416666666666667 0.021354166666666667 0.0462962962962963
2 0.8450520833333334 0.6148148148148148 0.0296875 0.061111111111111116
2 0.8783854166666667 0.6722222222222223 0.030729166666666665 0.05740740740740741
2 0.95 0.5287037037037037 0.014583333333333334 0.02962962962962963
2 0.96484375 0.5361111111111111 0.013020833333333334 0.02962962962962963
2 0.98125 0.5314814814814816 0.013541666666666667 0.02777777777777778
0 0.07213541666666666 0.6236111111111111 0.0546875 0.11388888888888889
0 0.9393229166666667 0.6046296296296296 0.12135416666666667 0.17592592592592593
0 0.86796875 0.7912037037037037 0.2640625 0.4175925925925926
0 0.22161458333333334 0.7680555555555556 0.14739583333333334 0.3212962962962963
