1 0.8020833333333334 0.6268518518518519 0.052083333333333336 0.07777777777777778
1 0.57734375 0.575925925925926 0.028645833333333332 0.061111111111111116
1 0.54375 0.5620370370370371 0.021875 0.05
1 0.60859375 0.48333333333333334 0.013020833333333334 0.020370370370370372
1 0.6255208333333333 0.4814814814814815 0.0125 0.024074074074074074
2 0.18020833333333333 0.6305555555555555 0.026041666666666668 0.04814814814814815
1 0.15989583333333332 0.6189814814814815 0.027083333333333334 0.04722222222222222
1 0.2752604166666667 0.49583333333333335 0.011979166666666666 0.02314814814814815
1 0.2908854166666667 0.5018518518518519 0.011979166666666666 0.022222222222222223
0 0.27057291666666666 0.549537037037037 0.0640625 0.1287037037037037
0 0.6049479166666667 0.5370370370370371 0.07864583333333333 0.13333333333333333
0 0.8463541666666666 0.7893518518518519 0.3072916666666667 0.42129629629629634
0 0.6106770833333334 0.7087962962962964 0.20781249999999998 0.3527777777777778
0 0.20911458333333333 0.7949074074074074 0.20781249999999998 0.4101851851851852
