1 0.59296875 0.6231481481481481 0.024479166666666666 0.0462962962962963
1 0.6375 0.6041666666666667 0.03125 0.0712962962962963
2 0.6653645833333334 0.6620370370370371 0.022395833333333334 0.044444444444444446
1 0.8114583333333333 0.6273148148148149 0.0375 0.06759259259259259
1 0.8802083333333334 0.6314814814814815 0.036458333333333336 0.06666666666666667
1 0.84921875 0.674074074074074 0.028645833333333332 0.05925925925925926
1 0.2622395833333333 0.6351851851851852 0.0203125 0.04259259259259259
1 0.23124999999999998 0.6486111111111111 0.021875 0.04166666666666667
0 0.19557291666666665 0.6231481481481481 0.059895833333333336 0.12222222222222223
0 0.6791666666666667 0.75 0.2125 0.3648148148148148
0 0.8846354166666667 0.7958333333333334 0.23072916666666665 0.4083333333333333
0 0.28125 0.7550925925925926 0.14791666666666667 0.28425925925925927
