1 0.98125 0.5208333333333334 0.027083333333333334 0.06018518518518519
1 0.8611979166666667 0.44722222222222224 0.0171875 0.03333333333333333
1 0.8322916666666667 0.4537037037037037 0.014583333333333334 0.02777777777777778
1 0.6765625 0.45416666666666666 0.015625 0.02314814814814815
1 0.48802083333333335 0.5652777777777778 0.03125 0.05092592592592593
1 0.4244791666666667 0.6111111111111112 0.034375 0.07037037037037037
1 0.3765625 0.6199074074074075 0.036458333333333336 0.06944444444444445
1 0.4354166666666667 0.47453703703703703 0.013541666666666667 0.02314814814814815
1 0.34791666666666665 0.4777777777777778 0.010416666666666666 0.018518518518518517
1 0.3380208333333333 0.48055555555555557 0.009375 0.018518518518518517
2 0.23463541666666665 0.5300925925925926 0.0140625 0.032407407407407406
2 0.2171875 0.5324074074074074 0.017708333333333333 0.03333333333333333
1 0.25 0.4916666666666667 0.009375 0.016666666666666666
0 0.25807291666666665 0.5375 0.0453125 0.11944444444444445
0 0.3328125 0.5273148148148148 0.06041666666666667 0.1175925925925926
0 0.671875 0.5194444444444445 0.08958333333333333 0.15
0 0.8252604166666666 0.5175925925925926 0.09739583333333333 0.16481481481481483
0 0.9440104166666666 0.6777777777777778 0.11197916666666667 0.3648148148148148
0 0.5411458333333333 0.7037037037037037 0.14895833333333333 0.34074074074074073
0 0.46015625 0.7726851851851853 0.24010416666666667 0.4046296296296297
0 0.2484375 0.6273148148148149 0.11354166666666667 0.24166666666666667
