1 0.9638020833333333 0.5273148148148148 0.03802083333333333 0.08425925925925926
1 0.59375 0.5597222222222222 0.03854166666666667 0.06574074074074074
1 0.4942708333333333 0.5416666666666667 0.028125 0.05
1 0.5013020833333334 0.5125000000000001 0.021354166666666667 0.036111111111111115
1 0.4765625 0.5236111111111111 0.019791666666666666 0.03425925925925926
1 0.26536458333333335 0.5416666666666667 0.025520833333333333 0.0462962962962963
1 0.23359375 0.5449074074074074 0.0234375 0.04351851851851852
1 0.2942708333333333 0.48750000000000004 0.008333333333333333 0.01388888888888889
1 0.31145833333333334 0.48564814814814816 0.009375 0.017592592592592594
1 0.11536458333333333 0.5 0.0109375 0.018518518518518517
1 0.10729166666666666 0.4967592592592593 0.007291666666666667 0.015740740740740743
1 0.007552083333333333 0.5064814814814815 0.009895833333333333 0.018518518518518517
0 0.10677083333333333 0.5361111111111111 0.04583333333333333 0.1
0 0.29270833333333335 0.5356481481481482 0.059375 0.1212962962962963
0 0.51171875 0.5810185185185185 0.1171875 0.1824074074074074
0 0.62734375 0.7175925925925927 0.22760416666666666 0.3962962962962963
0 0.5015625 0.6449074074074075 0.15625 0.26203703703703707
0 0.2703125 0.5805555555555556 0.11041666666666666 0.12592592592592594
