1 0.9518229166666666 0.4412037037037037 0.015104166666666667 0.03796296296296296
1 0.9294270833333333 0.44907407407407407 0.019270833333333334 0.044444444444444446
1 0.6174479166666667 0.5662037037037038 0.030729166666666665 0.06759259259259259
1 0.5684895833333333 0.5597222222222222 0.028645833333333332 0.05462962962962963
1 0.58515625 0.5328703703703704 0.0296875 0.062037037037037036
2 0.33697916666666666 0.48055555555555557 0.010416666666666666 0.024074074074074074
0 0.33203125 0.5333333333333333 0.06510416666666667 0.1277777777777778
0 0.9197916666666667 0.5115740740740741 0.1125 0.16944444444444445
0 0.6028645833333334 0.6782407407407408 0.1515625 0.3416666666666667
0 0.6471354166666666 0.725 0.2296875 0.4
