1 0.8846354166666667 0.48055555555555557 0.034895833333333334 0.06666666666666667
1 0.8752604166666667 0.4430555555555556 0.0359375 0.06018518518518519
1 0.8348958333333333 0.4935185185185185 0.030208333333333334 0.061111111111111116
1 0.8080729166666667 0.4532407407407408 0.034895833333333334 0.0638888888888889
1 0.41041666666666665 0.3856481481481482 0.009375 0.015740740740740743
1 0.008333333333333333 0.4416666666666667 0.016666666666666666 0.044444444444444446
2 0.016927083333333332 0.3768518518518519 0.008854166666666666 0.016666666666666666
0 0.4067708333333333 0.4393518518518519 0.07291666666666667 0.13240740740740742
0 0.01875 0.4189814814814815 0.0375 0.10833333333333334
0 0.8361979166666667 0.5847222222222223 0.12135416666666667 0.34351851851851856
0 0.89296875 0.6550925925925927 0.2140625 0.42685185185185187
0 0.04401041666666666 0.5523148148148148 0.08802083333333333 0.275
