1 0.9541666666666666 0.6930555555555555 0.046875 0.08055555555555556
1 0.90234375 0.6300925925925926 0.03802083333333333 0.08981481481481482
1 0.83984375 0.6587962962962963 0.03697916666666667 0.0712962962962963
1 0.8260416666666667 0.5240740740740741 0.027083333333333334 0.05740740740740741
1 0.7963541666666667 0.5222222222222223 0.029166666666666667 0.05185185185185186
1 0.7651041666666667 0.5671296296296297 0.03854166666666667 0.06944444444444445
1 0.7893229166666667 0.4513888888888889 0.01614583333333333 0.02314814814814815
1 0.76484375 0.4601851851851852 0.0109375 0.018518518518518517
1 0.6270833333333333 0.45925925925925926 0.013541666666666667 0.022222222222222223
1 0.6130208333333333 0.46111111111111114 0.011458333333333333 0.020370370370370372
1 0.26875 0.5740740740740741 0.025 0.05185185185185186
1 0.050520833333333334 0.6055555555555556 0.028125 0.053703703703703705
0 0.42682291666666666 0.5273148148148148 0.0796875 0.1398148148148148
0 0.6104166666666666 0.5148148148148148 0.08125 0.1425925925925926
0 0.7630208333333334 0.512962962962963 0.09895833333333333 0.15555555555555556
0 0.8742187499999999 0.6439814814814815 0.19739583333333333 0.30648148148148147
0 0.7453125 0.7226851851851852 0.16145833333333334 0.4101851851851852
0 0.8869791666666667 0.7907407407407407 0.22604166666666667 0.4185185185185185
0 0.2953125 0.7097222222222223 0.165625 0.33611111111111114
0 0.08463541666666667 0.7560185185185185 0.15677083333333333 0.3712962962962963
