1 0.9536458333333333 0.5962962962962963 0.046875 0.08703703703703704
1 0.9619791666666666 0.5398148148148149 0.04583333333333333 0.09074074074074075
1 0.8953125 0.5740740740740741 0.03854166666666667 0.07592592592592592
1 0.7033854166666667 0.5532407407407408 0.028645833333333332 0.05648148148148149
1 0.6614583333333334 0.5361111111111111 0.036458333333333336 0.061111111111111116
2 0.490625 0.5092592592592593 0.021875 0.044444444444444446
1 0.46588541666666666 0.5212962962962964 0.0203125 0.04259259259259259
1 0.3893229166666667 0.5435185185185185 0.028645833333333332 0.04814814814814815
1 0.26536458333333335 0.575462962962963 0.0328125 0.06018518518518519
1 0.21875 0.5675925925925926 0.022916666666666665 0.04814814814814815
1 0.0953125 0.4949074074074074 0.009375 0.012037037037037037
0 0.0875 0.5361111111111111 0.0375 0.09814814814814815
0 0.9291666666666667 0.7236111111111111 0.14166666666666666 0.44907407407407407
0 0.7268229166666667 0.6847222222222222 0.22760416666666666 0.3509259259259259
0 0.51796875 0.6268518518518519 0.1546875 0.2814814814814815
0 0.40546875 0.6537037037037037 0.15364583333333334 0.27592592592592596
0 0.2838541666666667 0.7055555555555556 0.178125 0.34074074074074073
