1 0.4666666666666667 0.6527777777777778 0.036458333333333336 0.07592592592592592
1 0.4244791666666667 0.6375000000000001 0.035416666666666666 0.0787037037037037
1 0.540625 0.5513888888888889 0.02395833333333333 0.05092592592592593
2 0.5122395833333333 0.5652777777777778 0.0234375 0.04722222222222222
1 0.28411458333333334 0.5435185185185185 0.022395833333333334 0.0462962962962963
1 0.059375 0.5425925925925926 0.016666666666666666 0.03333333333333333
1 0.007552083333333333 0.5023148148148149 0.008854166666666666 0.017592592592592594
0 0.0171875 0.5449074074074074 0.034375 0.10833333333333334
0 0.5713541666666666 0.7046296296296296 0.18541666666666667 0.3703703703703704
0 0.30494791666666665 0.6546296296296297 0.1453125 0.27222222222222225
0 0.5028645833333333 0.7962962962962963 0.26197916666666665 0.40740740740740744
0 0.07395833333333333 0.6365740740740741 0.11458333333333333 0.23425925925925928
