1 0.7796875 0.6805555555555556 0.036458333333333336 0.07592592592592592
1 0.7893229166666667 0.6199074074074075 0.03177083333333333 0.05648148148148149
1 0.7348958333333333 0.6175925925925926 0.030208333333333334 0.06296296296296297
1 0.6557291666666667 0.55 0.0125 0.022222222222222223
1 0.5140625 0.5578703703703703 0.011458333333333333 0.021296296296296296
1 0.4822916666666667 0.6 0.019791666666666666 0.044444444444444446
1 0.2484375 0.5685185185185185 0.010416666666666666 0.020370370370370372
1 0.2140625 0.5666666666666667 0.009375 0.020370370370370372
1 0.01875 0.5782407407407407 0.009375 0.015740740740740743
0 0.21171874999999998 0.6162037037037037 0.059895833333333336 0.12685185185185185
0 0.24375 0.6199074074074075 0.06458333333333333 0.125
0 0.5096354166666667 0.6175925925925926 0.0828125 0.1462962962962963
0 0.64609375 0.6138888888888889 0.0953125 0.15555555555555556
0 0.8182291666666667 0.7657407407407407 0.23229166666666667 0.3648148148148148
0 0.8270833333333333 0.8189814814814815 0.2947916666666667 0.36203703703703705
0 0.5018229166666667 0.7138888888888889 0.1609375 0.29074074074074074
0 0.44114583333333335 0.8356481481481481 0.22916666666666666 0.3287037037037037
