1 0.9401041666666666 0.4449074074074074 0.019791666666666666 0.03796296296296296
1 0.5635416666666666 0.46990740740740744 0.010416666666666666 0.02314814814814815
1 0.4549479166666667 0.47175925925925927 0.011979166666666666 0.021296296296296296
1 0.4359375 0.4791666666666667 0.010416666666666666 0.019444444444444445
1 0.35625 0.4810185185185185 0.011458333333333333 0.021296296296296296
1 0.19791666666666666 0.4949074074074074 0.008333333333333333 0.015740740740740743
1 0.18567708333333333 0.49583333333333335 0.009895833333333333 0.015740740740740743
1 0.12682291666666667 0.4953703703703704 0.0109375 0.018518518518518517
1 0.11692708333333333 0.4990740740740741 0.008854166666666666 0.016666666666666666
1 0.07447916666666667 0.500462962962963 0.009375 0.015740740740740743
1 0.004166666666666667 0.5078703703703704 0.008333333333333333 0.01388888888888889
0 0.07265625 0.5458333333333334 0.04635416666666667 0.11574074074074074
0 0.12005208333333334 0.5402777777777777 0.049479166666666664 0.11574074074074074
0 0.18776041666666665 0.5402777777777777 0.050520833333333334 0.1175925925925926
0 0.3546875 0.5356481481481482 0.065625 0.13240740740740742
0 0.43072916666666666 0.5324074074074074 0.07708333333333334 0.15
0 0.5640625 0.5263888888888889 0.08229166666666667 0.14722222222222223
0 0.934375 0.5236111111111111 0.11979166666666667 0.19351851851851853
