1 0.6880208333333333 0.45787037037037037 0.016666666666666666 0.032407407407407406
2 0.70078125 0.4620370370370371 0.013020833333333334 0.02592592592592593
1 0.5708333333333333 0.46342592592592596 0.014583333333333334 0.025
1 0.34739583333333335 0.4814814814814815 0.010416666666666666 0.020370370370370372
1 0.26536458333333335 0.48564814814814816 0.0109375 0.019444444444444445
1 0.253125 0.4898148148148148 0.008333333333333333 0.018518518518518517
1 0.21067708333333332 0.4912037037037037 0.0109375 0.019444444444444445
1 0.11640625 0.49953703703703706 0.0078125 0.015740740740740743
1 0.10520833333333333 0.4990740740740741 0.008333333333333333 0.014814814814814815
1 0.0546875 0.49953703703703706 0.008333333333333333 0.01388888888888889
1 0.04296875 0.5032407407407408 0.0078125 0.015740740740740743
1 0.03203125 0.5018518518518519 0.008854166666666666 0.012962962962962964
1 0.00390625 0.5078703703703704 0.0078125 0.015740740740740743
0 0.03177083333333333 0.5472222222222223 0.04479166666666667 0.11481481481481481
0 0.04401041666666666 0.5435185185185185 0.049479166666666664 0.11111111111111112
0 0.1046875 0.5421296296296296 0.04791666666666666 0.11018518518518519
0 0.20781249999999998 0.5388888888888889 0.05416666666666667 0.12037037037037038
0 0.2505208333333333 0.5388888888888889 0.0625 0.13518518518518519
0 0.346875 0.5324074074074074 0.06458333333333333 0.13148148148148148
0 0.5716145833333334 0.5300925925925926 0.08072916666666667 0.1564814814814815
0 0.7010416666666667 0.5263888888888889 0.09791666666666667 0.15833333333333333
0 0.6799479166666667 0.537962962962963 0.11197916666666667 0.2
