1 0.9671875 0.5370370370370371 0.015625 0.02777777777777778
1 0.9484374999999999 0.5361111111111111 0.0125 0.02592592592592593
1 0.9234375 0.6324074074074074 0.04583333333333333 0.06851851851851852
1 0.8731770833333333 0.6462962962962964 0.03802083333333333 0.07037037037037037
1 0.44479166666666664 0.6898148148148149 0.035416666666666666 0.06296296296296297
1 0.18880208333333334 0.6532407407407408 0.028645833333333332 0.05277777777777778
1 0.06927083333333334 0.6370370370370371 0.022916666666666665 0.03888888888888889
2 0.015885416666666666 0.6273148148148149 0.0203125 0.03425925925925926
0 0.9111979166666666 0.7962962962962963 0.17760416666666667 0.40740740740740744
0 0.45546875 0.8250000000000001 0.21510416666666665 0.35000000000000003
0 0.19921875 0.7875 0.1703125 0.3287037037037037
0 0.9361979166666666 0.5995370370370371 0.10364583333333333 0.16203703703703703
0 0.08723958333333333 0.7393518518518519 0.13385416666666666 0.2601851851851852
0 0.02734375 0.7148148148148148 0.0546875 0.23148148148148148
