1 0.7518229166666667 0.6611111111111111 0.034895833333333334 0.07592592592592592
1 0.6908854166666667 0.6638888888888889 0.0265625 0.05740740740740741
2 0.54140625 0.611574074074074 0.0203125 0.05092592592592593
1 0.5158854166666667 0.6111111111111112 0.024479166666666666 0.05
1 0.43203125 0.5541666666666667 0.008854166666666666 0.019444444444444445
1 0.4184895833333333 0.5592592592592592 0.013020833333333334 0.024074074074074074
1 0.31354166666666666 0.638425925925926 0.026041666666666668 0.05092592592592593
0 0.41380208333333335 0.6069444444444445 0.06510416666666667 0.12685185185185185
0 0.7888020833333333 0.8083333333333333 0.2921875 0.38333333333333336
0 0.5651041666666666 0.7518518518518519 0.184375 0.337037037037037
0 0.3455729166666667 0.7870370370370371 0.18697916666666667 0.3648148148148148
