1 0.9901041666666667 0.6800925925925926 0.01875 0.062037037037037036
1 0.6244791666666667 0.6810185185185186 0.03854166666666667 0.075
1 0.5765625 0.5518518518518519 0.0125 0.024074074074074074
2 0.240625 0.6550925925925927 0.021875 0.04722222222222222
2 0.19505208333333332 0.6449074074074075 0.0234375 0.049074074074074076
1 0.08802083333333333 0.625462962962963 0.01875 0.03796296296296296
1 0.06588541666666667 0.6125 0.019270833333333334 0.04166666666666667
1 0.050520833333333334 0.7125 0.03125 0.05092592592592593
1 0.11614583333333334 0.5847222222222223 0.008333333333333333 0.017592592592592594
1 0.10546875 0.5782407407407407 0.009895833333333333 0.015740740740740743
1 0.025260416666666667 0.575462962962963 0.0067708333333333336 0.012037037037037037
0 0.10208333333333333 0.6217592592592592 0.053125 0.11018518518518519
0 0.6575520833333334 0.8199074074074074 0.2838541666666667 0.3601851851851852
0 0.5708333333333333 0.6037037037037037 0.07708333333333334 0.13333333333333333
0 0.259375 0.7814814814814816 0.190625 0.3351851851851852
0 0.08411458333333333 0.837962962962963 0.16822916666666665 0.32407407407407407
0 0.10520833333333333 0.7236111111111111 0.125 0.27314814814814814
