1 0.21432291666666667 0.45462962962962966 0.0234375 0.04814814814814815
1 0.1125 0.47685185185185186 0.028125 0.053703703703703705
1 0.125 0.37962962962962965 0.010416666666666666 0.022222222222222223
1 0.05963541666666666 0.37592592592592594 0.013020833333333334 0.022222222222222223
1 0.025 0.4203703703703704 0.017708333333333333 0.03333333333333333
1 0.005729166666666666 0.4138888888888889 0.011458333333333333 0.037037037037037035
0 0.0546875 0.4342592592592593 0.06145833333333333 0.1388888888888889
0 0.12057291666666667 0.4287037037037037 0.049479166666666664 0.11296296296296297
0 0.22916666666666666 0.5824074074074075 0.15729166666666666 0.31666666666666665
0 0.125 0.6101851851851852 0.15416666666666667 0.3351851851851852
0 0.043229166666666666 0.5101851851851852 0.08645833333333333 0.22037037037037038
