2 0.9799479166666667 0.5680555555555555 0.030729166666666665 0.05462962962962963
2 0.83828125 0.5370370370370371 0.018229166666666668 0.031481481481481485
2 0.8239583333333333 0.5375 0.014583333333333334 0.030555555555555558
1 0.5208333333333334 0.7314814814814815 0.03854166666666667 0.08518518518518518
1 0.47630208333333335 0.7217592592592593 0.0359375 0.06574074074074074
2 0.6205729166666667 0.5504629629629629 0.009895833333333333 0.019444444444444445
2 0.6127604166666667 0.5541666666666667 0.008854166666666666 0.019444444444444445
2 0.5682291666666667 0.5527777777777778 0.009375 0.020370370370370372
2 0.5588541666666667 0.5583333333333333 0.008333333333333333 0.018518518518518517
1 0.17864583333333334 0.575462962962963 0.010416666666666666 0.015740740740740743
1 0.16458333333333333 0.5745370370370371 0.010416666666666666 0.017592592592592594
0 0.6182291666666666 0.6087962962962963 0.06354166666666666 0.1398148148148148
0 0.5536458333333333 0.6111111111111112 0.084375 0.1462962962962963
0 0.8130208333333333 0.6129629629629629 0.12083333333333333 0.18888888888888888
0 0.5278645833333333 0.8347222222222223 0.22447916666666667 0.33055555555555555
