2 0.9442708333333333 0.5324074074074074 0.014583333333333334 0.024074074074074074
2 0.928125 0.5365740740740741 0.011458333333333333 0.025
1 0.9143229166666667 0.5259259259259259 0.015104166666666667 0.02777777777777778
2 0.45416666666666666 0.5564814814814815 0.013541666666666667 0.022222222222222223
1 0.4393229166666667 0.5486111111111112 0.011979166666666666 0.021296296296296296
2 0.2994791666666667 0.5717592592592593 0.008333333333333333 0.01388888888888889
2 0.22760416666666666 0.5671296296296297 0.00625 0.01388888888888889
2 0.21692708333333333 0.575925925925926 0.0078125 0.014814814814814815
2 0.15 0.5740740740740741 0.007291666666666667 0.014814814814814815
1 0.1375 0.5828703703703704 0.007291666666666667 0.015740740740740743
1 0.14453125 0.5768518518518518 0.0078125 0.014814814814814815
0 0.13854166666666667 0.6180555555555556 0.042708333333333334 0.10092592592592593
0 0.2140625 0.6152777777777778 0.053125 0.11574074074074074
0 0.29765625 0.6157407407407408 0.0546875 0.11851851851851852
0 0.4361979166666667 0.6111111111111112 0.07864583333333333 0.1537037037037037
0 0.9093749999999999 0.5925925925925926 0.10625 0.16296296296296298
