2 0.7380208333333333 0.5439814814814815 0.013541666666666667 0.02314814814814815
1 0.71484375 0.538425925925926 0.013020833333333334 0.026851851851851852
2 0.5296875 0.5532407407407408 0.009375 0.017592592592592594
1 0.5091145833333334 0.5513888888888889 0.009895833333333333 0.017592592592592594
2 0.19244791666666666 0.5731481481481482 0.008854166666666666 0.016666666666666666
1 0.18333333333333332 0.5657407407407408 0.010416666666666666 0.018518518518518517
2 0.13828125 0.5787037037037037 0.0078125 0.016666666666666666
2 0.14557291666666666 0.5782407407407407 0.0078125 0.01388888888888889
0 0.13567708333333334 0.6208333333333333 0.044270833333333336 0.10648148148148148
0 0.18229166666666666 0.6194444444444445 0.05520833333333333 0.12592592592592594
0 0.5057291666666667 0.6050925925925926 0.071875 0.13425925925925927
0 0.7067708333333333 0.6064814814814815 0.1 0.16296296296296298
