1 0.87109375 0.5884259259259259 0.04114583333333333 0.08425925925925926
1 0.8140625 0.5768518518518518 0.04375 0.06851851851851852
1 0.7838541666666666 0.5162037037037037 0.035416666666666666 0.06944444444444445
1 0.8856770833333333 0.4444444444444445 0.018229166666666668 0.03333333333333333
1 0.8572916666666667 0.4486111111111111 0.01875 0.026851851851851852
1 0.8239583333333333 0.4467592592592593 0.011458333333333333 0.021296296296296296
1 0.8036458333333333 0.44351851851851853 0.014583333333333334 0.02592592592592593
1 0.5854166666666667 0.46342592592592596 0.0125 0.025
2 0.041666666666666664 0.6171296296296297 0.03125 0.0638888888888889
1 0.10546875 0.5907407407407408 0.024479166666666666 0.0462962962962963
1 0.23177083333333334 0.4898148148148148 0.011458333333333333 0.020370370370370372
2 0.25026041666666665 0.48842592592592593 0.008854166666666666 0.019444444444444445
2 0.26119791666666664 0.48333333333333334 0.0078125 0.014814814814814815
0 0.4315104166666667 0.5189814814814815 0.05677083333333333 0.12685185185185185
0 0.22734374999999998 0.5365740740740741 0.058854166666666666 0.11944444444444445
0 0.25807291666666665 0.5314814814814816 0.034895833333333334 0.11481481481481481
0 0.58984375 0.524537037037037 0.0859375 0.1527777777777778
0 0.7966145833333333 0.5078703703703704 0.09427083333333333 0.1564814814814815
0 0.8507812499999999 0.5171296296296296 0.11302083333333333 0.1787037037037037
0 0.7786458333333334 0.6601851851851852 0.1375 0.34814814814814815
0 0.8815104166666666 0.7643518518518518 0.23697916666666666 0.4712962962962963
0 0.13255208333333332 0.7143518518518519 0.10677083333333333 0.2990740740740741
0 0.07604166666666666 0.788888888888889 0.15208333333333332 0.4222222222222222
