2 0.5755208333333334 0.5504629629629629 0.0125 0.02314814814814815
2 0.56171875 0.5509259259259259 0.0140625 0.02592592592592593
2 0.5518229166666666 0.5564814814814815 0.009895833333333333 0.018518518518518517
2 0.5200520833333333 0.5620370370370371 0.008854166666666666 0.020370370370370372
2 0.50546875 0.5620370370370371 0.011979166666666666 0.020370370370370372
2 0.49583333333333335 0.5592592592592592 0.010416666666666666 0.020370370370370372
1 0.4046875 0.5555555555555556 0.009375 0.018518518518518517
2 0.3971354166666667 0.5662037037037038 0.0078125 0.015740740740740743
1 0.3890625 0.5578703703703703 0.010416666666666666 0.019444444444444445
2 0.3375 0.5662037037037038 0.011458333333333333 0.017592592592592594
2 0.3223958333333333 0.5625 0.010416666666666666 0.019444444444444445
1 0.05546875 0.5787037037037037 0.0109375 0.016666666666666666
1 0.0453125 0.5847222222222223 0.009375 0.01388888888888889
1 0.03177083333333333 0.5851851851851853 0.010416666666666666 0.018518518518518517
0 0.053125 0.6314814814814815 0.05520833333333333 0.12592592592592594
0 0.38359375 0.6152777777777778 0.0734375 0.14166666666666666
0 0.49166666666666664 0.625925925925926 0.09270833333333334 0.1574074074074074
0 0.5598958333333334 0.6134259259259259 0.06770833333333333 0.1564814814814815
0 0.3221354166666667 0.6180555555555556 0.0734375 0.13055555555555556
