1 0.7645833333333333 0.5268518518518519 0.04479166666666667 0.08148148148148149
1 0.9192708333333334 0.39583333333333337 0.016666666666666666 0.03425925925925926
1 0.50703125 0.4537037037037037 0.028645833333333332 0.053703703703703705
1 0.6934895833333333 0.3907407407407408 0.013020833333333334 0.02592592592592593
1 0.7026041666666667 0.38657407407407407 0.0125 0.025
1 0.30885416666666665 0.3805555555555556 0.011458333333333333 0.018518518518518517
1 0.023177083333333334 0.4351851851851852 0.0234375 0.044444444444444446
0 0.29791666666666666 0.425 0.04375 0.11296296296296297
0 0.6966145833333334 0.44537037037037036 0.07239583333333333 0.14074074074074075
0 0.6799479166666667 0.45462962962962966 0.0859375 0.16111111111111112
0 0.9057291666666667 0.46064814814814814 0.09895833333333333 0.1638888888888889
0 0.534375 0.5995370370370371 0.18333333333333332 0.3527777777777778
0 0.04609375 0.5388888888888889 0.0890625 0.2574074074074074
0 0.7971354166666667 0.7388888888888889 0.3203125 0.5222222222222223
