1 0.9901041666666667 0.3990740740740741 0.015625 0.040740740740740744
1 0.0515625 0.512962962962963 0.03125 0.06666666666666667
1 0.0796875 0.5425925925925926 0.028125 0.061111111111111116
1 0.042708333333333334 0.3805555555555556 0.014583333333333334 0.024074074074074074
1 0.028645833333333332 0.38657407407407407 0.013541666666666667 0.021296296296296296
1 0.0109375 0.3731481481481482 0.009375 0.014814814814814815
0 0.5518229166666666 0.3800925925925926 0.011979166666666666 0.015740740740740743
0 0.9583333333333334 0.4675925925925926 0.08333333333333333 0.1685185185185185
0 0.029166666666666667 0.44583333333333336 0.058333333333333334 0.16018518518518518
0 0.11510416666666666 0.6967592592592593 0.18333333333333332 0.44907407407407407
