1 0.6505208333333333 0.6509259259259259 0.03125 0.061111111111111116
2 0.7401041666666667 0.7236111111111111 0.036458333333333336 0.0712962962962963
1 0.6817708333333333 0.549537037037037 0.013541666666666667 0.021296296296296296
1 0.4158854166666667 0.5837962962962964 0.018229166666666668 0.03981481481481482
1 0.39479166666666665 0.5833333333333334 0.01875 0.037037037037037035
1 0.28802083333333334 0.5611111111111111 0.010416666666666666 0.022222222222222223
1 0.2994791666666667 0.5574074074074075 0.0125 0.022222222222222223
1 0.22109375 0.6421296296296296 0.024479166666666666 0.05092592592592593
1 0.18020833333333333 0.6453703703703704 0.029166666666666667 0.04814814814814815
1 0.10208333333333333 0.6791666666666667 0.026041666666666668 0.04722222222222222
1 0.06484375 0.6347222222222223 0.021354166666666667 0.03425925925925926
0 0.6809895833333334 0.6041666666666667 0.0890625 0.1398148148148148
0 0.7653645833333333 0.8393518518518519 0.2682291666666667 0.3212962962962963
0 0.68671875 0.8027777777777778 0.23489583333333333 0.37592592592592594
0 0.434375 0.6847222222222222 0.13645833333333332 0.24722222222222223
0 0.24401041666666667 0.7791666666666667 0.1734375 0.32685185185185184
0 0.13333333333333333 0.8212962962962963 0.16666666666666666 0.35000000000000003
0 0.08046875 0.7398148148148148 0.10677083333333333 0.26666666666666666
