1 0.7328125 0.6652777777777779 0.034375 0.0638888888888889
1 0.8 0.6416666666666667 0.03229166666666666 0.07037037037037037
2 0.8604166666666666 0.5421296296296296 0.017708333333333333 0.028703703703703703
1 0.5111979166666667 0.5509259259259259 0.013020833333333334 0.020370370370370372
1 0.4953125 0.5555555555555556 0.010416666666666666 0.014814814814814815
1 0.2916666666666667 0.6356481481481482 0.022916666666666665 0.04351851851851852
1 0.22864583333333333 0.6962962962962963 0.03229166666666666 0.05555555555555556
2 0.2546875 0.7865740740740741 0.022916666666666665 0.04166666666666667
1 0.17213541666666665 0.7041666666666667 0.028645833333333332 0.04722222222222222
1 0.12682291666666667 0.6546296296296297 0.030729166666666665 0.05
2 0.23854166666666665 0.5717592592592593 0.008333333333333333 0.017592592592592594
2 0.22578125 0.5675925925925926 0.0109375 0.020370370370370372
2 0.13229166666666667 0.5791666666666667 0.007291666666666667 0.01388888888888889
2 0.12239583333333333 0.5791666666666667 0.009375 0.015740740740740743
0 0.12161458333333333 0.6194444444444445 0.043229166666666666 0.09814814814814815
0 0.22526041666666666 0.6203703703703703 0.0609375 0.1277777777777778
0 0.49244791666666665 0.6060185185185185 0.0734375 0.13240740740740742
0 0.85546875 0.6277777777777778 0.1265625 0.2
0 0.8424479166666666 0.8018518518518519 0.2765625 0.3962962962962963
0 0.3453125 0.6175925925925926 0.18229166666666666 0.3055555555555556
0 0.33046875 0.7689814814814815 0.1265625 0.32685185185185184
0 0.25390625 0.8328703703703704 0.2015625 0.33425925925925926
0 0.12916666666666665 0.7773148148148148 0.14479166666666665 0.31574074074074077
