2 0.6505208333333333 0.6597222222222222 0.029166666666666667 0.05277777777777778
2 0.7080729166666666 0.6574074074074074 0.033854166666666664 0.07222222222222223
2 0.7359375 0.7282407407407407 0.030208333333333334 0.05092592592592593
2 0.6729166666666666 0.7328703703703704 0.026041666666666668 0.05277777777777778
2 0.13489583333333333 0.5939814814814816 0.015625 0.026851851851851852
1 0.146875 0.5768518518518518 0.009375 0.018518518518518517
1 0.04791666666666666 0.5856481481481481 0.013541666666666667 0.02314814814814815
0 0.050520833333333334 0.6199074074074075 0.03229166666666666 0.09722222222222222
0 0.14427083333333332 0.6296296296296297 0.040625 0.12037037037037038
0 0.0421875 0.6453703703703704 0.07604166666666666 0.1425925925925926
0 0.746875 0.8078703703703703 0.278125 0.3842592592592593
0 0.14583333333333334 0.6699074074074074 0.09375 0.18425925925925926
