2 0.803125 0.663425925925926 0.03854166666666667 0.08055555555555556
2 0.8450520833333334 0.6731481481481482 0.0390625 0.07962962962962963
1 0.625 0.6111111111111112 0.035416666666666666 0.06481481481481481
1 0.58515625 0.611574074074074 0.0296875 0.06018518518518519
1 0.44427083333333334 0.7226851851851852 0.035416666666666666 0.07314814814814816
1 0.39765625 0.6287037037037038 0.025520833333333333 0.05
1 0.45989583333333334 0.6532407407407408 0.03125 0.058333333333333334
1 0.490625 0.6939814814814815 0.02395833333333333 0.03981481481481482
2 0.4864583333333333 0.5717592592592593 0.016666666666666666 0.036111111111111115
2 0.5143229166666666 0.5750000000000001 0.01614583333333333 0.03518518518518519
2 0.5317708333333333 0.575925925925926 0.017708333333333333 0.031481481481481485
1 0.08567708333333333 0.6162037037037037 0.018229166666666668 0.03796296296296296
1 0.06640625 0.611574074074074 0.019270833333333334 0.036111111111111115
0 0.5229166666666667 0.6638888888888889 0.09479166666666666 0.22222222222222224
0 0.6528645833333333 0.7458333333333333 0.22343749999999998 0.33425925925925926
0 0.871875 0.8078703703703703 0.25625 0.3842592592592593
0 0.48854166666666665 0.8023148148148148 0.21562499999999998 0.39537037037037037
0 0.45729166666666665 0.8402777777777778 0.21770833333333334 0.3194444444444445
0 0.1 0.7115740740740741 0.11354166666666667 0.23981481481481481
