1 0.6580729166666667 0.6685185185185185 0.0453125 0.07777777777777778
1 0.7158854166666666 0.6777777777777778 0.044270833333333336 0.08518518518518518
1 0.22057291666666667 0.6856481481481482 0.03177083333333333 0.05462962962962963
1 0.00546875 0.7046296296296296 0.0109375 0.044444444444444446
1 0.0375 0.5745370370370371 0.00625 0.012037037037037037
1 0.04765625 0.5685185185185185 0.0078125 0.020370370370370372
0 0.03411458333333333 0.6106481481481482 0.04635416666666667 0.10462962962962963
0 0.8643229166666666 0.5990740740740741 0.10052083333333334 0.15
0 0.8197916666666667 0.6078703703703704 0.09375 0.16944444444444445
0 0.7364583333333333 0.8125 0.2895833333333333 0.375
0 0.24244791666666665 0.8226851851851852 0.1703125 0.33796296296296297
