1 0.17109375 0.6430555555555556 0.0234375 0.03981481481481482
1 0.3755208333333333 0.6550925925925927 0.026041666666666668 0.05277777777777778
1 0.46380208333333334 0.687962962962963 0.025520833333333333 0.05185185185185186
1 0.49609375 0.7375 0.044270833333333336 0.0712962962962963
1 0.46588541666666666 0.6050925925925926 0.025520833333333333 0.05462962962962963
1 0.47031249999999997 0.5481481481481482 0.008333333333333333 0.016666666666666666
1 0.4578125 0.5569444444444445 0.009375 0.015740740740740743
0 0.4575520833333333 0.5990740740740741 0.06510416666666667 0.12037037037037038
0 0.29010416666666666 0.6148148148148148 0.0625 0.12592592592592594
0 0.5002604166666667 0.725 0.14010416666666667 0.29444444444444445
0 0.37265625 0.7842592592592593 0.13489583333333333 0.32407407407407407
0 0.4630208333333333 0.8287037037037037 0.18541666666666667 0.3425925925925926
0 0.5302083333333333 0.8467592592592593 0.21666666666666667 0.30648148148148147
0 0.1828125 0.7564814814814815 0.134375 0.2796296296296296
