2 0.6791666666666667 0.5444444444444445 0.02395833333333333 0.05925925925925926
2 0.70546875 0.5319444444444444 0.028645833333333332 0.0712962962962963
2 0.7299479166666667 0.5564814814814815 0.021354166666666667 0.05185185185185186
1 0.7658854166666667 0.5240740740740741 0.03697916666666667 0.08333333333333334
1 0.9088541666666666 0.4861111111111111 0.0375 0.06481481481481481
2 0.22942708333333334 0.4138888888888889 0.021354166666666667 0.03333333333333333
1 0.16666666666666666 0.4476851851851852 0.021875 0.04166666666666667
1 0.14348958333333334 0.44351851851851853 0.024479166666666666 0.03888888888888889
2 0.20911458333333333 0.4287037037037037 0.015104166666666667 0.031481481481481485
0 0.93203125 0.6592592592592593 0.1359375 0.412962962962963
0 0.8013020833333333 0.7356481481481482 0.35052083333333334 0.5212962962962964
0 0.25078125 0.5236111111111111 0.12135416666666667 0.25833333333333336
0 0.19166666666666665 0.5777777777777778 0.15729166666666666 0.3092592592592593
