1 0.055989583333333336 0.45 0.027604166666666666 0.05555555555555556
1 0.08541666666666667 0.46944444444444444 0.027083333333333334 0.05555555555555556
1 0.15026041666666667 0.5356481481481482 0.04114583333333333 0.0638888888888889
1 0.21510416666666665 0.41481481481481486 0.015625 0.05185185185185186
1 0.5333333333333333 0.46342592592592596 0.03958333333333333 0.06018518518518519
1 0.56875 0.4828703703703704 0.035416666666666666 0.06018518518518519
0 0.59296875 0.6300925925925926 0.21197916666666666 0.39537037037037037
0 0.221875 0.5143518518518518 0.11354166666666667 0.24537037037037038
0 0.07630208333333333 0.587037037037037 0.10677083333333333 0.3351851851851852
0 0.17317708333333334 0.737962962962963 0.20781249999999998 0.49074074074074076
