1 0.6203125 0.6662037037037037 0.028125 0.06018518518518519
1 0.42890625 0.5592592592592592 0.011979166666666666 0.022222222222222223
1 0.4671875 0.5601851851851852 0.009375 0.020370370370370372
2 0.4744791666666667 0.5574074074074075 0.009375 0.014814814814814815
1 0.14947916666666666 0.5685185185185185 0.010416666666666666 0.016666666666666666
1 0.2713541666666667 0.5597222222222222 0.011458333333333333 0.019444444444444445
1 0.13697916666666665 0.5712962962962963 0.010416666666666666 0.016666666666666666
1 0.09557291666666666 0.5708333333333333 0.015104166666666667 0.021296296296296296
1 0.0453125 0.5736111111111112 0.009375 0.015740740740740743
1 0.061197916666666664 0.5689814814814815 0.008854166666666666 0.015740740740740743
1 0.029947916666666668 0.5680555555555555 0.008854166666666666 0.015740740740740743
1 0.016927083333333332 0.5708333333333333 0.0109375 0.017592592592592594
0 0.023697916666666666 0.6166666666666667 0.04739583333333333 0.12407407407407407
0 0.08854166666666667 0.6226851851851852 0.051041666666666666 0.1212962962962963
0 0.2830729166666667 0.6157407407407408 0.04114583333333333 0.12962962962962962
0 0.42682291666666666 0.6194444444444445 0.07447916666666667 0.1425925925925926
0 0.46979166666666666 0.6060185185185185 0.052083333333333336 0.12685185185185185
0 0.71953125 0.6064814814814815 0.09427083333333333 0.1537037037037037
0 0.6559895833333333 0.8162037037037038 0.27239583333333334 0.3675925925925926
