1 0.8041666666666667 0.6083333333333334 0.03333333333333333 0.061111111111111116
1 0.37395833333333334 0.6675925925925926 0.034375 0.05
2 0.3333333333333333 0.6111111111111112 0.01875 0.031481481481481485
2 0.36432291666666666 0.600925925925926 0.0140625 0.037037037037037035
1 0.6807291666666666 0.5467592592592593 0.010416666666666666 0.021296296296296296
2 0.6588541666666666 0.55 0.013541666666666667 0.020370370370370372
1 0.6174479166666667 0.5532407407407408 0.011979166666666666 0.019444444444444445
1 0.6036458333333333 0.5550925925925926 0.011458333333333333 0.02314814814814815
1 0.28671875 0.5657407407407408 0.013020833333333334 0.018518518518518517
1 0.23802083333333332 0.5643518518518519 0.010416666666666666 0.01388888888888889
1 0.23229166666666667 0.5717592592592593 0.009375 0.015740740740740743
1 0.15833333333333333 0.5652777777777778 0.013541666666666667 0.02314814814814815
1 0.005989583333333333 0.6416666666666667 0.011979166666666666 0.044444444444444446
0 0.165625 0.6189814814814815 0.04791666666666666 0.12314814814814816
0 0.2838541666666667 0.6212962962962963 0.06458333333333333 0.13148148148148148
0 0.23020833333333332 0.6138888888888889 0.053125 0.11851851851851852
0 0.40989583333333335 0.5666666666666667 0.034375 0.044444444444444446
0 0.5963541666666666 0.6125 0.08958333333333333 0.1398148148148148
0 0.6578125 0.6046296296296296 0.08854166666666667 0.14444444444444446
0 0.8557291666666667 0.7666666666666667 0.24375 0.3740740740740741
0 0.3768229166666667 0.7037037037037037 0.13072916666666667 0.2537037037037037
0 0.41953124999999997 0.8162037037037038 0.20885416666666667 0.3675925925925926
