1 0.7171875 0.6597222222222222 0.057291666666666664 0.09907407407407408
2 0.9703125 0.6263888888888889 0.04375 0.06944444444444445
1 0.5796875 0.5828703703703704 0.034375 0.0712962962962963
1 0.012239583333333333 0.6231481481481481 0.024479166666666666 0.053703703703703705
2 0.14401041666666667 0.5722222222222223 0.027604166666666666 0.04814814814814815
1 0.17083333333333334 0.5949074074074074 0.030208333333333334 0.05648148148148149
0 0.49374999999999997 0.5398148148148149 0.06875 0.13148148148148148
0 0.9268229166666666 0.7921296296296296 0.14635416666666667 0.41574074074074074
0 0.59609375 0.7462962962962963 0.2046875 0.3888888888888889
0 0.7502604166666667 0.8083333333333333 0.2713541666666667 0.38333333333333336
0 0.19036458333333334 0.7222222222222222 0.1703125 0.35185185185185186
0 0.050520833333333334 0.7759259259259259 0.10104166666666667 0.37222222222222223
