1 0.35859375 0.637962962962963 0.028645833333333332 0.05740740740740741
1 0.41302083333333334 0.5509259259259259 0.010416666666666666 0.022222222222222223
1 0.09322916666666667 0.7148148148148148 0.03333333333333333 0.06481481481481481
1 0.16901041666666666 0.5916666666666667 0.0203125 0.02592592592592593
1 0.196875 0.5865740740740741 0.015625 0.036111111111111115
1 0.03177083333333333 0.5791666666666667 0.011458333333333333 0.021296296296296296
1 0.0453125 0.5796296296296296 0.009375 0.022222222222222223
1 0.06875 0.5810185185185185 0.013541666666666667 0.02314814814814815
1 0.08072916666666667 0.5768518518518518 0.0125 0.022222222222222223
1 0.09375 0.5773148148148148 0.010416666666666666 0.015740740740740743
0 0.03307291666666667 0.6291666666666667 0.05572916666666666 0.12685185185185185
0 0.06979166666666667 0.6291666666666667 0.058333333333333334 0.13240740740740742
0 0.4114583333333333 0.6050925925925926 0.06770833333333333 0.1287037037037037
0 0.38203125 0.7805555555555556 0.17239583333333333 0.35000000000000003
0 0.20208333333333334 0.6731481481481482 0.11458333333333333 0.20740740740740743
0 0.11744791666666667 0.8375 0.1921875 0.325
