2 0.8083333333333333 0.763425925925926 0.04895833333333333 0.10092592592592593
2 0.8880208333333334 0.7481481481481482 0.040625 0.08703703703703704
2 0.9341145833333333 0.763425925925926 0.058854166666666666 0.09907407407407408
2 0.9421875 0.5875 0.029166666666666667 0.058333333333333334
2 0.8997395833333334 0.5921296296296297 0.0328125 0.05648148148148149
2 0.7609375 0.6717592592592593 0.0375 0.075
2 0.7239583333333334 0.688425925925926 0.027083333333333334 0.05462962962962963
2 0.6919270833333333 0.6662037037037037 0.024479166666666666 0.058333333333333334
2 0.3692708333333333 0.6824074074074075 0.036458333333333336 0.053703703703703705
2 0.32395833333333335 0.7148148148148148 0.02395833333333333 0.044444444444444446
1 0.06927083333333334 0.6328703703703704 0.01875 0.036111111111111115
1 0.09348958333333333 0.5773148148148148 0.0171875 0.02314814814814815
2 0.27578125 0.5685185185185185 0.0109375 0.018518518518518517
2 0.28984375 0.5740740740740741 0.0109375 0.012962962962962964
0 0.2703125 0.6203703703703703 0.0625 0.1277777777777778
0 0.9065104166666667 0.6819444444444445 0.18697916666666667 0.2712962962962963
0 0.9161458333333333 0.7310185185185185 0.16770833333333332 0.3490740740740741
0 0.7609375 0.8162037037037038 0.20208333333333334 0.3675925925925926
0 0.40546875 0.8199074074074074 0.2296875 0.3601851851851852
0 0.08776041666666666 0.7462962962962963 0.1296875 0.2777777777777778
0 0.08854166666666667 0.6412037037037037 0.075 0.1638888888888889
0 0.3528645833333333 0.6370370370370371 0.0921875 0.17407407407407408
