1 0.5213541666666667 0.6666666666666667 0.041666666666666664 0.06481481481481481
1 0.46041666666666664 0.6490740740740741 0.028125 0.06481481481481481
1 0.7067708333333333 0.5583333333333333 0.02395833333333333 0.03333333333333333
1 0.29765625 0.5611111111111111 0.013020833333333334 0.016666666666666666
1 0.2864583333333333 0.5620370370370371 0.010416666666666666 0.018518518518518517
1 0.18359375 0.575925925925926 0.0140625 0.022222222222222223
2 0.05572916666666666 0.575925925925926 0.009375 0.014814814814814815
0 0.17942708333333332 0.6222222222222222 0.05677083333333333 0.12222222222222223
0 0.28203125 0.6097222222222223 0.05364583333333333 0.11388888888888889
0 0.28541666666666665 0.6185185185185186 0.0625 0.13148148148148148
0 0.69765625 0.6393518518518518 0.12864583333333332 0.20833333333333334
0 0.54296875 0.8097222222222222 0.2265625 0.3805555555555556
