1 0.7255208333333333 0.7324074074074074 0.035416666666666666 0.07592592592592592
1 0.79375 0.7555555555555555 0.046875 0.09814814814814815
1 0.715625 0.5416666666666667 0.0125 0.02777777777777778
1 0.9679687499999999 0.5393518518518519 0.01614583333333333 0.028703703703703703
1 0.9947916666666666 0.5402777777777777 0.009375 0.030555555555555558
1 0.3528645833333333 0.5703703703703704 0.015104166666666667 0.02962962962962963
1 0.1421875 0.5708333333333333 0.010416666666666666 0.019444444444444445
1 0.09661458333333334 0.576388888888889 0.0109375 0.017592592592592594
1 0.12916666666666665 0.5722222222222223 0.010416666666666666 0.018518518518518517
0 0.09244791666666667 0.612037037037037 0.0359375 0.0962962962962963
0 0.13151041666666666 0.6175925925925926 0.05260416666666667 0.11851851851851852
0 0.7091145833333333 0.6106481481481482 0.10364583333333333 0.16574074074074074
0 0.95078125 0.6129629629629629 0.0984375 0.17592592592592593
0 0.3453125 0.6402777777777778 0.09479166666666666 0.17314814814814816
0 0.79609375 0.8462962962962963 0.2828125 0.3074074074074074
