1 0.12864583333333332 0.575925925925926 0.017708333333333333 0.02962962962962963
1 0.37057291666666664 0.5578703703703703 0.011979166666666666 0.021296296296296296
1 0.5369791666666667 0.5574074074074075 0.013541666666666667 0.024074074074074074
1 0.55625 0.5537037037037037 0.013541666666666667 0.022222222222222223
1 0.7346354166666667 0.5398148148148149 0.015104166666666667 0.024074074074074074
1 0.7559895833333333 0.5476851851851852 0.015104166666666667 0.028703703703703703
1 0.82890625 0.5472222222222223 0.01614583333333333 0.02592592592592593
1 0.8518229166666667 0.5370370370370371 0.01614583333333333 0.03333333333333333
0 0.3645833333333333 0.6148148148148148 0.07604166666666666 0.14074074074074075
0 0.5330729166666667 0.6143518518518519 0.08072916666666667 0.14722222222222223
0 0.72734375 0.6092592592592593 0.1046875 0.17407407407407408
0 0.8239583333333333 0.6055555555555556 0.10416666666666667 0.17037037037037037
0 0.12395833333333334 0.6421296296296296 0.084375 0.15462962962962964
