1 0.8205729166666667 0.5416666666666667 0.015104166666666667 0.03333333333333333
1 0.5796875 0.549074074074074 0.017708333333333333 0.022222222222222223
1 0.4614583333333333 0.5537037037037037 0.014583333333333334 0.02777777777777778
1 0.44479166666666664 0.5601851851851852 0.0125 0.018518518518518517
1 0.43203125 0.5574074074074075 0.009895833333333333 0.022222222222222223
1 0.4158854166666667 0.5532407407407408 0.011979166666666666 0.02314814814814815
1 0.30234375 0.5643518518518519 0.0109375 0.015740740740740743
1 0.28489583333333335 0.5652777777777778 0.010416666666666666 0.015740740740740743
1 0.16901041666666666 0.5652777777777778 0.013020833333333334 0.017592592592592594
0 0.16614583333333333 0.6185185185185186 0.059375 0.1277777777777778
0 0.28125 0.6175925925925926 0.0625 0.1277777777777778
0 0.41119791666666666 0.6138888888888889 0.07552083333333333 0.15
0 0.43854166666666666 0.612037037037037 0.07291666666666667 0.1425925925925926
0 0.5755208333333334 0.6194444444444445 0.09375 0.16481481481481483
0 0.8138020833333334 0.6138888888888889 0.10781249999999999 0.17407407407407408
