1 0.55234375 0.41944444444444445 0.0234375 0.04814814814814815
1 0.5151041666666667 0.4189814814814815 0.022916666666666665 0.04537037037037037
1 0.4830729166666667 0.38703703703703707 0.015104166666666667 0.02592592592592593
1 0.40859375 0.3787037037037037 0.011979166666666666 0.02592592592592593
1 0.33671875 0.47175925925925927 0.030729166666666665 0.05092592592592593
2 0.2721354166666667 0.5486111111111112 0.04114583333333333 0.07685185185185185
1 0.1484375 0.4342592592592593 0.025 0.04259259259259259
1 0.23124999999999998 0.375462962962963 0.009375 0.02314814814814815
1 0.24557291666666667 0.37962962962962965 0.009895833333333333 0.018518518518518517
1 0.012239583333333333 0.3995370370370371 0.018229166666666668 0.03796296296296296
1 0.03046875 0.41944444444444445 0.021354166666666667 0.03888888888888889
1 0.04453125 0.3805555555555556 0.0171875 0.02592592592592593
1 0.11744791666666667 0.3787037037037037 0.0140625 0.020370370370370372
0 0.41380208333333335 0.4337962962962963 0.050520833333333334 0.13796296296296298
0 0.47109375 0.44351851851851853 0.05677083333333333 0.1388888888888889
0 0.5674479166666666 0.5370370370370371 0.1578125 0.2962962962962963
0 0.3763020833333333 0.6185185185185186 0.14114583333333333 0.3666666666666667
0 0.3145833333333333 0.7439814814814815 0.24791666666666667 0.4953703703703704
0 0.04453125 0.4981481481481482 0.0890625 0.24074074074074076
0 0.16067708333333333 0.5504629629629629 0.1390625 0.2898148148148148
