1 0.5088541666666666 0.750925925925926 0.03958333333333333 0.08148148148148149
2 0.47369791666666666 0.7337962962962963 0.0328125 0.06574074074074074
1 0.18880208333333334 0.6231481481481481 0.0203125 0.037037037037037035
1 0.16614583333333333 0.6490740740740741 0.025 0.0462962962962963
1 0.14296875 0.6402777777777778 0.022395833333333334 0.049074074074074076
2 0.03619791666666666 0.6097222222222223 0.015104166666666667 0.03425925925925926
2 0.022395833333333334 0.6060185185185185 0.013541666666666667 0.028703703703703703
0 0.5208333333333334 0.8462962962962963 0.24270833333333333 0.3074074074074074
0 0.22291666666666665 0.7444444444444445 0.11354166666666667 0.2851851851851852
0 0.19010416666666666 0.7685185185185186 0.15520833333333334 0.32037037037037036
0 0.05 0.6888888888888889 0.1 0.20370370370370372
