1 0.57421875 0.6342592592592593 0.033854166666666664 0.05555555555555556
1 0.19713541666666667 0.65 0.0328125 0.05740740740740741
1 0.16510416666666666 0.6351851851851852 0.029166666666666667 0.0462962962962963
1 0.24036458333333333 0.5625 0.008854166666666666 0.017592592592592594
1 0.24921875 0.563425925925926 0.009895833333333333 0.01388888888888889
1 0.08151041666666667 0.6287037037037038 0.024479166666666666 0.040740740740740744
2 0.0515625 0.6328703703703704 0.017708333333333333 0.028703703703703703
0 0.23776041666666667 0.6101851851851852 0.0515625 0.11666666666666667
0 0.6052083333333333 0.7870370370370371 0.21145833333333333 0.3703703703703704
0 0.36302083333333335 0.8138888888888889 0.2 0.37222222222222223
0 0.19921875 0.7592592592592593 0.13385416666666666 0.29444444444444445
0 0.09192708333333333 0.7402777777777778 0.12447916666666667 0.26944444444444443
