1 0.39348958333333334 0.47222222222222227 0.009895833333333333 0.018518518518518517
1 0.1921875 0.49444444444444446 0.014583333333333334 0.031481481481481485
1 0.20625 0.49259259259259264 0.010416666666666666 0.018518518518518517
1 0.17135416666666667 0.49722222222222223 0.011458333333333333 0.024074074074074074
1 0.15625 0.49722222222222223 0.013541666666666667 0.024074074074074074
1 0.13020833333333334 0.49583333333333335 0.0125 0.021296296296296296
1 0.058333333333333334 0.5055555555555555 0.014583333333333334 0.022222222222222223
0 0.058333333333333334 0.5712962962962963 0.0625 0.1574074074074074
0 0.14713541666666666 0.5638888888888889 0.0640625 0.16111111111111112
0 0.18541666666666667 0.5675925925925926 0.08333333333333333 0.1814814814814815
0 0.12864583333333332 0.4962962962962963 0.013541666666666667 0.024074074074074074
