1 0.8640625 0.5523148148148148 0.021875 0.04722222222222222
1 0.90390625 0.5476851851851852 0.0234375 0.03796296296296296
1 0.5619791666666667 0.55 0.015625 0.02777777777777778
1 0.4361979166666667 0.5662037037037038 0.021354166666666667 0.036111111111111115
1 0.32916666666666666 0.562962962962963 0.015625 0.03518518518518519
1 0.24140625 0.5736111111111112 0.0171875 0.028703703703703703
0 0.5611979166666666 0.6087962962962963 0.08802083333333333 0.1527777777777778
0 0.8557291666666667 0.6550925925925927 0.16354166666666667 0.26203703703703707
0 0.4354166666666667 0.6467592592592593 0.10104166666666667 0.19351851851851853
0 0.33046875 0.6462962962962964 0.1046875 0.19444444444444445
0 0.24296874999999998 0.6458333333333334 0.08072916666666667 0.17314814814814816
