1 0.5377604166666666 0.5685185185185185 0.03697916666666667 0.06481481481481481
1 0.3692708333333333 0.500462962962963 0.019791666666666666 0.04166666666666667
1 0.22916666666666666 0.6092592592592593 0.02395833333333333 0.053703703703703705
1 0.2453125 0.5620370370370371 0.022916666666666665 0.04814814814814815
1 0.209375 0.5555555555555556 0.026041666666666668 0.053703703703703705
1 0.22864583333333333 0.48888888888888893 0.008333333333333333 0.016666666666666666
1 0.23776041666666667 0.4851851851851852 0.009895833333333333 0.020370370370370372
1 0.5807291666666666 0.4601851851851852 0.013541666666666667 0.022222222222222223
1 0.0171875 0.5587962962962963 0.020833333333333332 0.04351851851851852
0 0.2265625 0.5342592592592593 0.05416666666666667 0.12407407407407407
0 0.503125 0.4671296296296297 0.016666666666666666 0.028703703703703703
0 0.5651041666666666 0.725 0.21770833333333334 0.3888888888888889
0 0.38255208333333335 0.5898148148148148 0.11302083333333333 0.22777777777777777
0 0.26536458333333335 0.687962962962963 0.16822916666666665 0.32962962962962966
0 0.26015625 0.7657407407407407 0.18177083333333333 0.37962962962962965
0 0.046875 0.6648148148148149 0.09375 0.26851851851851855
