1 0.8942708333333333 0.6407407407407407 0.04375 0.07037037037037037
1 0.9442708333333333 0.5296296296296297 0.013541666666666667 0.02592592592592593
1 0.6052083333333333 0.6134259259259259 0.027083333333333334 0.05277777777777778
1 0.010416666666666666 0.6796296296296297 0.020833333333333332 0.044444444444444446
1 0.03802083333333333 0.587962962962963 0.013541666666666667 0.024074074074074074
1 0.02734375 0.5865740740740741 0.0109375 0.019444444444444445
0 0.8989583333333333 0.8009259259259259 0.20208333333333334 0.39814814814814814
0 0.6369791666666667 0.7490740740740741 0.19583333333333333 0.337037037037037
0 0.04635416666666667 0.8180555555555555 0.09270833333333334 0.3138888888888889
0 0.032552083333333336 0.6458333333333334 0.06510416666666667 0.1564814814814815
