1 0.8497395833333333 0.6148148148148148 0.0296875 0.07037037037037037
1 0.796875 0.5935185185185186 0.03854166666666667 0.05925925925925926
2 0.6169270833333333 0.563425925925926 0.01614583333333333 0.03425925925925926
2 0.5880208333333333 0.5648148148148149 0.017708333333333333 0.031481481481481485
2 0.5630208333333333 0.5532407407407408 0.016666666666666666 0.032407407407407406
1 0.45651041666666664 0.5893518518518519 0.024479166666666666 0.04351851851851852
1 0.4328125 0.5777777777777778 0.022916666666666665 0.037037037037037035
1 0.36744791666666665 0.6694444444444445 0.0296875 0.05
2 0.33203125 0.663425925925926 0.028645833333333332 0.05092592592592593
1 0.3216145833333333 0.6134259259259259 0.030729166666666665 0.05277777777777778
0 0.86953125 0.7560185185185185 0.2609375 0.39722222222222225
0 0.6208333333333333 0.6583333333333333 0.15625 0.2611111111111111
0 0.47552083333333334 0.6916666666666667 0.146875 0.2740740740740741
0 0.32890625 0.7222222222222222 0.13385416666666666 0.2777777777777778
0 0.3890625 0.8157407407407408 0.21979166666666666 0.3685185185185185
