1 0.9372395833333333 0.6398148148148148 0.0421875 0.07962962962962963
2 0.7736979166666667 0.5657407407407408 0.024479166666666666 0.05
2 0.7971354166666667 0.5944444444444444 0.025520833333333333 0.05
2 0.7515625 0.5625 0.017708333333333333 0.04166666666666667
1 0.7234375 0.5648148148148149 0.028125 0.0462962962962963
1 0.640625 0.5462962962962963 0.011458333333333333 0.020370370370370372
1 0.6263020833333334 0.5467592592592593 0.009895833333333333 0.017592592592592594
2 0.3619791666666667 0.5912037037037037 0.013541666666666667 0.032407407407407406
2 0.3833333333333333 0.5981481481481482 0.015625 0.03518518518518519
2 0.21484375 0.6717592592592593 0.024479166666666666 0.05462962962962963
2 0.19947916666666665 0.6648148148148149 0.021875 0.05
1 0.13671875 0.6328703703703704 0.027604166666666666 0.04722222222222222
1 0.10677083333333333 0.6199074074074075 0.022916666666666665 0.04722222222222222
2 0.14921875 0.5990740740740741 0.011979166666666666 0.02592592592592593
2 0.13255208333333332 0.6 0.018229166666666668 0.031481481481481485
0 0.6239583333333333 0.6018518518518519 0.08020833333333333 0.13333333333333333
0 0.796875 0.6796296296296297 0.18645833333333334 0.28703703703703703
0 0.9177083333333333 0.7986111111111112 0.16458333333333333 0.4027777777777778
0 0.3880208333333333 0.6930555555555555 0.134375 0.24537037037037038
0 0.15234375 0.7296296296296296 0.1296875 0.26481481481481484
0 0.24140625 0.8138888888888889 0.1671875 0.35370370370370374
