1 0.7583333333333333 0.737962962962963 0.04791666666666666 0.0962962962962963
1 0.8549479166666667 0.737962962962963 0.05677083333333333 0.10370370370370371
2 0.7981770833333334 0.8050925925925926 0.0390625 0.08240740740740742
1 0.6247395833333333 0.5416666666666667 0.013020833333333334 0.02592592592592593
1 0.6091145833333333 0.5449074074074074 0.0140625 0.025
1 0.5760416666666667 0.5865740740740741 0.02395833333333333 0.04537037037037037
1 0.5388020833333333 0.5828703703703704 0.025520833333333333 0.04722222222222222
1 0.3380208333333333 0.6888888888888889 0.03125 0.06481481481481481
1 0.3203125 0.6319444444444444 0.025 0.05277777777777778
1 0.20286458333333332 0.6611111111111111 0.0296875 0.0462962962962963
1 0.29270833333333335 0.5689814814814815 0.009375 0.021296296296296296
1 0.28515625 0.5662037037037038 0.009895833333333333 0.021296296296296296
2 0.08776041666666666 0.5935185185185186 0.0140625 0.02962962962962963
2 0.07083333333333333 0.5884259259259259 0.014583333333333334 0.02314814814814815
0 0.284375 0.6138888888888889 0.05520833333333333 0.11111111111111112
0 0.6036458333333333 0.6023148148148149 0.0875 0.14722222222222223
0 0.6005208333333333 0.6972222222222223 0.165625 0.2851851851851852
0 0.859375 0.8398148148148148 0.28125 0.32037037037037036
0 0.33046875 0.7523148148148149 0.1328125 0.30092592592592593
0 0.36875 0.8250000000000001 0.23333333333333334 0.35000000000000003
0 0.21328125 0.7865740740740741 0.15260416666666665 0.3101851851851852
0 0.0984375 0.6689814814814815 0.09583333333333333 0.1953703703703704
