1 0.87890625 0.5361111111111111 0.019270833333333334 0.02777777777777778
1 0.7815104166666667 0.5425925925925926 0.018229166666666668 0.02592592592592593
1 0.7203125 0.549537037037037 0.011458333333333333 0.025
2 0.7059895833333333 0.549074074074074 0.015104166666666667 0.02777777777777778
2 0.5924479166666666 0.5935185185185186 0.021354166666666667 0.0462962962962963
1 0.10807291666666667 0.6550925925925927 0.0234375 0.05092592592592593
1 0.13880208333333333 0.6569444444444444 0.024479166666666666 0.04537037037037037
1 0.15677083333333333 0.6231481481481481 0.022916666666666665 0.044444444444444446
1 0.18776041666666665 0.6277777777777778 0.021354166666666667 0.03888888888888889
1 0.2109375 0.5949074074074074 0.01875 0.03981481481481482
1 0.33541666666666664 0.5583333333333333 0.011458333333333333 0.020370370370370372
1 0.2903645833333333 0.5689814814814815 0.011979166666666666 0.019444444444444445
1 0.23645833333333333 0.5620370370370371 0.014583333333333334 0.024074074074074074
1 0.12552083333333333 0.5703703703703704 0.010416666666666666 0.018518518518518517
2 0.0625 0.575925925925926 0.009375 0.014814814814814815
0 0.23802083333333332 0.6157407407407408 0.059375 0.13148148148148148
0 0.28802083333333334 0.6138888888888889 0.05625 0.11481481481481481
0 0.12708333333333333 0.6180555555555556 0.053125 0.125
0 0.3299479166666667 0.6162037037037037 0.0609375 0.13425925925925927
0 0.7028645833333333 0.6138888888888889 0.09739583333333333 0.15925925925925927
0 0.7731770833333333 0.5782407407407407 0.0609375 0.10277777777777779
0 0.6067708333333334 0.7087962962962964 0.1625 0.28425925925925927
0 0.23229166666666667 0.6944444444444444 0.10416666666666667 0.2425925925925926
0 0.20625 0.7263888888888889 0.12395833333333334 0.26203703703703707
0 0.15651041666666665 0.775462962962963 0.14739583333333334 0.3027777777777778
0 0.05963541666666666 0.6337962962962963 0.0671875 0.13796296296296298
