1 0.9815104166666666 0.5412037037037037 0.019270833333333334 0.03425925925925926
1 0.8114583333333333 0.6106481481481482 0.03229166666666666 0.05092592592592593
1 0.6950520833333333 0.6337962962962963 0.03177083333333333 0.06759259259259259
2 0.6453125 0.6444444444444445 0.03125 0.05925925925925926
1 0.5986979166666666 0.6805555555555556 0.033854166666666664 0.06851851851851852
1 0.44453125 0.6300925925925926 0.0265625 0.05092592592592593
1 0.11666666666666667 0.701388888888889 0.027083333333333334 0.05092592592592593
1 0.08489583333333334 0.6717592592592593 0.025 0.04722222222222222
1 0.050520833333333334 0.6689814814814815 0.019791666666666666 0.03796296296296296
0 0.853125 0.7527777777777778 0.22291666666666665 0.3388888888888889
0 0.7174479166666666 0.7925925925925926 0.2484375 0.3944444444444445
0 0.6377604166666666 0.8180555555555555 0.2630208333333333 0.36388888888888893
0 0.47630208333333335 0.7597222222222223 0.18489583333333334 0.3231481481481482
0 0.9588541666666667 0.6064814814814815 0.08229166666666667 0.1685185185185185
0 0.13697916666666665 0.8314814814814815 0.17708333333333334 0.337037037037037
0 0.09895833333333333 0.7976851851851852 0.146875 0.31574074074074077
