1 0.04114583333333333 0.6601851851851852 0.029166666666666667 0.04814814814814815
2 0.21666666666666667 0.6981481481481482 0.026041666666666668 0.04259259259259259
1 0.25807291666666665 0.6532407407407408 0.034895833333333334 0.0638888888888889
1 0.28203125 0.7574074074074074 0.04010416666666666 0.08518518518518518
2 0.36953125 0.5541666666666667 0.011979166666666666 0.019444444444444445
2 0.7606770833333333 0.5375 0.011979166666666666 0.028703703703703703
2 0.7752604166666667 0.5347222222222222 0.011979166666666666 0.028703703703703703
1 0.6817708333333333 0.6092592592592593 0.03125 0.0462962962962963
1 0.63515625 0.6953703703703704 0.04010416666666666 0.08148148148148149
1 0.71015625 0.6050925925925926 0.028645833333333332 0.049074074074074076
1 0.67109375 0.5912037037037037 0.022395833333333334 0.049074074074074076
1 0.7489583333333333 0.6245370370370371 0.030208333333333334 0.06018518518518519
1 0.96171875 0.6518518518518519 0.043229166666666666 0.07777777777777778
0 0.91640625 0.8050925925925926 0.1671875 0.38981481481481484
0 0.6690104166666666 0.8240740740740741 0.2796875 0.35185185185185186
0 0.765625 0.7430555555555556 0.23645833333333333 0.32685185185185184
0 0.3260416666666667 0.8550925925925926 0.225 0.2898148148148148
0 0.275 0.7981481481481482 0.18541666666666667 0.3592592592592593
0 0.06536458333333334 0.7759259259259259 0.13072916666666667 0.29814814814814816
0 0.76015625 0.6018518518518519 0.0921875 0.16481481481481483
0 0.3494791666666667 0.6083333333333334 0.059375 0.12222222222222223
