1 0.9229166666666666 0.625462962962963 0.046875 0.075
1 0.9916666666666667 0.6263888888888889 0.015625 0.062037037037037036
1 0.8533854166666667 0.4800925925925926 0.0140625 0.028703703703703703
1 0.73984375 0.48842592592592593 0.015104166666666667 0.025
1 0.7166666666666667 0.4949074074074074 0.016666666666666666 0.026851851851851852
2 0.7072916666666667 0.48564814814814816 0.0125 0.02314814814814815
1 0.6341145833333334 0.4935185185185185 0.013020833333333334 0.024074074074074074
1 0.5114583333333333 0.4967592592592593 0.019791666666666666 0.026851851851851852
1 0.12994791666666666 0.5125000000000001 0.0171875 0.032407407407407406
1 0.14166666666666666 0.49583333333333335 0.010416666666666666 0.017592592592592594
1 0.10052083333333334 0.4916666666666667 0.011458333333333333 0.016666666666666666
1 0.0921875 0.4935185185185185 0.008333333333333333 0.018518518518518517
1 0.07942708333333333 0.4962962962962963 0.0109375 0.018518518518518517
1 0.028385416666666666 0.4930555555555556 0.009895833333333333 0.019444444444444445
1 0.0375 0.49259259259259264 0.009375 0.018518518518518517
0 0.023697916666666666 0.5398148148148149 0.04739583333333333 0.11481481481481481
0 0.03984375 0.5416666666666667 0.033854166666666664 0.11111111111111112
0 0.07734375 0.5393518518518519 0.04114583333333333 0.10833333333333334
0 0.09791666666666667 0.5444444444444445 0.059375 0.12037037037037038
0 0.14036458333333332 0.5444444444444445 0.05260416666666667 0.11851851851851852
0 0.628125 0.5569444444444445 0.08333333333333333 0.14722222222222223
0 0.8356770833333333 0.5444444444444445 0.06822916666666666 0.1537037037037037
0 0.690625 0.55 0.06666666666666667 0.1537037037037037
0 0.7049479166666667 0.5555555555555556 0.0984375 0.16666666666666669
0 0.5049479166666666 0.5745370370370371 0.11302083333333333 0.19907407407407407
0 0.14010416666666667 0.5944444444444444 0.096875 0.2
