1 0.690625 0.4902777777777778 0.019791666666666666 0.030555555555555558
1 0.71015625 0.4810185185185185 0.018229166666666668 0.03425925925925926
1 0.44505208333333335 0.48935185185185187 0.011979166666666666 0.021296296296296296
1 0.42682291666666666 0.49444444444444446 0.009895833333333333 0.016666666666666666
1 0.19739583333333333 0.4967592592592593 0.010416666666666666 0.019444444444444445
2 0.11171874999999999 0.4939814814814815 0.009895833333333333 0.017592592592592594
1 0.0859375 0.4912037037037037 0.008333333333333333 0.017592592592592594
1 0.026041666666666668 0.4935185185185185 0.009375 0.016666666666666666
0 0.025 0.538425925925926 0.04895833333333333 0.1175925925925926
0 0.078125 0.5333333333333333 0.041666666666666664 0.10555555555555556
0 0.10833333333333334 0.5393518518518519 0.051041666666666666 0.11203703703703705
0 0.33203125 0.5097222222222222 0.0234375 0.06574074074074074
0 0.4223958333333333 0.5504629629629629 0.075 0.14166666666666666
0 0.6822916666666666 0.549537037037037 0.08958333333333333 0.16018518518518518
0 0.2947916666666667 0.5430555555555556 0.058333333333333334 0.1287037037037037
