1 0.784375 0.6777777777777778 0.052083333333333336 0.0962962962962963
1 0.8515625 0.6819444444444445 0.052083333333333336 0.08796296296296297
1 0.8559895833333333 0.5888888888888889 0.043229166666666666 0.06481481481481481
1 0.9109375 0.6148148148148148 0.046875 0.07407407407407407
1 0.9510416666666667 0.55 0.041666666666666664 0.06666666666666667
1 0.90234375 0.5467592592592593 0.04010416666666666 0.07314814814814816
1 0.5734375 0.5819444444444445 0.028125 0.05092592592592593
1 0.5447916666666667 0.5291666666666667 0.01875 0.04166666666666667
1 0.22161458333333334 0.49444444444444446 0.009895833333333333 0.016666666666666666
1 0.20963541666666666 0.4967592592592593 0.009895833333333333 0.019444444444444445
1 0.11223958333333334 0.48935185185185187 0.0109375 0.02314814814814815
1 0.09739583333333333 0.4967592592592593 0.010416666666666666 0.017592592592592594
0 0.05859375 0.5092592592592593 0.0296875 0.05185185185185186
0 0.20833333333333334 0.5453703703703704 0.06145833333333333 0.12592592592592594
0 0.4270833333333333 0.5018518518518519 0.03333333333333333 0.05555555555555556
0 0.10052083333333334 0.5412037037037037 0.04583333333333333 0.11944444444444445
0 0.91015625 0.7611111111111112 0.1796875 0.4166666666666667
0 0.5606770833333333 0.6435185185185185 0.15572916666666667 0.27222222222222225
0 0.6080729166666666 0.7263888888888889 0.20885416666666667 0.3527777777777778
0 0.8588541666666667 0.8106481481481482 0.28229166666666666 0.3787037037037037
