1 0.875 0.5143518518518518 0.035416666666666666 0.08425925925925926
2 0.18411458333333333 0.5606481481481481 0.0296875 0.04722222222222222
1 0.16510416666666666 0.5032407407407408 0.025 0.05277777777777778
1 0.08229166666666667 0.42314814814814816 0.017708333333333333 0.037037037037037035
2 0.10859375 0.43703703703703706 0.021354166666666667 0.03888888888888889
1 0.15651041666666665 0.45740740740740743 0.022395833333333334 0.044444444444444446
2 0.17994791666666665 0.4671296296296297 0.0328125 0.05462962962962963
0 0.8802083333333334 0.6990740740740741 0.23958333333333334 0.4444444444444445
0 0.19609375 0.6064814814814815 0.1640625 0.34814814814814815
0 0.12291666666666666 0.5291666666666667 0.12916666666666665 0.25833333333333336
0 0.18984375 0.6731481481481482 0.18697916666666667 0.40740740740740744
