1 0.8692708333333333 0.3939814814814815 0.014583333333333334 0.028703703703703703
1 0.4966145833333333 0.4393518518518519 0.027604166666666666 0.049074074074074076
1 0.5458333333333333 0.38842592592592595 0.011458333333333333 0.021296296296296296
1 0.4666666666666667 0.38796296296296295 0.014583333333333334 0.02592592592592593
1 0.43828125 0.3888888888888889 0.011979166666666666 0.020370370370370372
2 0.45078124999999997 0.3995370370370371 0.011979166666666666 0.021296296296296296
1 0.3927083333333333 0.3851851851851852 0.010416666666666666 0.020370370370370372
1 0.34010416666666665 0.3824074074074074 0.0125 0.018518518518518517
1 0.37864583333333335 0.38703703703703707 0.009375 0.024074074074074074
1 0.27057291666666666 0.3689814814814815 0.009895833333333333 0.017592592592592594
1 0.2591145833333333 0.3791666666666667 0.011979166666666666 0.021296296296296296
1 0.24687499999999998 0.38703703703703707 0.010416666666666666 0.024074074074074074
1 0.03619791666666666 0.37824074074074077 0.009895833333333333 0.019444444444444445
0 0.025520833333333333 0.42314814814814816 0.03854166666666667 0.10740740740740741
0 0.26197916666666665 0.4310185185185185 0.04791666666666666 0.14351851851851852
0 0.37578125 0.44212962962962965 0.0671875 0.13796296296296298
0 0.45729166666666665 0.4462962962962963 0.08020833333333333 0.14074074074074075
0 0.46822916666666664 0.44027777777777777 0.057291666666666664 0.1287037037037037
0 0.5283854166666666 0.4449074074074074 0.04635416666666667 0.13796296296296298
0 0.6208333333333333 0.4425925925925926 0.08541666666666667 0.15185185185185185
0 0.865625 0.4675925925925926 0.10833333333333334 0.17407407407407408
0 0.24348958333333334 0.4412037037037037 0.06614583333333333 0.13611111111111113
0 0.3364583333333333 0.4393518518518519 0.07291666666666667 0.13796296296296298
0 0.4322916666666667 0.44722222222222224 0.08020833333333333 0.1425925925925926
0 0.5140625 0.562962962962963 0.16770833333333332 0.3037037037037037
