1 0.5059895833333333 0.5773148148148148 0.0265625 0.05462962962962963
1 0.5380208333333333 0.5902777777777778 0.030208333333333334 0.058333333333333334
1 0.7479166666666667 0.49074074074074076 0.013541666666666667 0.02962962962962963
1 0.76796875 0.49212962962962964 0.0140625 0.028703703703703703
1 0.15885416666666666 0.4935185185185185 0.013541666666666667 0.02777777777777778
1 0.07916666666666666 0.4935185185185185 0.015625 0.02777777777777778
0 0.7421875 0.5611111111111111 0.10625 0.17222222222222222
0 0.16197916666666667 0.5638888888888889 0.07604166666666666 0.16666666666666669
0 0.07838541666666667 0.5620370370370371 0.0734375 0.1685185185185185
0 0.5776041666666667 0.7439814814814815 0.21354166666666666 0.39166666666666666
