1 0.4661458333333333 0.5060185185185185 0.0375 0.0712962962962963
1 0.8544270833333333 0.4814814814814815 0.04739583333333333 0.07592592592592592
1 0.06848958333333333 0.44722222222222224 0.0265625 0.04259259259259259
1 0.046614583333333334 0.44074074074074077 0.021354166666666667 0.04259259259259259
1 0.18255208333333334 0.37777777777777777 0.011979166666666666 0.018518518518518517
0 0.17630208333333333 0.42685185185185187 0.05260416666666667 0.12037037037037038
0 0.7848958333333333 0.4513888888888889 0.09270833333333334 0.14722222222222223
0 0.871875 0.6513888888888889 0.25625 0.4398148148148148
0 0.5002604166666667 0.6972222222222223 0.23385416666666667 0.46481481481481485
0 0.0828125 0.5740740740740741 0.14479166666666665 0.32407407407407407
