1 0.5557291666666666 0.5606481481481481 0.015625 0.028703703703703703
1 0.5765625 0.5546296296296297 0.017708333333333333 0.02962962962962963
2 0.25494791666666666 0.5625 0.0109375 0.019444444444444445
1 0.20520833333333333 0.6773148148148148 0.029166666666666667 0.05462962962962963
1 0.16875 0.6888888888888889 0.025 0.04814814814814815
1 0.08828125 0.5907407407407408 0.0140625 0.024074074074074074
2 0.24296874999999998 0.5648148148148149 0.013020833333333334 0.024074074074074074
0 0.09791666666666667 0.6578703703703704 0.07291666666666667 0.1675925925925926
0 0.24296874999999998 0.6412037037037037 0.08177083333333333 0.18981481481481483
0 0.5583333333333333 0.6444444444444445 0.11770833333333333 0.21851851851851853
0 0.23151041666666666 0.8199074074074074 0.18072916666666666 0.3601851851851852
