1 0.9192708333333334 0.4703703703703704 0.036458333333333336 0.07407407407407407
1 0.96875 0.5023148148148149 0.036458333333333336 0.06759259259259259
1 0.5520833333333334 0.4175925925925926 0.021875 0.0462962962962963
1 0.33489583333333334 0.38333333333333336 0.013541666666666667 0.024074074074074074
1 0.24791666666666667 0.3819444444444445 0.009375 0.017592592592592594
1 0.19192708333333333 0.3787037037037037 0.009895833333333333 0.016666666666666666
1 0.184375 0.38472222222222224 0.008333333333333333 0.01388888888888889
1 0.1484375 0.3731481481481482 0.009375 0.016666666666666666
2 0.08125 0.4305555555555556 0.019791666666666666 0.044444444444444446
1 0.0875 0.37592592592592594 0.0125 0.018518518518518517
1 0.07734375 0.37592592592592594 0.008854166666666666 0.018518518518518517
1 0.0078125 0.37777777777777777 0.009375 0.012962962962962964
0 0.075 0.4226851851851852 0.05520833333333333 0.11574074074074074
0 0.146875 0.42592592592592593 0.05520833333333333 0.1277777777777778
0 0.18333333333333332 0.4287037037037037 0.05520833333333333 0.11851851851851852
0 0.24270833333333333 0.4328703703703704 0.06145833333333333 0.12314814814814816
0 0.3302083333333333 0.4388888888888889 0.078125 0.13333333333333333
0 0.9197916666666667 0.6449074074074075 0.16041666666666665 0.42129629629629634
0 0.5684895833333333 0.5226851851851853 0.14947916666666666 0.26203703703703707
0 0.09505208333333333 0.5435185185185185 0.12447916666666667 0.27592592592592596
