1 0.8572916666666667 0.6263888888888889 0.036458333333333336 0.058333333333333334
1 0.6263020833333334 0.5527777777777778 0.015104166666666667 0.02777777777777778
1 0.396875 0.6069444444444445 0.020833333333333332 0.03796296296296296
1 0.3208333333333333 0.701388888888889 0.027083333333333334 0.058333333333333334
1 0.2700520833333333 0.6837962962962963 0.0359375 0.05462962962962963
1 0.3151041666666667 0.5712962962962963 0.016666666666666666 0.02592592592592593
1 0.22421875 0.5671296296296297 0.008854166666666666 0.017592592592592594
1 0.21536458333333333 0.5717592592592593 0.008854166666666666 0.017592592592592594
0 0.21302083333333333 0.6171296296296297 0.059375 0.125
0 0.4348958333333333 0.6087962962962963 0.06770833333333333 0.11944444444444445
0 0.61953125 0.6101851851851852 0.08177083333333333 0.14444444444444446
0 0.30963541666666666 0.6476851851851853 0.0984375 0.18611111111111112
0 0.8791666666666667 0.788888888888889 0.24166666666666667 0.40370370370370373
0 0.4244791666666667 0.7226851851851852 0.14583333333333334 0.28240740740740744
0 0.34270833333333334 0.8245370370370371 0.21145833333333333 0.3509259259259259
