1 0.03229166666666666 0.6060185185185185 0.015625 0.028703703703703703
1 0.05234375 0.6037037037037037 0.018229166666666668 0.03888888888888889
1 0.275 0.6888888888888889 0.042708333333333334 0.07037037037037037
1 0.39010416666666664 0.6185185185185186 0.026041666666666668 0.0462962962962963
1 0.4153645833333333 0.6296296296296297 0.0234375 0.05
1 0.4067708333333333 0.5564814814814815 0.015625 0.022222222222222223
1 0.4505208333333333 0.5574074074074075 0.019791666666666666 0.02962962962962963
1 0.5044270833333333 0.5606481481481481 0.013020833333333334 0.026851851851851852
1 0.5208333333333334 0.5574074074074075 0.010416666666666666 0.022222222222222223
1 0.5708333333333333 0.5546296296296297 0.013541666666666667 0.024074074074074074
1 0.5833333333333334 0.549074074074074 0.013541666666666667 0.018518518518518517
1 0.6015625 0.5569444444444445 0.014583333333333334 0.021296296296296296
1 0.5940104166666667 0.5962962962962963 0.024479166666666666 0.04259259259259259
1 0.62265625 0.5995370370370371 0.027604166666666666 0.04537037037037037
1 0.9252604166666667 0.674074074074074 0.03697916666666667 0.06481481481481481
1 0.9169270833333333 0.5393518518518519 0.015104166666666667 0.026851851851851852
0 0.05963541666666666 0.6152777777777778 0.04114583333333333 0.09166666666666667
0 0.4067708333333333 0.6148148148148148 0.07395833333333333 0.13518518518518519
0 0.49635416666666665 0.6203703703703703 0.090625 0.15185185185185185
0 0.5635416666666666 0.612037037037037 0.08020833333333333 0.1425925925925926
0 0.5828125 0.6055555555555556 0.06666666666666667 0.13703703703703704
0 0.44244791666666666 0.6314814814814815 0.09947916666666666 0.18703703703703706
0 0.9083333333333333 0.8171296296296297 0.18333333333333332 0.36574074074074076
0 0.6458333333333334 0.712962962962963 0.17291666666666666 0.29074074074074074
0 0.434375 0.7513888888888889 0.16354166666666667 0.3138888888888889
0 0.28098958333333335 0.8240740740740741 0.2671875 0.35185185185185186
0 0.06041666666666667 0.688425925925926 0.10104166666666667 0.2101851851851852
0 0.91171875 0.6101851851851852 0.10572916666666667 0.1814814814814815
