2 0.5169270833333334 0.6537037037037037 0.0296875 0.06296296296296297
2 0.8765625 0.5564814814814815 0.020833333333333332 0.037037037037037035
2 0.9130208333333333 0.5532407407407408 0.028125 0.05277777777777778
2 0.9401041666666666 0.5930555555555556 0.019791666666666666 0.04351851851851852
2 0.8937499999999999 0.5810185185185185 0.015625 0.03981481481481482
2 0.81875 0.538425925925926 0.016666666666666666 0.032407407407407406
2 0.8338541666666667 0.5365740740740741 0.013541666666666667 0.028703703703703703
2 0.8481770833333333 0.5430555555555556 0.0140625 0.030555555555555558
2 0.5869791666666666 0.5550925925925926 0.0125 0.026851851851851852
1 0.5640625 0.5555555555555556 0.016666666666666666 0.031481481481481485
1 0.36640625 0.5620370370370371 0.0109375 0.020370370370370372
1 0.3611979166666667 0.5708333333333333 0.011979166666666666 0.02314814814814815
1 0.3125 0.5680555555555555 0.011458333333333333 0.021296296296296296
1 0.0265625 0.5851851851851853 0.007291666666666667 0.016666666666666666
1 0.03515625 0.5828703703703704 0.0078125 0.015740740740740743
0 0.025260416666666667 0.6236111111111111 0.04739583333333333 0.10648148148148148
0 0.36041666666666666 0.6171296296296297 0.06875 0.1398148148148148
0 0.30885416666666665 0.6240740740740741 0.06666666666666667 0.1388888888888889
0 0.55546875 0.6208333333333333 0.0953125 0.1675925925925926
0 0.8114583333333333 0.6037037037037037 0.10104166666666667 0.17592592592592593
0 0.8111979166666666 0.6162037037037037 0.11822916666666666 0.19351851851851853
0 0.9216145833333333 0.6717592592592593 0.15677083333333333 0.287962962962963
0 0.5447916666666667 0.8074074074074075 0.23645833333333333 0.3851851851851852
