1 0.09244791666666667 0.6717592592592593 0.027604166666666666 0.05462962962962963
1 0.13255208333333332 0.6842592592592592 0.025520833333333333 0.053703703703703705
1 0.046614583333333334 0.5819444444444445 0.008854166666666666 0.015740740740740743
1 0.042708333333333334 0.5893518518518519 0.009375 0.019444444444444445
1 0.11822916666666666 0.5805555555555556 0.011458333333333333 0.020370370370370372
1 0.13151041666666666 0.5828703703703704 0.011979166666666666 0.021296296296296296
2 0.24921875 0.5703703703703704 0.008854166666666666 0.020370370370370372
2 0.25859375 0.5712962962962963 0.0109375 0.022222222222222223
2 0.2677083333333333 0.5722222222222223 0.009375 0.018518518518518517
2 0.2760416666666667 0.5671296296296297 0.009375 0.021296296296296296
2 0.29010416666666666 0.5680555555555555 0.010416666666666666 0.017592592592592594
2 0.6059895833333333 0.5699074074074074 0.011979166666666666 0.025
1 0.6184895833333334 0.5486111111111112 0.015104166666666667 0.028703703703703703
2 0.6325520833333333 0.5564814814814815 0.013020833333333334 0.02962962962962963
2 0.6484375 0.5486111111111112 0.013541666666666667 0.026851851851851852
1 0.7703125 0.5324074074074074 0.015625 0.02592592592592593
1 0.79140625 0.5310185185185186 0.01614583333333333 0.028703703703703703
2 0.8171875 0.538425925925926 0.013541666666666667 0.02314814814814815
2 0.8388020833333333 0.5324074074074074 0.0140625 0.022222222222222223
0 0.04244791666666667 0.6291666666666667 0.0484375 0.11203703703703705
0 0.11276041666666667 0.6328703703703704 0.058854166666666666 0.13055555555555556
0 0.2734375 0.6185185185185186 0.065625 0.12962962962962962
0 0.6127604166666667 0.6194444444444445 0.10781249999999999 0.1814814814814815
0 0.2484375 0.6287037037037038 0.06979166666666667 0.1425925925925926
0 0.76484375 0.6050925925925926 0.10572916666666667 0.1787037037037037
0 0.8080729166666667 0.600462962962963 0.11197916666666667 0.16018518518518518
0 0.15598958333333332 0.8203703703703704 0.1859375 0.3592592592592593
