1 0.28984375 0.5680555555555555 0.0171875 0.028703703703703703
2 0.459375 0.5638888888888889 0.014583333333333334 0.02962962962962963
2 0.13697916666666665 0.5726851851851852 0.009375 0.015740740740740743
2 0.13151041666666666 0.5722222222222223 0.008854166666666666 0.014814814814814815
1 0.22395833333333334 0.5643518518518519 0.007291666666666667 0.01388888888888889
1 0.23463541666666665 0.5643518518518519 0.0067708333333333336 0.015740740740740743
2 0.2520833333333333 0.5773148148148148 0.009375 0.017592592592592594
0 0.22604166666666667 0.6166666666666667 0.04791666666666666 0.12222222222222223
0 0.459375 0.6458333333333334 0.11145833333333333 0.19722222222222224
0 0.26015625 0.6296296296296297 0.044270833333333336 0.13333333333333333
0 0.28802083333333334 0.6513888888888889 0.12916666666666665 0.20277777777777778
