1 0.08932291666666667 0.5532407407407408 0.021354166666666667 0.04166666666666667
1 0.11770833333333333 0.5592592592592592 0.01875 0.0462962962962963
1 0.3078125 0.5875 0.029166666666666667 0.0638888888888889
1 0.49296875 0.5694444444444444 0.0296875 0.06296296296296297
1 0.8424479166666666 0.5893518518518519 0.04114583333333333 0.07685185185185185
0 0.5236979166666667 0.5185185185185185 0.0734375 0.1388888888888889
0 0.8630208333333333 0.7703703703703704 0.2739583333333333 0.45925925925925926
0 0.51796875 0.7282407407407407 0.2046875 0.39537037037037037
0 0.3375 0.7486111111111111 0.18958333333333333 0.4101851851851852
0 0.13125 0.674537037037037 0.14166666666666666 0.2916666666666667
