1 0.328125 0.5592592592592592 0.008333333333333333 0.018518518518518517
2 0.3294270833333333 0.5712962962962963 0.008854166666666666 0.016666666666666666
2 0.3377604166666667 0.5648148148148149 0.011979166666666666 0.022222222222222223
1 0.4765625 0.5430555555555556 0.013541666666666667 0.025
2 0.7919270833333333 0.5356481481481482 0.013020833333333334 0.021296296296296296
2 0.8125 0.5347222222222222 0.0125 0.02314814814814815
0 0.3255208333333333 0.6111111111111112 0.059375 0.1277777777777778
0 0.32526041666666666 0.6199074074074075 0.06927083333333334 0.1398148148148148
0 0.47213541666666664 0.6097222222222223 0.08072916666666667 0.15462962962962964
0 0.7877604166666666 0.5967592592592593 0.0984375 0.15833333333333333
