1 0.86328125 0.5305555555555556 0.0140625 0.022222222222222223
1 0.884375 0.5277777777777778 0.013541666666666667 0.022222222222222223
2 0.421875 0.5587962962962963 0.013541666666666667 0.02314814814814815
2 0.4354166666666667 0.5555555555555556 0.011458333333333333 0.022222222222222223
2 0.14583333333333334 0.638425925925926 0.021875 0.04166666666666667
2 0.15651041666666665 0.6819444444444445 0.018229166666666668 0.03796296296296296
2 0.10755208333333333 0.6606481481481482 0.021354166666666667 0.04351851851851852
1 0.040625 0.587962962962963 0.01875 0.03333333333333333
2 0.061718749999999996 0.5837962962962964 0.008854166666666666 0.015740740740740743
0 0.4192708333333333 0.6138888888888889 0.07708333333333334 0.1425925925925926
0 0.8614583333333333 0.5990740740740741 0.109375 0.1685185185185185
0 0.04973958333333333 0.6671296296296296 0.0671875 0.18796296296296297
0 0.16458333333333333 0.7625000000000001 0.15208333333333332 0.3027777777777778
