1 0.3958333333333333 0.5592592592592592 0.009375 0.020370370370370372
1 0.41510416666666666 0.5513888888888889 0.009375 0.019444444444444445
2 0.6481770833333333 0.549074074074074 0.015104166666666667 0.02592592592592593
2 0.67734375 0.5509259259259259 0.019270833333333334 0.031481481481481485
2 0.6341145833333334 0.5703703703703704 0.013020833333333334 0.02777777777777778
2 0.6752604166666667 0.5768518518518518 0.013020833333333334 0.022222222222222223
1 0.7994791666666666 0.5388888888888889 0.014583333333333334 0.02962962962962963
1 0.8247395833333333 0.5305555555555556 0.0140625 0.024074074074074074
0 0.7966145833333333 0.6 0.11197916666666667 0.16481481481481483
0 0.6354166666666666 0.638425925925926 0.128125 0.21944444444444444
0 0.39817708333333335 0.6023148148148149 0.06197916666666667 0.12314814814814816
