2 0.12135416666666667 0.6087962962962963 0.017708333333333333 0.032407407407407406
2 0.140625 0.5990740740740741 0.019791666666666666 0.03518518518518519
1 0.00390625 0.587962962962963 0.0078125 0.014814814814814815
1 0.013020833333333334 0.5888888888888889 0.009375 0.014814814814814815
1 0.24765625 0.5638888888888889 0.011979166666666666 0.020370370370370372
1 0.2630208333333333 0.5680555555555555 0.0125 0.019444444444444445
1 0.20989583333333334 0.6365740740740741 0.020833333333333332 0.03981481481481482
1 0.23020833333333332 0.6351851851851852 0.025 0.0462962962962963
1 0.375 0.5625 0.009375 0.019444444444444445
1 0.3533854166666667 0.5625 0.0109375 0.019444444444444445
2 0.36614583333333334 0.5745370370370371 0.009375 0.015740740740740743
1 0.4640625 0.5513888888888889 0.011458333333333333 0.02314814814814815
1 0.4817708333333333 0.5555555555555556 0.013541666666666667 0.024074074074074074
2 0.4830729166666667 0.5916666666666667 0.0171875 0.03518518518518519
2 0.5026041666666666 0.6027777777777777 0.020833333333333332 0.0462962962962963
1 0.6786458333333333 0.5486111111111112 0.016666666666666666 0.030555555555555558
1 0.69609375 0.5444444444444445 0.0140625 0.02777777777777778
2 0.8627604166666667 0.612037037037037 0.0296875 0.053703703703703705
2 0.9015624999999999 0.600925925925926 0.030208333333333334 0.05555555555555556
1 0.93125 0.5361111111111111 0.015625 0.02777777777777778
1 0.9484374999999999 0.5273148148148148 0.01875 0.030555555555555558
2 0.9752604166666666 0.5342592592592593 0.01614583333333333 0.02777777777777778
0 0.2453125 0.6212962962962963 0.06354166666666666 0.13703703703703704
0 0.353125 0.6129629629629629 0.065625 0.12592592592592594
0 0.6846354166666666 0.6064814814814815 0.07760416666666667 0.15185185185185185
0 0.4705729166666667 0.6148148148148148 0.09010416666666667 0.1462962962962963
0 0.93828125 0.6027777777777777 0.11197916666666667 0.17777777777777778
0 0.9244791666666666 0.600462962962963 0.11770833333333333 0.16203703703703703
0 0.9018229166666667 0.7490740740740741 0.19635416666666666 0.362962962962963
0 0.5223958333333333 0.7087962962962964 0.15729166666666666 0.275
0 0.146875 0.6851851851851852 0.09791666666666667 0.21296296296296297
0 0.25234375 0.7620370370370371 0.14739583333333334 0.3037037037037037
