2 0.6106770833333334 0.5671296296296297 0.018229166666666668 0.036111111111111115
2 0.6328125 0.5675925925925926 0.020833333333333332 0.03518518518518519
2 0.5223958333333333 0.7462962962962963 0.030208333333333334 0.07222222222222223
2 0.4692708333333333 0.7143518518518519 0.035416666666666666 0.0787037037037037
1 0.2921875 0.6462962962962964 0.027083333333333334 0.044444444444444446
1 0.25677083333333334 0.6361111111111112 0.026041666666666668 0.0462962962962963
1 0.43203125 0.5638888888888889 0.013020833333333334 0.020370370370370372
1 0.4471354166666667 0.5587962962962963 0.008854166666666666 0.017592592592592594
1 0.36015625 0.5652777777777778 0.019270833333333334 0.03425925925925926
1 0.33697916666666666 0.5657407407407408 0.016666666666666666 0.03333333333333333
2 0.346875 0.5953703703703704 0.013541666666666667 0.024074074074074074
2 0.30390625 0.5699074074074074 0.01614583333333333 0.017592592592592594
1 0.2872395833333333 0.5657407407407408 0.0109375 0.020370370370370372
1 0.26458333333333334 0.6032407407407407 0.021875 0.04537037037037037
2 0.24713541666666666 0.6013888888888889 0.01614583333333333 0.04166666666666667
1 0.24609375 0.5685185185185185 0.009895833333333333 0.014814814814814815
1 0.23072916666666665 0.5726851851851852 0.0125 0.025
1 0.08828125 0.6291666666666667 0.0234375 0.04537037037037037
1 0.13697916666666665 0.5768518518518518 0.008333333333333333 0.016666666666666666
1 0.15260416666666665 0.5773148148148148 0.009375 0.015740740740740743
1 0.14583333333333334 0.5861111111111111 0.008333333333333333 0.012962962962962964
0 0.23098958333333333 0.6217592592592592 0.06822916666666666 0.125
0 0.13828125 0.625 0.05364583333333333 0.11666666666666667
0 0.28828125 0.6208333333333333 0.0734375 0.13425925925925927
0 0.42526041666666664 0.6143518518518519 0.07552083333333333 0.13055555555555556
0 0.50625 0.6148148148148148 0.08541666666666667 0.15555555555555556
0 0.3333333333333333 0.6435185185185185 0.10104166666666667 0.19074074074074074
0 0.5291666666666667 0.8337962962962964 0.240625 0.33240740740740743
0 0.3020833333333333 0.7675925925925926 0.171875 0.34444444444444444
0 0.2934895833333333 0.7152777777777778 0.15052083333333333 0.2601851851851852
0 0.10286458333333333 0.7416666666666667 0.12864583333333332 0.2796296296296296
0 0.6111979166666667 0.6148148148148148 0.23072916666666665 0.3740740740740741
