1 0.25390625 0.6162037037037037 0.034895833333333334 0.0638888888888889
2 0.646875 0.6185185185185186 0.036458333333333336 0.06851851851851852
2 0.7333333333333333 0.7027777777777778 0.04375 0.09074074074074075
2 0.7791666666666667 0.7000000000000001 0.041666666666666664 0.08703703703703704
1 0.8955729166666666 0.500925925925926 0.0109375 0.018518518518518517
2 0.20885416666666667 0.4791666666666667 0.007291666666666667 0.010185185185185186
1 0.07421875 0.47175925925925927 0.005729166666666666 0.008333333333333333
1 0.06822916666666666 0.4740740740740741 0.005208333333333333 0.009259259259259259
0 0.8203125 0.8250000000000001 0.31354166666666666 0.35000000000000003
0 0.63125 0.7685185185185186 0.16041666666666665 0.3888888888888889
0 0.2713541666666667 0.7814814814814816 0.20104166666666667 0.41481481481481486
