1 0.5723958333333333 0.5106481481481482 0.034375 0.062037037037037036
2 0.5471354166666667 0.5032407407407408 0.0265625 0.06944444444444445
2 0.36354166666666665 0.5319444444444444 0.03125 0.06574074074074074
2 0.30572916666666666 0.5333333333333333 0.03229166666666666 0.06296296296296297
1 0.6489583333333333 0.42824074074074076 0.010416666666666666 0.019444444444444445
1 0.5888020833333333 0.4287037037037037 0.0078125 0.016666666666666666
1 0.3151041666666667 0.41712962962962963 0.00625 0.012037037037037037
1 0.3109375 0.42083333333333334 0.00625 0.012037037037037037
1 0.49921875 0.42638888888888893 0.0067708333333333336 0.015740740740740743
1 0.4940104166666667 0.42962962962962964 0.0067708333333333336 0.014814814814814815
0 0.3640625 0.6902777777777778 0.17916666666666667 0.3824074074074074
0 0.5854166666666667 0.6518518518518519 0.159375 0.3611111111111111
