1 0.6838541666666667 0.524537037037037 0.03958333333333333 0.0712962962962963
2 0.6596354166666667 0.5111111111111112 0.0265625 0.07037037037037037
2 0.4278645833333333 0.5472222222222223 0.033854166666666664 0.07407407407407407
2 0.3671875 0.5407407407407407 0.034375 0.061111111111111116
1 0.4671875 0.425 0.007291666666666667 0.014814814814814815
1 0.4627604166666667 0.42824074074074076 0.005729166666666666 0.012037037037037037
1 0.9385416666666666 0.437962962962963 0.013541666666666667 0.02592592592592593
1 0.9229166666666666 0.437962962962963 0.014583333333333334 0.02777777777777778
0 0.4276041666666667 0.7226851851851852 0.165625 0.4287037037037037
0 0.7044270833333334 0.6837962962962963 0.18177083333333333 0.4101851851851852
