1 0.34140625 0.48055555555555557 0.0140625 0.022222222222222223
1 0.37213541666666666 0.6541666666666667 0.0515625 0.08425925925925926
1 0.41875 0.650462962962963 0.04895833333333333 0.11018518518518519
1 0.48385416666666664 0.6231481481481481 0.05 0.09814814814814815
1 0.9565104166666667 0.6662037037037037 0.05572916666666666 0.1175925925925926
1 0.9091145833333333 0.6583333333333333 0.0515625 0.10555555555555556
1 0.6567708333333333 0.48888888888888893 0.016666666666666666 0.022222222222222223
0 0.9151041666666666 0.8032407407407408 0.16979166666666667 0.39351851851851855
0 0.4283854166666667 0.8018518518518519 0.22239583333333332 0.3962962962962963
0 0.5236979166666667 0.7898148148148149 0.22343749999999998 0.4185185185185185
