1 0.1859375 0.5888888888888889 0.04479166666666667 0.061111111111111116
2 0.18385416666666665 0.5370370370370371 0.03333333333333333 0.05740740740740741
2 0.11744791666666667 0.6194444444444445 0.04739583333333333 0.08518518518518518
2 0.45234375 0.5902777777777778 0.0390625 0.062037037037037036
2 0.49557291666666664 0.5750000000000001 0.04114583333333333 0.07037037037037037
2 0.7046875 0.4962962962962963 0.013541666666666667 0.022222222222222223
1 0.6921875 0.4939814814814815 0.015625 0.019444444444444445
1 0.9111979166666666 0.5013888888888889 0.015104166666666667 0.028703703703703703
1 0.9289062499999999 0.5050925925925926 0.015104166666666667 0.026851851851851852
0 0.13880208333333333 0.7865740740740741 0.1890625 0.42685185185185187
0 0.49244791666666665 0.7384259259259259 0.14635416666666667 0.39537037037037037
0 0.22161458333333334 0.7398148148148148 0.1453125 0.362962962962963
0 0.20807291666666666 0.6736111111111112 0.15260416666666665 0.3101851851851852
