1 0.7197916666666666 0.3773148148148148 0.017708333333333333 0.021296296296296296
1 0.2015625 0.34953703703703703 0.02395833333333333 0.04351851851851852
1 0.04140625 0.32407407407407407 0.009895833333333333 0.020370370370370372
1 0.03307291666666667 0.32222222222222224 0.0109375 0.022222222222222223
1 0.3015625 0.3351851851851852 0.009375 0.012962962962962964
1 0.08151041666666667 0.3337962962962963 0.009895833333333333 0.02314814814814815
1 0.07578125 0.3314814814814815 0.0067708333333333336 0.020370370370370372
0 0.7138020833333333 0.4217592592592593 0.050520833333333334 0.11203703703703705
0 0.20208333333333334 0.41250000000000003 0.04895833333333333 0.16203703703703703
0 0.45625 0.3851851851851852 0.030208333333333334 0.08148148148148149
0 0.30078125 0.3662037037037037 0.0234375 0.07314814814814816
0 0.08307291666666666 0.37083333333333335 0.030729166666666665 0.10462962962962963
0 0.040625 0.35833333333333334 0.028125 0.0962962962962963
