1 0.8669270833333333 0.46296296296296297 0.0421875 0.07407407407407407
1 0.8468749999999999 0.4430555555555556 0.04583333333333333 0.06018518518518519
1 0.40182291666666664 0.3699074074074074 0.018229166666666668 0.049074074074074076
1 0.3890625 0.3675925925925926 0.017708333333333333 0.03888888888888889
1 0.22526041666666666 0.3490740740740741 0.018229166666666668 0.03518518518518519
1 0.20598958333333334 0.34444444444444444 0.024479166666666666 0.03333333333333333
0 0.3263020833333333 0.3648148148148148 0.0234375 0.07037037037037037
0 0.8671875 0.6240740740740741 0.184375 0.412962962962963
0 0.40651041666666665 0.45416666666666666 0.06927083333333334 0.20462962962962963
0 0.22317708333333333 0.41944444444444445 0.0515625 0.17777777777777778
