1 0.8361979166666667 0.4791666666666667 0.0421875 0.08796296296296297
1 0.8768229166666667 0.4902777777777778 0.049479166666666664 0.09351851851851853
1 0.049479166666666664 0.45 0.042708333333333334 0.08888888888888889
1 0.29322916666666665 0.3597222222222222 0.01875 0.036111111111111115
1 0.31145833333333334 0.38101851851851853 0.029166666666666667 0.058333333333333334
2 0.19713541666666667 0.45787037037037037 0.043229166666666666 0.08981481481481482
0 0.88359375 0.6875 0.23072916666666665 0.49722222222222223
0 0.31171875 0.4652777777777778 0.08385416666666666 0.2490740740740741
0 0.21119791666666665 0.6666666666666667 0.14739583333333334 0.5074074074074074
0 0.06276041666666667 0.6166666666666667 0.11510416666666666 0.4203703703703704
