1 0.5559895833333334 0.6050925925925926 0.0703125 0.1527777777777778
1 0.5328125 0.38703703703703707 0.029166666666666667 0.0462962962962963
1 0.23932291666666666 0.35694444444444445 0.0265625 0.04166666666666667
1 0.12369791666666667 0.3560185185185185 0.022395833333333334 0.03796296296296296
2 0.5065104166666666 0.5773148148148148 0.06510416666666667 0.125
2 0.8174479166666666 0.4425925925925926 0.033854166666666664 0.07037037037037037
2 0.8403645833333333 0.45972222222222225 0.0328125 0.062037037037037036
0 0.8497395833333333 0.6041666666666667 0.16614583333333333 0.38796296296296295
0 0.5348958333333333 0.48333333333333334 0.09166666666666666 0.2555555555555556
0 0.5770833333333333 0.7532407407407408 0.2895833333333333 0.4935185185185185
0 0.24583333333333332 0.4300925925925926 0.05520833333333333 0.18611111111111112
0 0.12786458333333334 0.4277777777777778 0.049479166666666664 0.1814814814814815
