1 0.4125 0.44027777777777777 0.035416666666666666 0.062037037037037036
1 0.4783854166666667 0.3611111111111111 0.018229166666666668 0.03888888888888889
1 0.4203125 0.3990740740740741 0.025 0.05555555555555556
1 0.4010416666666667 0.39722222222222225 0.02395833333333333 0.03888888888888889
2 0.12005208333333334 0.47962962962962963 0.0484375 0.06851851851851852
2 0.46171875 0.35694444444444445 0.019270833333333334 0.03796296296296296
2 0.109375 0.4467592592592593 0.036458333333333336 0.049074074074074076
0 0.13151041666666666 0.663425925925926 0.14114583333333333 0.47500000000000003
0 0.4747395833333333 0.4203703703703704 0.06197916666666667 0.16296296296296298
0 0.42161458333333335 0.5092592592592593 0.0703125 0.2796296296296296
0 0.42291666666666666 0.5814814814814815 0.109375 0.35370370370370374
