2 0.559375 0.2884259259259259 0.017708333333333333 0.03796296296296296
1 0.57578125 0.2763888888888889 0.019270833333333334 0.03796296296296296
1 0.8817708333333333 0.19861111111111113 0.011458333333333333 0.025
1 0.9294270833333333 0.2300925925925926 0.022395833333333334 0.036111111111111115
1 0.9497395833333333 0.17777777777777778 0.009895833333333333 0.024074074074074074
1 0.9940104166666667 0.16342592592592592 0.0078125 0.015740740740740743
0 0.9299479166666667 0.31527777777777777 0.057812499999999996 0.2101851851851852
0 0.9479166666666666 0.21481481481481482 0.026041666666666668 0.0925925925925926
0 0.5651041666666666 0.36944444444444446 0.07708333333333334 0.23148148148148148
0 0.8825520833333333 0.24305555555555555 0.033854166666666664 0.11018518518518519
