1 0.7760416666666666 0.3226851851851852 0.016666666666666666 0.036111111111111115
1 0.7846354166666667 0.3111111111111111 0.0171875 0.031481481481481485
2 0.421875 0.48333333333333334 0.03958333333333333 0.08888888888888889
2 0.459375 0.4763888888888889 0.04479166666666667 0.09351851851851853
2 0.8463541666666666 0.3050925925925926 0.0125 0.025
2 0.85625 0.3013888888888889 0.010416666666666666 0.028703703703703703
2 0.88671875 0.34074074074074073 0.0140625 0.03333333333333333
2 0.8986979166666667 0.3337962962962963 0.0140625 0.030555555555555558
0 0.8979166666666667 0.41111111111111115 0.058333333333333334 0.1925925925925926
0 0.48046875 0.6972222222222223 0.1890625 0.5314814814814816
0 0.78203125 0.38101851851851853 0.058854166666666666 0.1638888888888889
0 0.8447916666666666 0.3527777777777778 0.0375 0.13703703703703704
0 0.8505208333333333 0.3458333333333333 0.030208333333333334 0.11574074074074074
