2 0.23151041666666666 0.4601851851851852 0.0390625 0.07777777777777778
2 0.16848958333333333 0.3699074074074074 0.0140625 0.02314814814814815
2 0.3260416666666667 0.3907407407407408 0.008333333333333333 0.02592592592592593
2 0.33671875 0.3875 0.013020833333333334 0.03425925925925926
2 0.57734375 0.3861111111111111 0.0140625 0.031481481481481485
0 0.5721354166666667 0.4537037037037037 0.07552083333333333 0.1574074074074074
0 0.2703125 0.41481481481481486 0.029166666666666667 0.12407407407407407
0 0.47604166666666664 0.44074074074074077 0.041666666666666664 0.14074074074074075
0 0.16848958333333333 0.42083333333333334 0.04010416666666666 0.13240740740740742
0 0.32447916666666665 0.4537037037037037 0.04895833333333333 0.16481481481481483
0 0.2526041666666667 0.6342592592592593 0.228125 0.4166666666666667
