2 0.40963541666666664 0.4226851851851852 0.0296875 0.05462962962962963
2 0.5765625 0.39351851851851855 0.017708333333333333 0.031481481481481485
2 0.22161458333333334 0.375462962962963 0.0109375 0.017592592592592594
2 0.21302083333333333 0.3726851851851852 0.011458333333333333 0.02314814814814815
2 0.2682291666666667 0.3699074074074074 0.0125 0.02314814814814815
2 0.1203125 0.3615740740740741 0.011458333333333333 0.01388888888888889
0 0.5721354166666667 0.4537037037037037 0.07552083333333333 0.1574074074074074
0 0.26953125 0.41481481481481486 0.027604166666666666 0.12407407407407407
0 0.47630208333333335 0.44074074074074077 0.04114583333333333 0.14074074074074075
0 0.12057291666666667 0.40601851851851856 0.034895833333333334 0.11388888888888889
0 0.21328125 0.42824074074074076 0.0421875 0.13240740740740742
0 0.4192708333333333 0.5592592592592592 0.08854166666666667 0.3277777777777778
