2 0.05963541666666666 0.4361111111111111 0.0265625 0.0462962962962963
2 0.058333333333333334 0.41064814814814815 0.03125 0.03796296296296296
2 0.20651041666666667 0.3814814814814815 0.018229166666666668 0.03518518518518519
2 0.5776041666666667 0.38796296296296295 0.01875 0.031481481481481485
0 0.20677083333333332 0.44074074074074077 0.04375 0.1574074074074074
0 0.56328125 0.4537037037037037 0.057812499999999996 0.15925925925925927
0 0.27317708333333335 0.41574074074074074 0.0359375 0.11296296296296297
0 0.47265625 0.4416666666666667 0.04635416666666667 0.14444444444444446
0 0.06953125 0.538425925925926 0.09010416666666667 0.2916666666666667
0 0.17083333333333334 0.39212962962962966 0.03125 0.09537037037037037
0 0.12057291666666667 0.38842592592592595 0.027604166666666666 0.09351851851851853
