2 0.37604166666666666 0.4898148148148148 0.03333333333333333 0.07592592592592592
2 0.30026041666666664 0.39583333333333337 0.015104166666666667 0.03425925925925926
2 0.57734375 0.38981481481481484 0.019270833333333334 0.031481481481481485
2 0.0265625 0.38101851851851853 0.014583333333333334 0.030555555555555558
2 0.05572916666666666 0.34814814814814815 0.013541666666666667 0.022222222222222223
0 0.5630208333333333 0.4537037037037037 0.057291666666666664 0.15925925925925927
0 0.27317708333333335 0.41620370370370374 0.034895833333333334 0.11388888888888889
0 0.47265625 0.4412037037037037 0.04635416666666667 0.14537037037037037
0 0.3859375 0.6731481481481482 0.12708333333333333 0.4462962962962963
0 0.29375 0.45833333333333337 0.05520833333333333 0.17037037037037037
0 0.03203125 0.437962962962963 0.043229166666666666 0.15185185185185185
