2 0.3364583333333333 0.4185185185185185 0.035416666666666666 0.061111111111111116
2 0.1453125 0.3740740740740741 0.013541666666666667 0.02777777777777778
2 0.57890625 0.38842592592592595 0.0234375 0.036111111111111115
1 0.6838541666666667 0.4300925925925926 0.022916666666666665 0.05277777777777778
1 0.7119791666666666 0.4375 0.034375 0.058333333333333334
0 0.5630208333333333 0.4537037037037037 0.057291666666666664 0.15925925925925927
0 0.27317708333333335 0.41620370370370374 0.034895833333333334 0.11388888888888889
0 0.47265625 0.4412037037037037 0.04635416666666667 0.14537037037037037
0 0.14505208333333333 0.4199074074074074 0.0296875 0.11944444444444445
0 0.67734375 0.5407407407407407 0.11927083333333333 0.2740740740740741
0 0.35130208333333335 0.5421296296296296 0.10572916666666667 0.30833333333333335
