2 0.5755208333333334 0.38842592592592595 0.025 0.04722222222222222
2 0.16302083333333334 0.3689814814814815 0.019791666666666666 0.026851851851851852
1 0.23255208333333333 0.4625 0.044270833333333336 0.08055555555555556
0 0.034895833333333334 0.39212962962962966 0.030208333333333334 0.10277777777777779
0 0.0859375 0.39166666666666666 0.027083333333333334 0.09074074074074075
0 0.27317708333333335 0.41250000000000003 0.0359375 0.11388888888888889
0 0.56484375 0.4532407407407408 0.06197916666666667 0.15462962962962964
0 0.4770833333333333 0.4439814814814815 0.03854166666666667 0.14351851851851852
0 0.16145833333333334 0.425462962962963 0.03854166666666667 0.1398148148148148
0 0.24947916666666667 0.5995370370370371 0.11770833333333333 0.3509259259259259
