2 0.571875 0.3902777777777778 0.027083333333333334 0.03981481481481482
2 0.7419270833333333 0.42314814814814816 0.0359375 0.05
2 0.05651041666666667 0.40601851851851856 0.0234375 0.036111111111111115
1 0.3203125 0.4615740740740741 0.04791666666666666 0.075
0 0.56484375 0.45555555555555555 0.06197916666666667 0.16296296296296298
0 0.471875 0.4430555555555556 0.05 0.14537037037037037
0 0.27421875 0.4166666666666667 0.03802083333333333 0.11481481481481481
0 0.0765625 0.39861111111111114 0.04479166666666667 0.10648148148148148
0 0.33046875 0.6453703703703704 0.13802083333333334 0.4462962962962963
0 0.7408854166666666 0.5458333333333334 0.13385416666666666 0.27870370370370373
0 0.06015625 0.4847222222222222 0.058854166666666666 0.20833333333333334
