2 0.575 0.39166666666666666 0.022916666666666665 0.03333333333333333
2 0.2778645833333333 0.4462962962962963 0.0328125 0.06296296296296297
2 0.24375 0.44351851851851853 0.034375 0.06296296296296297
1 0.19895833333333332 0.3768518518518519 0.017708333333333333 0.040740740740740744
0 0.5653645833333333 0.4537037037037037 0.06197916666666667 0.1574074074074074
0 0.4666666666666667 0.44212962962962965 0.059375 0.14351851851851852
0 0.4328125 0.39212962962962966 0.0375 0.09351851851851853
0 0.21640625 0.4013888888888889 0.0390625 0.09907407407407408
0 0.27109375 0.41712962962962963 0.03177083333333333 0.11018518518518519
0 0.07265625 0.40694444444444444 0.030729166666666665 0.11574074074074074
0 0.19661458333333334 0.43842592592592594 0.0421875 0.14907407407407408
0 0.27760416666666665 0.5791666666666667 0.11458333333333333 0.3453703703703704
