1 0.12239583333333333 0.437962962962963 0.03229166666666666 0.06851851851851852
1 0.31796875 0.3787037037037037 0.0140625 0.02962962962962963
1 0.33307291666666666 0.3842592592592593 0.015104166666666667 0.02962962962962963
2 0.5692708333333333 0.3939814814814815 0.016666666666666666 0.036111111111111115
1 0.17395833333333333 0.3768518518518519 0.011458333333333333 0.02962962962962963
0 0.5653645833333333 0.45740740740740743 0.06510416666666667 0.16666666666666669
0 0.3380208333333333 0.4412037037037037 0.06875 0.1564814814814815
0 0.47552083333333334 0.4425925925925926 0.041666666666666664 0.14444444444444446
0 0.27369791666666665 0.41481481481481486 0.034895833333333334 0.12037037037037038
0 0.17395833333333333 0.43333333333333335 0.041666666666666664 0.1425925925925926
0 0.1203125 0.5773148148148148 0.0875 0.3472222222222222
