2 0.6916666666666667 0.4430555555555556 0.025 0.06018518518518519
2 0.7171875 0.4351851851851852 0.029166666666666667 0.05555555555555556
1 0.24713541666666666 0.41250000000000003 0.030729166666666665 0.05092592592592593
1 0.903125 0.5777777777777778 0.078125 0.15
2 0.9760416666666667 0.4375 0.028125 0.05092592592592593
2 0.57421875 0.3925925925925926 0.0140625 0.031481481481481485
2 0.46328125 0.38703703703703707 0.013020833333333334 0.031481481481481485
0 0.9502604166666666 0.5569444444444445 0.09947916666666666 0.28055555555555556
0 0.5614583333333333 0.4537037037037037 0.05520833333333333 0.15925925925925927
0 0.4666666666666667 0.44351851851851853 0.059375 0.1425925925925926
0 0.27291666666666664 0.4175925925925926 0.03958333333333333 0.11481481481481481
0 0.24687499999999998 0.512962962962963 0.08645833333333333 0.24629629629629632
0 0.8833333333333333 0.7513888888888889 0.23333333333333334 0.49722222222222223
0 0.6981770833333333 0.5555555555555556 0.15989583333333332 0.30185185185185187
