2 0.8161458333333333 0.6185185185185186 0.0625 0.12592592592592594
2 0.8919270833333334 0.6865740740740741 0.06614583333333333 0.11574074074074074
2 0.7510416666666666 0.762962962962963 0.057291666666666664 0.12222222222222223
1 0.6236979166666666 0.40925925925925927 0.0234375 0.05925925925925926
1 0.10390624999999999 0.42592592592592593 0.0265625 0.05555555555555556
2 0.06432291666666666 0.4078703703703704 0.022395833333333334 0.04722222222222222
2 0.5713541666666666 0.39166666666666666 0.014583333333333334 0.02777777777777778
0 0.4669270833333333 0.44537037037037036 0.057812499999999996 0.1388888888888889
0 0.2716145833333333 0.4134259259259259 0.0328125 0.11388888888888889
0 0.5622395833333333 0.45555555555555555 0.05260416666666667 0.1574074074074074
0 0.08151041666666667 0.3962962962962963 0.0265625 0.10740740740740741
0 0.6278645833333333 0.5069444444444444 0.09114583333333333 0.25462962962962965
0 0.8278645833333333 0.775 0.3442708333333333 0.45
0 0.11041666666666666 0.5435185185185185 0.07916666666666666 0.2925925925925926
0 0.05963541666666666 0.4898148148148148 0.0515625 0.21296296296296297
