1 0.6682291666666667 0.4337962962962963 0.022916666666666665 0.05648148148148149
2 0.7018229166666666 0.4449074074074074 0.024479166666666666 0.05648148148148149
1 0.5354166666666667 0.40046296296296297 0.021875 0.049074074074074076
1 0.5528645833333333 0.40740740740740744 0.028645833333333332 0.05555555555555556
1 0.3416666666666667 0.4217592592592593 0.03229166666666666 0.06944444444444445
1 0.3848958333333333 0.38703703703703707 0.03125 0.05925925925925926
2 0.46432291666666664 0.38842592592592595 0.0109375 0.028703703703703703
0 0.36640625 0.47361111111111115 0.0828125 0.22314814814814815
0 0.35130208333333335 0.5430555555555556 0.0953125 0.3101851851851852
0 0.4669270833333333 0.4449074074074074 0.058854166666666666 0.14166666666666666
0 0.5328125 0.5097222222222222 0.096875 0.2601851851851852
0 0.6734375 0.5592592592592592 0.11979166666666667 0.29814814814814816
