1 0.31796875 0.42592592592592593 0.0265625 0.06666666666666667
1 0.14114583333333333 0.37453703703703706 0.011458333333333333 0.025
1 0.19166666666666665 0.3578703703703704 0.009375 0.021296296296296296
1 0.09140625 0.3597222222222222 0.008854166666666666 0.019444444444444445
2 0.2765625 0.3680555555555556 0.014583333333333334 0.025
2 0.575 0.39166666666666666 0.016666666666666666 0.03333333333333333
0 0.27057291666666666 0.41712962962962963 0.0296875 0.11574074074074074
0 0.19505208333333332 0.4 0.0328125 0.10740740740740741
0 0.5645833333333333 0.4550925925925926 0.06041666666666667 0.1564814814814815
0 0.3268229166666667 0.5597222222222222 0.09739583333333333 0.325
0 0.09114583333333333 0.39675925925925926 0.028125 0.09907407407407408
0 0.14192708333333334 0.4222222222222222 0.0359375 0.12407407407407407
