1 0.5236979166666667 0.4601851851851852 0.0484375 0.09074074074074075
2 0.4434895833333333 0.39351851851851855 0.025520833333333333 0.04814814814814815
1 0.16041666666666665 0.41574074074074074 0.028125 0.05740740740740741
2 0.56875 0.3907407407407408 0.014583333333333334 0.02962962962962963
1 0.21510416666666665 0.37453703703703706 0.0125 0.030555555555555558
0 0.4661458333333333 0.44537037037037036 0.06041666666666667 0.1425925925925926
0 0.27265625 0.41435185185185186 0.034895833333333334 0.11574074074074074
0 0.5640625 0.45555555555555555 0.05520833333333333 0.15925925925925927
0 0.21562499999999998 0.4467592592592593 0.052083333333333336 0.17314814814814816
0 0.5359375 0.6615740740740741 0.1875 0.487962962962963
0 0.17395833333333333 0.5273148148148148 0.07916666666666666 0.28425925925925927
0 0.4453125 0.4842592592592593 0.075 0.22592592592592595
