1 0.2625 0.4444444444444445 0.036458333333333336 0.07592592592592592
1 0.23359375 0.4398148148148148 0.028645833333333332 0.07222222222222223
2 0.57421875 0.39212962962962966 0.015104166666666667 0.032407407407407406
2 0.46119791666666665 0.38333333333333336 0.013020833333333334 0.02777777777777778
0 0.27057291666666666 0.4152777777777778 0.030729166666666665 0.11203703703703705
0 0.4666666666666667 0.4449074074074074 0.059375 0.14166666666666666
0 0.5635416666666666 0.4550925925925926 0.059375 0.1564814814814815
0 0.06796875 0.38842592592592595 0.025520833333333333 0.08796296296296297
0 0.09270833333333334 0.3995370370370371 0.029166666666666667 0.10277777777777779
0 0.2598958333333333 0.5847222222222223 0.11354166666666667 0.35833333333333334
