2 0.9770833333333333 0.4425925925925926 0.030208333333333334 0.05555555555555556
2 0.5744791666666667 0.3907407407407408 0.014583333333333334 0.02962962962962963
1 0.2682291666666667 0.3851851851851852 0.0125 0.02777777777777778
1 0.25677083333333334 0.38981481481481484 0.013541666666666667 0.024074074074074074
2 0.46380208333333334 0.3925925925925926 0.0109375 0.022222222222222223
0 0.9513020833333333 0.5541666666666667 0.09739583333333333 0.28055555555555556
0 0.4666666666666667 0.4439814814814815 0.06041666666666667 0.14351851851851852
0 0.56328125 0.45601851851851855 0.058854166666666666 0.16018518518518518
0 0.27265625 0.41944444444444445 0.0390625 0.11481481481481481
0 0.2604166666666667 0.4444444444444445 0.051041666666666666 0.15555555555555556
0 0.06666666666666667 0.3851851851851852 0.025 0.08888888888888889
