2 0.15859375 0.4240740740740741 0.01614583333333333 0.0462962962962963
2 0.14192708333333334 0.4476851851851852 0.022395833333333334 0.04537037037037037
2 0.9755208333333333 0.4444444444444445 0.029166666666666667 0.053703703703703705
2 0.46484375 0.38842592592592595 0.013020833333333334 0.03425925925925926
2 0.5755208333333334 0.3912037037037037 0.015625 0.032407407407407406
0 0.9510416666666667 0.5541666666666667 0.09791666666666667 0.28055555555555556
0 0.4661458333333333 0.44351851851851853 0.059375 0.1425925925925926
0 0.5635416666666666 0.45601851851851855 0.059375 0.16018518518518518
0 0.27317708333333335 0.41944444444444445 0.04010416666666666 0.11481481481481481
0 0.15885416666666666 0.5097222222222222 0.075 0.2175925925925926
