2 0.18385416666666665 0.4152777777777778 0.019791666666666666 0.05462962962962963
1 0.15052083333333333 0.37777777777777777 0.0125 0.024074074074074074
1 0.13046875 0.36574074074074076 0.011979166666666666 0.022222222222222223
1 0.07552083333333333 0.36712962962962964 0.009375 0.017592592592592594
1 0.11640625 0.36064814814814816 0.011979166666666666 0.02314814814814815
2 0.46041666666666664 0.3791666666666667 0.0125 0.026851851851851852
2 0.6177083333333333 0.41250000000000003 0.030208333333333334 0.09907407407407408
0 0.4669270833333333 0.4398148148148148 0.05677083333333333 0.14814814814814814
0 0.6153645833333333 0.4337962962962963 0.0453125 0.15092592592592594
0 0.071875 0.40925925925925927 0.041666666666666664 0.10740740740740741
0 0.11484375 0.40972222222222227 0.03177083333333333 0.11574074074074074
0 0.1953125 0.5157407407407407 0.0875 0.2537037037037037
0 0.14817708333333332 0.4430555555555556 0.043229166666666666 0.15833333333333333
0 0.19427083333333334 0.45555555555555555 0.04375 0.17222222222222222
