2 0.46249999999999997 0.3800925925925926 0.0125 0.025
1 0.14296875 0.3736111111111111 0.013020833333333334 0.026851851851851852
1 0.11484375 0.3625 0.011979166666666666 0.025
1 0.128125 0.3666666666666667 0.009375 0.022222222222222223
1 0.07317708333333334 0.37083333333333335 0.013020833333333334 0.02314814814814815
0 0.4666666666666667 0.4398148148148148 0.05625 0.14814814814814814
0 0.61796875 0.43472222222222223 0.0453125 0.1527777777777778
0 0.11380208333333333 0.40972222222222227 0.0296875 0.11574074074074074
0 0.14088541666666665 0.42592592592592593 0.033854166666666664 0.13703703703703704
0 0.15 0.42962962962962964 0.035416666666666666 0.13703703703703704
