1 0.8341145833333333 0.4449074074074074 0.03697916666666667 0.05648148148148149
1 0.11041666666666666 0.4416666666666667 0.029166666666666667 0.06851851851851852
2 0.08333333333333333 0.4324074074074074 0.027083333333333334 0.05740740740740741
1 0.7630208333333334 0.3990740740740741 0.025 0.03888888888888889
2 0.5028645833333333 0.3685185185185185 0.011979166666666666 0.022222222222222223
2 0.4671875 0.38981481481481484 0.010416666666666666 0.024074074074074074
2 0.2453125 0.3773148148148148 0.009375 0.021296296296296296
0 0.5111979166666667 0.4273148148148148 0.06614583333333333 0.14537037037037037
0 0.24401041666666667 0.43194444444444446 0.0421875 0.13796296296296298
0 0.7502604166666667 0.49074074074074076 0.10781249999999999 0.21666666666666667
0 0.1046875 0.5666666666666667 0.09791666666666667 0.32407407407407407
0 0.83046875 0.5703703703703704 0.1421875 0.3037037037037037
