1 0.5510416666666667 0.41250000000000003 0.028125 0.05462962962962963
1 0.5364583333333334 0.40601851851851856 0.026041666666666668 0.05648148148148149
1 0.3328125 0.39537037037037037 0.020833333333333332 0.04814814814814815
1 0.15442708333333333 0.41481481481481486 0.021354166666666667 0.05
0 0.4669270833333333 0.44537037037037036 0.0609375 0.1388888888888889
0 0.13567708333333334 0.4152777777777778 0.0390625 0.125
0 0.07239583333333333 0.41250000000000003 0.042708333333333334 0.10648148148148148
0 0.18489583333333334 0.41435185185185186 0.034375 0.11944444444444445
0 0.078125 0.41944444444444445 0.03958333333333333 0.13148148148148148
0 0.11223958333333334 0.40972222222222227 0.0328125 0.1175925925925926
0 0.3268229166666667 0.47962962962962963 0.0796875 0.21481481481481482
0 0.5338541666666666 0.5166666666666667 0.11145833333333333 0.27037037037037037
0 0.15442708333333333 0.49953703703703706 0.06510416666666667 0.22314814814814815
