1 0.2877604166666667 0.5296296296296297 0.049479166666666664 0.09814814814814815
1 0.23802083333333332 0.3842592592592593 0.015625 0.031481481481481485
1 0.17135416666666667 0.3736111111111111 0.014583333333333334 0.03425925925925926
0 0.4666666666666667 0.44537037037037036 0.06041666666666667 0.1388888888888889
0 0.07317708333333334 0.41250000000000003 0.04114583333333333 0.10648148148148148
0 0.042708333333333334 0.40694444444444444 0.035416666666666666 0.11944444444444445
0 0.1125 0.40972222222222227 0.03333333333333333 0.1175925925925926
0 0.2630208333333333 0.7388888888888889 0.16666666666666666 0.5222222222222223
0 0.17161458333333332 0.44212962962962965 0.04635416666666667 0.1638888888888889
0 0.2359375 0.4652777777777778 0.06458333333333333 0.19351851851851853
