1 0.07005208333333333 0.7495370370370371 0.1203125 0.2657407407407408
2 0.4653645833333333 0.3888888888888889 0.0109375 0.02962962962962963
1 0.17682291666666666 0.3740740740740741 0.011979166666666666 0.02592592592592593
1 0.16666666666666666 0.3731481481481482 0.0125 0.024074074074074074
2 0.27057291666666666 0.362962962962963 0.0109375 0.024074074074074074
2 0.013020833333333334 0.37222222222222223 0.0125 0.02777777777777778
0 0.475 0.4425925925925926 0.042708333333333334 0.1462962962962963
0 0.2734375 0.4152777777777778 0.035416666666666666 0.12314814814814816
0 0.16953125 0.42453703703703705 0.04010416666666666 0.13796296296296298
0 0.018489583333333334 0.425 0.0328125 0.1388888888888889
