1 0.22734374999999998 0.7800925925925927 0.13489583333333333 0.2175925925925926
2 0.7411458333333333 0.6180555555555556 0.071875 0.14722222222222223
2 0.26927083333333335 0.4046296296296297 0.019791666666666666 0.05
1 0.10520833333333333 0.4027777777777778 0.01875 0.0462962962962963
1 0.09270833333333334 0.4027777777777778 0.013541666666666667 0.037037037037037035
1 0.07890625 0.3597222222222222 0.0109375 0.021296296296296296
2 0.46510416666666665 0.38657407407407407 0.0125 0.026851851851851852
0 0.475 0.4425925925925926 0.042708333333333334 0.1462962962962963
0 0.27369791666666665 0.41481481481481486 0.0359375 0.12222222222222223
0 0.07552083333333333 0.3990740740740741 0.029166666666666667 0.10370370370370371
0 0.27760416666666665 0.5023148148148149 0.07395833333333333 0.25277777777777777
0 0.11197916666666667 0.4916666666666667 0.06145833333333333 0.2240740740740741
0 0.71796875 0.7736111111111111 0.3755208333333333 0.4527777777777778
