1 0.3403645833333333 0.7069444444444445 0.13177083333333334 0.21203703703703705
1 0.3736979166666667 0.4449074074074074 0.033854166666666664 0.06759259259259259
1 0.3497395833333333 0.44537037037037036 0.0265625 0.061111111111111116
1 0.07994791666666666 0.4287037037037037 0.0296875 0.061111111111111116
1 0.11927083333333333 0.38842592592592595 0.016666666666666666 0.04537037037037037
1 0.026822916666666665 0.34675925925925927 0.0109375 0.021296296296296296
2 0.10651041666666666 0.4314814814814815 0.025520833333333333 0.05185185185185186
2 0.46328125 0.38842592592592595 0.0109375 0.02314814814814815
2 0.26953125 0.36574074074074076 0.0109375 0.018518518518518517
0 0.475 0.4425925925925926 0.042708333333333334 0.1462962962962963
0 0.27369791666666665 0.41481481481481486 0.0359375 0.12222222222222223
0 0.39010416666666664 0.5958333333333333 0.12395833333333334 0.3675925925925926
0 0.13177083333333334 0.46620370370370373 0.053125 0.20462962962962963
0 0.11119791666666666 0.5527777777777778 0.1203125 0.32037037037037036
