1 0.45651041666666664 0.6953703703703704 0.09427083333333333 0.21666666666666667
1 0.4401041666666667 0.42453703703703705 0.030208333333333334 0.06759259259259259
1 0.47109375 0.39861111111111114 0.019270833333333334 0.036111111111111115
1 0.7934895833333333 0.4814814814814815 0.05364583333333333 0.1
2 0.8552083333333333 0.49583333333333335 0.052083333333333336 0.10462962962962963
2 0.33828125 0.40185185185185185 0.009895833333333333 0.020370370370370372
0 0.4752604166666667 0.4425925925925926 0.043229166666666666 0.1462962962962963
0 0.27369791666666665 0.41481481481481486 0.0359375 0.12222222222222223
0 0.46822916666666664 0.7930555555555556 0.240625 0.4138888888888889
0 0.45703125 0.5787037037037037 0.1296875 0.3740740740740741
0 0.8630208333333333 0.7115740740740741 0.2739583333333333 0.5768518518518518
0 0.45234375 0.4851851851851852 0.07135416666666666 0.2111111111111111
