1 0.4903645833333333 0.6986111111111112 0.12239583333333333 0.2138888888888889
2 0.4661458333333333 0.3888888888888889 0.010416666666666666 0.02777777777777778
1 0.26875 0.3652777777777778 0.0125 0.02314814814814815
1 0.19791666666666666 0.3763888888888889 0.011458333333333333 0.025
1 0.18932291666666667 0.37592592592592594 0.008854166666666666 0.022222222222222223
2 0.09427083333333333 0.3944444444444445 0.016666666666666666 0.03518518518518519
0 0.4752604166666667 0.4430555555555556 0.043229166666666666 0.14537037037037037
0 0.27369791666666665 0.41435185185185186 0.0359375 0.1212962962962963
0 0.46067708333333335 0.7976851851851852 0.2755208333333333 0.4046296296296297
0 0.18776041666666665 0.42962962962962964 0.0390625 0.1388888888888889
0 0.10208333333333333 0.4828703703703704 0.06458333333333333 0.2175925925925926
