2 0.8786458333333333 0.675462962962963 0.05416666666666667 0.10648148148148148
1 0.7283854166666667 0.5990740740740741 0.0484375 0.10555555555555556
2 0.44166666666666665 0.6226851851851852 0.027083333333333334 0.058333333333333334
2 0.41354166666666664 0.6180555555555556 0.027083333333333334 0.05092592592592593
2 0.39947916666666666 0.6078703703703704 0.025 0.049074074074074076
2 0.29322916666666665 0.5907407407407408 0.017708333333333333 0.03333333333333333
1 0.14348958333333334 0.5671296296296297 0.013020833333333334 0.026851851851851852
1 0.12864583333333332 0.5726851851851852 0.014583333333333334 0.026851851851851852
1 0.03567708333333333 0.5861111111111111 0.019270833333333334 0.03518518518518519
0 0.13229166666666667 0.6328703703703704 0.0625 0.16018518518518518
0 0.04583333333333333 0.6657407407407407 0.0875 0.18888888888888888
0 0.24557291666666667 0.6782407407407408 0.10260416666666666 0.22870370370370371
0 0.29609375 0.6731481481481482 0.059895833333333336 0.20555555555555557
0 0.8822916666666667 0.8092592592592593 0.23541666666666666 0.37962962962962965
0 0.7421875 0.7759259259259259 0.21041666666666667 0.4481481481481482
0 0.45286458333333335 0.7546296296296297 0.17760416666666667 0.34814814814814815
0 0.2739583333333333 0.7740740740740741 0.15208333333333332 0.3703703703703704
