1 0.76875 0.6166666666666667 0.042708333333333334 0.0925925925925926
2 0.25078125 0.6759259259259259 0.03697916666666667 0.07962962962962963
2 0.20807291666666666 0.6800925925925926 0.0390625 0.07314814814814816
2 0.07291666666666667 0.6990740740740741 0.03854166666666667 0.08518518518518518
2 0.03229166666666666 0.7444444444444445 0.034375 0.06666666666666667
1 0.019010416666666665 0.5819444444444445 0.019270833333333334 0.032407407407407406
2 0.25885416666666666 0.5888888888888889 0.01875 0.03888888888888889
2 0.11666666666666667 0.5916666666666667 0.017708333333333333 0.031481481481481485
1 0.13307291666666665 0.5648148148148149 0.0109375 0.024074074074074074
1 0.11562499999999999 0.5694444444444444 0.016666666666666666 0.02592592592592593
0 0.11588541666666667 0.6310185185185185 0.07239583333333333 0.15833333333333333
0 0.04088541666666667 0.6648148148148149 0.07760416666666667 0.18703703703703706
0 0.24661458333333333 0.6782407407407408 0.1046875 0.22870370370370371
0 0.8018229166666666 0.7851851851851852 0.2713541666666667 0.42962962962962964
0 0.2734375 0.8166666666666667 0.18645833333333334 0.3666666666666667
