2 0.46197916666666666 0.38472222222222224 0.0125 0.026851851851851852
2 0.5736979166666667 0.3893518518518519 0.01614583333333333 0.028703703703703703
2 0.978125 0.4416666666666667 0.02395833333333333 0.05185185185185186
1 0.340625 0.38842592592592595 0.019791666666666666 0.032407407407407406
1 0.16276041666666666 0.44537037037037036 0.033854166666666664 0.06851851851851852
2 0.20520833333333333 0.3824074074074074 0.014583333333333334 0.02962962962962963
0 0.04791666666666666 0.38796296296296295 0.025 0.09074074074074075
0 0.2700520833333333 0.4189814814814815 0.0328125 0.11574074074074074
0 0.4666666666666667 0.4439814814814815 0.06041666666666667 0.14537037037037037
0 0.5658854166666667 0.45601851851851855 0.0640625 0.16203703703703703
0 0.9515625 0.5560185185185186 0.096875 0.275
0 0.20598958333333334 0.44907407407407407 0.05260416666666667 0.17407407407407408
0 0.3372395833333333 0.46574074074074073 0.059895833333333336 0.1925925925925926
0 0.15807291666666667 0.5930555555555556 0.1046875 0.35833333333333334
