2 0.46197916666666666 0.38472222222222224 0.0125 0.026851851851851852
2 0.5736979166666667 0.3893518518518519 0.01614583333333333 0.028703703703703703
1 0.46822916666666664 0.4064814814814815 0.017708333333333333 0.040740740740740744
2 0.9794270833333333 0.4430555555555556 0.024479166666666666 0.04722222222222222
1 0.16614583333333333 0.3675925925925926 0.010416666666666666 0.020370370370370372
1 0.15729166666666666 0.3699074074074074 0.010416666666666666 0.021296296296296296
2 0.09296875 0.3648148148148148 0.0109375 0.020370370370370372
0 0.2703125 0.4189814814814815 0.03333333333333333 0.11574074074074074
0 0.4666666666666667 0.4439814814814815 0.06041666666666667 0.14537037037037037
0 0.5658854166666667 0.45601851851851855 0.0640625 0.16203703703703703
0 0.9515625 0.5560185185185186 0.096875 0.275
0 0.09375 0.4166666666666667 0.03958333333333333 0.12407407407407407
0 0.16432291666666665 0.41944444444444445 0.03802083333333333 0.12962962962962962
0 0.46432291666666664 0.4981481481481482 0.08177083333333333 0.22962962962962963
