2 0.46197916666666666 0.38472222222222224 0.0125 0.026851851851851852
2 0.5736979166666667 0.3893518518518519 0.01614583333333333 0.028703703703703703
2 0.07213541666666666 0.41203703703703703 0.0171875 0.044444444444444446
1 0.20130208333333333 0.3787037037037037 0.011979166666666666 0.02592592592592593
1 0.7924479166666667 0.425462962962963 0.027604166666666666 0.05092592592592593
2 0.98125 0.44074074074074077 0.02395833333333333 0.0462962962962963
0 0.2703125 0.4189814814814815 0.03333333333333333 0.11574074074074074
0 0.4669270833333333 0.4439814814814815 0.059895833333333336 0.14537037037037037
0 0.5658854166666667 0.45601851851851855 0.0640625 0.16203703703703703
0 0.9515625 0.5560185185185186 0.096875 0.275
0 0.039322916666666666 0.39351851851851855 0.03177083333333333 0.1
0 0.09114583333333333 0.39537037037037037 0.03125 0.0962962962962963
0 0.20078125 0.43472222222222223 0.0484375 0.14351851851851852
0 0.7911458333333333 0.537962962962963 0.11666666666666667 0.27037037037037037
0 0.078125 0.5069444444444444 0.059375 0.23796296296296296
