2 0.5736979166666667 0.3893518518518519 0.01614583333333333 0.028703703703703703
1 0.14375 0.4226851851851852 0.027083333333333334 0.05462962962962963
1 0.12630208333333334 0.41805555555555557 0.018229166666666668 0.04351851851851852
1 0.23385416666666667 0.38657407407407407 0.014583333333333334 0.030555555555555558
1 0.4106770833333333 0.39537037037037037 0.0234375 0.03888888888888889
0 0.5703125 0.4550925925925926 0.07083333333333333 0.1564814814814815
0 0.46770833333333334 0.44212962962962965 0.059375 0.1398148148148148
0 0.2734375 0.41574074074074074 0.03854166666666667 0.11666666666666667
0 0.17630208333333333 0.39305555555555555 0.0546875 0.09722222222222222
0 0.23515624999999998 0.4476851851851852 0.044270833333333336 0.15462962962962964
0 0.4088541666666667 0.48333333333333334 0.071875 0.22037037037037038
0 0.14817708333333332 0.5365740740740741 0.0828125 0.28611111111111115
