2 0.5731770833333333 0.3875 0.01614583333333333 0.028703703703703703
1 0.5989583333333334 0.38842592592592595 0.01875 0.036111111111111115
1 0.21953124999999998 0.37453703703703706 0.011979166666666666 0.02314814814814815
1 0.20911458333333333 0.3740740740740741 0.0109375 0.022222222222222223
1 0.26901041666666664 0.3648148148148148 0.009895833333333333 0.018518518518518517
1 0.11015625 0.37083333333333335 0.0140625 0.02314814814814815
2 0.46796875 0.3902777777777778 0.009895833333333333 0.02314814814814815
0 0.27317708333333335 0.4152777777777778 0.034895833333333334 0.12314814814814816
0 0.475 0.4430555555555556 0.041666666666666664 0.14537037037037037
0 0.5598958333333334 0.4532407407407408 0.05625 0.16203703703703703
0 0.60390625 0.4666666666666667 0.10885416666666667 0.19074074074074074
0 0.04739583333333333 0.4078703703703704 0.028125 0.10277777777777779
0 0.10625 0.4222222222222222 0.03958333333333333 0.1277777777777778
0 0.21067708333333332 0.4328703703703704 0.0421875 0.14907407407407408
