2 0.5734375 0.3902777777777778 0.014583333333333334 0.025
1 0.15677083333333333 0.43333333333333335 0.028125 0.061111111111111116
1 0.12708333333333333 0.4314814814814815 0.022916666666666665 0.05185185185185186
1 0.23203125 0.3800925925925926 0.013020833333333334 0.02314814814814815
1 0.22994791666666667 0.3740740740740741 0.013020833333333334 0.024074074074074074
2 0.2828125 0.3726851851851852 0.0125 0.026851851851851852
0 0.28489583333333335 0.425462962962963 0.05 0.14537037037037037
0 0.5658854166666667 0.4532407407407408 0.0640625 0.16203703703703703
0 0.15885416666666666 0.40231481481481485 0.03958333333333333 0.10648148148148148
0 0.4661458333333333 0.44537037037037036 0.06145833333333333 0.1388888888888889
0 0.23124999999999998 0.43472222222222223 0.042708333333333334 0.1527777777777778
0 0.15911458333333334 0.562962962962963 0.1046875 0.3277777777777778
