2 0.7411458333333333 0.6199074074074075 0.02395833333333333 0.04722222222222222
1 0.9486979166666667 0.6069444444444445 0.033854166666666664 0.0638888888888889
2 0.56328125 0.6287037037037038 0.025520833333333333 0.05555555555555556
2 0.44244791666666666 0.6189814814814815 0.0390625 0.075
1 0.46380208333333334 0.5953703703703704 0.0234375 0.044444444444444446
1 0.47161458333333334 0.7921296296296296 0.08489583333333334 0.1527777777777778
1 0.019270833333333334 0.5930555555555556 0.017708333333333333 0.036111111111111115
2 0.05703125 0.5888888888888889 0.018229166666666668 0.031481481481481485
0 0.0484375 0.6564814814814816 0.07291666666666667 0.1814814814814815
0 0.5471354166666667 0.7393518518518519 0.10677083333333333 0.27870370370370373
0 0.9171874999999999 0.7597222222222223 0.165625 0.3712962962962963
0 0.02786458333333333 0.6814814814814815 0.05364583333333333 0.20925925925925926
0 0.49609375 0.8597222222222223 0.22135416666666666 0.28055555555555556
0 0.42421875 0.7759259259259259 0.19739583333333333 0.38703703703703707
