2 0.5747395833333333 0.39166666666666666 0.0140625 0.031481481481481485
2 0.5049479166666666 0.4226851851851852 0.0203125 0.04166666666666667
2 0.48125 0.4222222222222222 0.020833333333333332 0.05
1 0.359375 0.3990740740740741 0.014583333333333334 0.03333333333333333
1 0.34401041666666665 0.39583333333333337 0.015104166666666667 0.030555555555555558
1 0.315625 0.3819444444444445 0.019791666666666666 0.036111111111111115
0 0.5622395833333333 0.4537037037037037 0.05572916666666666 0.15925925925925927
0 0.27317708333333335 0.41481481481481486 0.0359375 0.12407407407407407
0 0.4739583333333333 0.4439814814814815 0.04479166666666667 0.1398148148148148
0 0.30833333333333335 0.4476851851851852 0.04895833333333333 0.16574074074074074
0 0.3463541666666667 0.4842592592592593 0.06979166666666667 0.2111111111111111
0 0.47109375 0.5361111111111111 0.0984375 0.2851851851851852
