2 0.5747395833333333 0.39166666666666666 0.0140625 0.031481481481481485
2 0.37421875 0.4800925925925926 0.034895833333333334 0.0712962962962963
2 0.38619791666666664 0.4638888888888889 0.03802083333333333 0.08703703703703704
1 0.13359375 0.37777777777777777 0.015104166666666667 0.02962962962962963
1 0.14739583333333334 0.37083333333333335 0.017708333333333333 0.03425925925925926
0 0.5622395833333333 0.4537037037037037 0.05572916666666666 0.15925925925925927
0 0.27317708333333335 0.4152777777777778 0.0359375 0.125
0 0.4739583333333333 0.4444444444444445 0.04479166666666667 0.14074074074074075
0 0.1546875 0.4138888888888889 0.027083333333333334 0.12407407407407407
0 0.13489583333333333 0.4449074074074074 0.046875 0.1564814814814815
0 0.38567708333333334 0.6842592592592592 0.1859375 0.5333333333333333
