1 0.054427083333333334 0.6277777777777778 0.030729166666666665 0.06481481481481481
2 0.028125 0.6490740740740741 0.02395833333333333 0.044444444444444446
2 0.12890625 0.7467592592592592 0.049479166666666664 0.10092592592592593
2 0.18854166666666666 0.7592592592592593 0.05 0.11111111111111112
2 0.3528645833333333 0.7018518518518518 0.028645833333333332 0.061111111111111116
2 0.334375 0.6407407407407407 0.03333333333333333 0.07407407407407407
2 0.3052083333333333 0.6365740740740741 0.026041666666666668 0.05462962962962963
1 0.7455729166666667 0.600925925925926 0.0359375 0.053703703703703705
0 0.7450520833333333 0.7490740740740741 0.19427083333333334 0.35185185185185186
0 0.36432291666666666 0.8 0.1984375 0.4
0 0.2856770833333333 0.7412037037037037 0.06510416666666667 0.2638888888888889
0 0.20338541666666665 0.8476851851851852 0.2994791666666667 0.30462962962962964
0 0.057812499999999996 0.7601851851851852 0.10416666666666667 0.3388888888888889
0 0.05703125 0.6958333333333334 0.0984375 0.2138888888888889
