2 0.5736979166666667 0.3888888888888889 0.013020833333333334 0.02962962962962963
2 0.465625 0.38703703703703707 0.0125 0.03333333333333333
1 0.35963541666666665 0.5101851851851852 0.0421875 0.07407407407407407
2 0.3671875 0.5736111111111112 0.040625 0.075
1 0.1265625 0.3819444444444445 0.015625 0.03425925925925926
1 0.2015625 0.3726851851851852 0.014583333333333334 0.030555555555555558
1 0.00390625 0.4 0.0078125 0.03333333333333333
0 0.27421875 0.41481481481481486 0.0390625 0.12037037037037038
0 0.21901041666666665 0.4013888888888889 0.04114583333333333 0.10092592592592593
0 0.4700520833333333 0.44351851851851853 0.05260416666666667 0.14074074074074075
0 0.5643229166666667 0.45416666666666666 0.059895833333333336 0.15833333333333333
0 0.3723958333333333 0.7347222222222223 0.171875 0.5212962962962964
0 0.13072916666666667 0.45092592592592595 0.04895833333333333 0.17037037037037037
0 0.20390624999999998 0.42592592592592593 0.0359375 0.13148148148148148
