2 0.5736979166666667 0.3888888888888889 0.013020833333333334 0.02962962962962963
2 0.46458333333333335 0.3861111111111111 0.0125 0.03333333333333333
2 0.5778645833333333 0.41481481481481486 0.0140625 0.02962962962962963
1 0.09973958333333333 0.425 0.0203125 0.040740740740740744
0 0.2739583333333333 0.41481481481481486 0.03854166666666667 0.12037037037037038
0 0.21901041666666665 0.4013888888888889 0.04114583333333333 0.10092592592592593
0 0.46875 0.44351851851851853 0.05520833333333333 0.14074074074074075
0 0.5640625 0.45416666666666666 0.059375 0.15833333333333333
0 0.103125 0.5171296296296296 0.06979166666666667 0.23240740740740742
0 0.5807291666666666 0.5032407407407408 0.09166666666666666 0.21944444444444444
