1 0.24817708333333333 0.3824074074074074 0.022395833333333334 0.0462962962962963
2 0.596875 0.4462962962962963 0.022916666666666665 0.05925925925925926
2 0.7463541666666667 0.39861111111111114 0.016666666666666666 0.04351851851851852
2 0.73671875 0.4217592592592593 0.018229166666666668 0.03981481481481482
2 0.81875 0.41712962962962963 0.020833333333333332 0.04537037037037037
2 0.8127604166666667 0.4189814814814815 0.019270833333333334 0.03796296296296296
2 0.9083333333333333 0.3648148148148148 0.015625 0.03518518518518519
2 0.9643229166666667 0.3476851851851852 0.015104166666666667 0.028703703703703703
0 0.23906249999999998 0.4703703703703704 0.10104166666666667 0.23703703703703705
0 0.9098958333333333 0.4375 0.051041666666666666 0.18611111111111112
0 0.9614583333333333 0.41435185185185186 0.06041666666666667 0.16574074074074074
0 0.7510416666666666 0.4861111111111111 0.06458333333333333 0.23703703703703705
0 0.8190104166666666 0.5365740740740741 0.08802083333333333 0.28611111111111115
0 0.5950520833333334 0.5930555555555556 0.11510416666666666 0.3509259259259259
