2 0.32708333333333334 0.5050925925925926 0.035416666666666666 0.07685185185185185
2 0.35234375 0.512962962962963 0.034895833333333334 0.07592592592592592
2 0.6270833333333333 0.4481481481481482 0.026041666666666668 0.061111111111111116
2 0.61640625 0.4416666666666667 0.0265625 0.061111111111111116
2 0.8458333333333333 0.4189814814814815 0.019791666666666666 0.03981481481481482
1 0.9466145833333334 0.3736111111111111 0.015104166666666667 0.028703703703703703
2 0.9893229166666666 0.31666666666666665 0.005729166666666666 0.014814814814814815
0 0.9442708333333333 0.44722222222222224 0.051041666666666666 0.1814814814814815
0 0.8466145833333333 0.5287037037037037 0.0796875 0.26481481481481484
0 0.6216145833333333 0.5768518518518518 0.09322916666666667 0.3425925925925926
0 0.33671875 0.688425925925926 0.16927083333333334 0.4416666666666667
