1 0.6643229166666667 0.5712962962962963 0.05364583333333333 0.09814814814814815
1 0.7481770833333333 0.4537037037037037 0.030729166666666665 0.05555555555555556
2 0.6432291666666666 0.4703703703703704 0.030208333333333334 0.06666666666666667
2 0.6700520833333333 0.500462962962963 0.0296875 0.06018518518518519
1 0.4278645833333333 0.5305555555555556 0.04010416666666666 0.07592592592592592
2 0.18958333333333333 0.513888888888889 0.03854166666666667 0.08333333333333334
0 0.7598958333333333 0.5851851851851853 0.10625 0.32592592592592595
0 0.66171875 0.6564814814814816 0.16927083333333334 0.4425925925925926
0 0.6583333333333333 0.7583333333333334 0.2604166666666667 0.48333333333333334
0 0.19505208333333332 0.7185185185185186 0.2109375 0.5055555555555555
0 0.4309895833333333 0.7194444444444444 0.14739583333333334 0.4851851851851852
