1 0.5153645833333333 0.47222222222222227 0.0328125 0.06851851851851852
2 0.46588541666666666 0.6462962962962964 0.04739583333333333 0.10185185185185186
2 0.34921875 0.47453703703703703 0.033854166666666664 0.07314814814814816
2 0.6783854166666666 0.4708333333333333 0.0296875 0.062037037037037036
2 0.7026041666666667 0.4949074074074074 0.027083333333333334 0.05277777777777778
1 0.7528645833333333 0.45 0.0234375 0.05185185185185186
1 0.8861979166666667 0.5125000000000001 0.04114583333333333 0.075
0 0.76796875 0.5810185185185185 0.0984375 0.3231481481481482
0 0.6864583333333333 0.650462962962963 0.165625 0.4342592592592593
0 0.8744791666666667 0.7083333333333334 0.134375 0.4759259259259259
0 0.35130208333333335 0.6490740740740741 0.16302083333333334 0.42962962962962964
0 0.52265625 0.6166666666666667 0.09635416666666667 0.3611111111111111
0 0.49114583333333334 0.7944444444444445 0.19479166666666667 0.41111111111111115
0 0.75546875 0.37824074074074077 0.03802083333333333 0.13055555555555556
0 0.7997395833333333 0.3509259259259259 0.028645833333333332 0.0962962962962963
