2 0.19036458333333334 0.5953703703703704 0.0515625 0.08333333333333334
2 0.19713541666666667 0.5472222222222223 0.0484375 0.09074074074074075
2 0.47552083333333334 0.43703703703703706 0.028125 0.053703703703703705
2 0.5544270833333333 0.5314814814814816 0.03697916666666667 0.06666666666666667
1 0.6268229166666667 0.4439814814814815 0.028645833333333332 0.05462962962962963
1 0.78359375 0.4342592592592593 0.0265625 0.04814814814814815
1 0.890625 0.4712962962962963 0.03333333333333333 0.061111111111111116
2 0.684375 0.46481481481481485 0.028125 0.05740740740740741
2 0.7015625 0.4861111111111111 0.020833333333333332 0.044444444444444446
2 0.5765625 0.3574074074074074 0.014583333333333334 0.031481481481481485
0 0.78515625 0.5574074074074075 0.09427083333333333 0.3
0 0.6908854166666667 0.6370370370370371 0.1578125 0.4185185185185185
0 0.8934895833333333 0.6398148148148148 0.11302083333333333 0.412962962962963
0 0.48020833333333335 0.575462962962963 0.0875 0.3416666666666667
0 0.6171875 0.5745370370370371 0.07604166666666666 0.3194444444444445
0 0.5546875 0.7430555555555556 0.11562499999999999 0.5027777777777778
0 0.1984375 0.750925925925926 0.20833333333333334 0.4962962962962963
0 0.5705729166666667 0.4324074074074074 0.059895833333333336 0.1925925925925926
0 0.7299479166666667 0.3689814814814815 0.03697916666666667 0.11574074074074074
