2 0.86484375 0.46064814814814814 0.03177083333333333 0.0638888888888889
2 0.7455729166666667 0.41064814814814815 0.021354166666666667 0.04722222222222222
2 0.7583333333333333 0.42453703703703705 0.020833333333333332 0.049074074074074076
2 0.3497395833333333 0.4791666666666667 0.03697916666666667 0.06944444444444445
2 0.30546875 0.36388888888888893 0.015104166666666667 0.02777777777777778
2 0.35390625 0.3527777777777778 0.011979166666666666 0.022222222222222223
1 0.38125 0.3856481481481482 0.019791666666666666 0.03981481481481482
1 0.3963541666666667 0.3726851851851852 0.019791666666666666 0.03981481481481482
0 0.8536458333333333 0.6041666666666667 0.13854166666666667 0.3527777777777778
0 0.7458333333333333 0.5157407407407407 0.0875 0.26666666666666666
0 0.35833333333333334 0.6486111111111111 0.14479166666666665 0.41574074074074074
0 0.36875 0.4652777777777778 0.08958333333333333 0.22685185185185186
0 0.6588541666666666 0.3976851851851852 0.04375 0.14907407407407408
0 0.30390625 0.4425925925925926 0.05677083333333333 0.1925925925925926
0 0.3893229166666667 0.4078703703703704 0.0546875 0.1564814814814815
0 0.34869791666666666 0.4199074074074074 0.05572916666666666 0.16018518518518518
