2 0.12942708333333333 0.40046296296296297 0.019270833333333334 0.04351851851851852
2 0.80234375 0.3842592592592593 0.015104166666666667 0.03333333333333333
2 0.8729166666666667 0.34861111111111115 0.011458333333333333 0.02314814814814815
2 0.33541666666666664 0.3601851851851852 0.013541666666666667 0.02962962962962963
2 0.3763020833333333 0.35185185185185186 0.013020833333333334 0.02592592592592593
0 0.8736979166666666 0.4050925925925926 0.04739583333333333 0.14537037037037037
0 0.7984375 0.46805555555555556 0.06354166666666666 0.2101851851851852
0 0.13541666666666666 0.5050925925925926 0.11041666666666666 0.26203703703703707
0 0.3755208333333333 0.41481481481481486 0.051041666666666666 0.15925925925925927
0 0.32916666666666666 0.4291666666666667 0.051041666666666666 0.18425925925925926
0 0.7984375 0.36203703703703705 0.03854166666666667 0.10925925925925926
