2 0.22604166666666667 0.3800925925925926 0.01875 0.03796296296296296
2 0.3481770833333333 0.35324074074074074 0.01614583333333333 0.030555555555555558
1 0.5020833333333333 0.5476851851851852 0.05520833333333333 0.09351851851851853
1 0.58046875 0.4425925925925926 0.025520833333333333 0.05185185185185186
2 0.9760416666666667 0.6712962962962963 0.03958333333333333 0.08703703703703704
2 0.9541666666666666 0.3421296296296296 0.011458333333333333 0.021296296296296296
1 0.94921875 0.32453703703703707 0.011979166666666666 0.017592592592592594
2 0.67734375 0.3388888888888889 0.009895833333333333 0.020370370370370372
0 0.94375 0.3717592592592593 0.035416666666666666 0.11018518518518519
0 0.9513020833333333 0.3925925925925926 0.0421875 0.13333333333333333
0 0.34453125 0.425462962962963 0.04739583333333333 0.18425925925925926
0 0.2171875 0.47824074074074074 0.090625 0.23981481481481481
0 0.678125 0.38842592592592595 0.046875 0.13796296296296298
0 0.5838541666666667 0.5768518518518518 0.10208333333333333 0.3277777777777778
0 0.4934895833333333 0.7490740740740741 0.16614583333333333 0.5018518518518519
