2 0.07604166666666666 0.5856481481481481 0.04895833333333333 0.08796296296296297
2 0.67109375 0.4412037037037037 0.025520833333333333 0.05092592592592593
2 0.66328125 0.39675925925925926 0.0171875 0.03425925925925926
1 0.9427083333333334 0.40694444444444444 0.020833333333333332 0.03796296296296296
2 0.8377604166666667 0.31342592592592594 0.005729166666666666 0.01388888888888889
2 0.7768229166666667 0.31342592592592594 0.0078125 0.015740740740740743
2 0.9106770833333333 0.3148148148148148 0.005729166666666666 0.014814814814814815
0 0.9466145833333334 0.5078703703703704 0.06614583333333333 0.24351851851851852
0 0.6638020833333333 0.4310185185185185 0.058854166666666666 0.11203703703703705
0 0.6760416666666667 0.5930555555555556 0.09166666666666666 0.36388888888888893
0 0.12239583333333333 0.7694444444444445 0.240625 0.46111111111111114
