1 0.5286458333333334 0.33611111111111114 0.010416666666666666 0.022222222222222223
1 0.5388020833333333 0.33425925925925926 0.009895833333333333 0.024074074074074074
2 0.5658854166666667 0.3819444444444445 0.013020833333333334 0.032407407407407406
2 0.5796875 0.3731481481481482 0.0125 0.02962962962962963
2 0.9075520833333334 0.3976851851851852 0.0203125 0.03981481481481482
1 0.8552083333333333 0.3060185185185185 0.007291666666666667 0.017592592592592594
1 0.8330729166666666 0.31574074074074077 0.0078125 0.018518518518518517
0 0.90625 0.487962962962963 0.05416666666666667 0.22592592592592595
0 0.56640625 0.45740740740740743 0.07239583333333333 0.20740740740740743
0 0.8322916666666667 0.35462962962962963 0.025 0.09074074074074075
0 0.5276041666666667 0.39351851851851855 0.04375 0.15185185185185185
