2 0.3872395833333333 0.3712962962962963 0.01614583333333333 0.037037037037037035
2 0.39765625 0.3648148148148148 0.01614583333333333 0.03518518518518519
1 0.8429687499999999 0.312962962962963 0.008854166666666666 0.018518518518518517
2 0.8328125 0.375 0.014583333333333334 0.02777777777777778
2 0.8786458333333333 0.3523148148148148 0.011458333333333333 0.02314814814814815
2 0.88359375 0.3513888888888889 0.009895833333333333 0.025
2 0.9169270833333333 0.38796296296296295 0.0171875 0.037037037037037035
2 0.9265625 0.38472222222222224 0.014583333333333334 0.03425925925925926
2 0.9588541666666667 0.34675925925925927 0.010416666666666666 0.02314814814814815
0 0.3768229166666667 0.45740740740740743 0.0890625 0.2240740740740741
0 0.8401041666666667 0.350462962962963 0.026041666666666668 0.09722222222222222
0 0.8778645833333333 0.40231481481481485 0.0453125 0.13611111111111113
0 0.95703125 0.4013888888888889 0.04010416666666666 0.1398148148148148
0 0.915625 0.46944444444444444 0.08020833333333333 0.2111111111111111
0 0.834375 0.4601851851851852 0.06145833333333333 0.20370370370370372
