2 0.7104166666666667 0.47453703703703703 0.028125 0.062037037037037036
1 0.8984375 0.3888888888888889 0.01875 0.037037037037037035
1 0.91015625 0.3888888888888889 0.015104166666666667 0.03518518518518519
2 0.9565104166666667 0.34675925925925927 0.009895833333333333 0.02314814814814815
2 0.9645833333333333 0.34861111111111115 0.008333333333333333 0.019444444444444445
2 0.98984375 0.32685185185185184 0.0078125 0.016666666666666666
1 0.678125 0.33935185185185185 0.013541666666666667 0.026851851851851852
2 0.7927083333333333 0.31851851851851853 0.008333333333333333 0.018518518518518517
0 0.9861979166666667 0.36574074074074076 0.027604166666666666 0.1
0 0.9611979166666667 0.40972222222222227 0.0390625 0.1527777777777778
0 0.7125 0.6351851851851852 0.109375 0.3907407407407408
0 0.9015624999999999 0.48240740740740745 0.078125 0.23148148148148148
0 0.6760416666666667 0.38703703703703707 0.03854166666666667 0.14074074074074075
0 0.7901041666666666 0.35879629629629634 0.028125 0.10092592592592593
