2 0.5203125 0.5949074074074074 0.042708333333333334 0.09351851851851853
1 0.9270833333333334 0.4185185185185185 0.025 0.0462962962962963
1 0.9130208333333333 0.3740740740740741 0.016666666666666666 0.02777777777777778
2 0.91796875 0.36574074074074076 0.01614583333333333 0.02777777777777778
2 0.8932291666666666 0.31527777777777777 0.007291666666666667 0.015740740740740743
1 0.8341145833333333 0.312962962962963 0.008854166666666666 0.020370370370370372
0 0.9140625 0.5314814814814816 0.096875 0.27222222222222225
0 0.9075520833333334 0.44907407407407407 0.05677083333333333 0.1814814814814815
0 0.9888020833333333 0.35324074074074074 0.022395833333333334 0.09722222222222222
0 0.9463541666666666 0.36712962962962964 0.030208333333333334 0.10648148148148148
0 0.52421875 0.7736111111111111 0.19739583333333333 0.4527777777777778
0 0.5473958333333333 0.40972222222222227 0.05520833333333333 0.1564814814814815
