2 0.55546875 0.35555555555555557 0.0109375 0.022222222222222223
2 0.5658854166666667 0.35555555555555557 0.008854166666666666 0.022222222222222223
2 0.5736979166666667 0.35462962962962963 0.008854166666666666 0.022222222222222223
2 0.7059895833333333 0.34351851851851856 0.008854166666666666 0.018518518518518517
2 0.7135416666666666 0.3375 0.007291666666666667 0.015740740740740743
1 0.8890625 0.4356481481481482 0.021875 0.03981481481481482
1 0.8901041666666667 0.41620370370370374 0.020833333333333332 0.026851851851851852
2 0.9874999999999999 0.36435185185185187 0.013541666666666667 0.028703703703703703
0 0.98046875 0.4375 0.0390625 0.18425925925925926
0 0.8848958333333333 0.5361111111111111 0.090625 0.27222222222222225
0 0.55234375 0.41620370370370374 0.0640625 0.16944444444444445
0 0.7028645833333333 0.3837962962962963 0.044270833333333336 0.13055555555555556
0 0.7997395833333333 0.35833333333333334 0.028645833333333332 0.10185185185185186
