2 0.6111979166666667 0.45 0.0296875 0.05740740740740741
2 0.6276041666666666 0.4486111111111111 0.016666666666666666 0.05462962962962963
2 0.8549479166666667 0.350462962962963 0.0109375 0.025
2 0.8947916666666667 0.3365740740740741 0.008333333333333333 0.017592592592592594
1 0.7588541666666666 0.32407407407407407 0.009375 0.022222222222222223
1 0.20130208333333333 0.3787037037037037 0.025520833333333333 0.040740740740740744
2 0.036458333333333336 0.41574074074074074 0.026041666666666668 0.061111111111111116
2 0.012760416666666666 0.41944444444444445 0.025520833333333333 0.061111111111111116
2 0.9932291666666666 0.40972222222222227 0.014583333333333334 0.03981481481481482
0 0.8937499999999999 0.39212962962962966 0.036458333333333336 0.13611111111111113
0 0.8565104166666666 0.41944444444444445 0.0421875 0.16666666666666669
0 0.18567708333333333 0.4625 0.0859375 0.2212962962962963
0 0.6111979166666667 0.5888888888888889 0.13177083333333334 0.34444444444444444
0 0.04114583333333333 0.5541666666666667 0.08020833333333333 0.33240740740740743
0 0.7544270833333333 0.36388888888888893 0.03177083333333333 0.11296296296296297
