2 0.5549479166666667 0.4564814814814815 0.0328125 0.07037037037037037
2 0.5700520833333333 0.4615740740740741 0.0234375 0.06018518518518519
2 0.6770833333333334 0.41481481481481486 0.022916666666666665 0.04259259259259259
1 0.80546875 0.36712962962962964 0.0171875 0.026851851851851852
2 0.83046875 0.3490740740740741 0.0109375 0.02592592592592593
2 0.80078125 0.32037037037037036 0.0067708333333333336 0.018518518518518517
2 0.8197916666666667 0.312962962962963 0.00625 0.014814814814814815
2 0.3559895833333333 0.36064814814814816 0.013020833333333334 0.028703703703703703
0 0.8354166666666667 0.41064814814814815 0.04479166666666667 0.1527777777777778
0 0.8078124999999999 0.45231481481481484 0.05416666666666667 0.20462962962962963
0 0.671875 0.5268518518518519 0.07916666666666666 0.27592592592592596
0 0.5684895833333333 0.6134259259259259 0.10572916666666667 0.39166666666666666
0 0.35052083333333334 0.4375 0.08541666666666667 0.20462962962962963
0 0.7973958333333333 0.3592592592592593 0.03125 0.10370370370370371
