2 0.33098958333333334 0.37453703703703706 0.0140625 0.036111111111111115
1 0.72421875 0.3731481481481482 0.018229166666666668 0.03888888888888889
2 0.6502604166666667 0.33425925925925926 0.008854166666666666 0.020370370370370372
2 0.89453125 0.33564814814814814 0.0109375 0.021296296296296296
2 0.89921875 0.34074074074074073 0.009895833333333333 0.020370370370370372
2 0.93203125 0.3277777777777778 0.008854166666666666 0.018518518518518517
2 0.8877604166666666 0.42129629629629634 0.019270833333333334 0.040740740740740744
2 0.9684895833333333 0.3740740740740741 0.0140625 0.02777777777777778
0 0.9317708333333333 0.3736111111111111 0.03229166666666666 0.11203703703703705
0 0.8984375 0.3907407407407408 0.034375 0.13148148148148148
0 0.9669270833333333 0.4430555555555556 0.0453125 0.1712962962962963
0 0.8854166666666666 0.5458333333333334 0.07708333333333334 0.2990740740740741
0 0.7234375 0.46296296296296297 0.06458333333333333 0.22037037037037038
0 0.3229166666666667 0.42638888888888893 0.08020833333333333 0.15092592592592594
0 0.6494791666666666 0.3861111111111111 0.04375 0.13703703703703704
