2 0.43203125 0.44583333333333336 0.028645833333333332 0.06018518518518519
2 0.45546875 0.4476851851851852 0.025520833333333333 0.05277777777777778
2 0.3765625 0.5226851851851853 0.0375 0.07685185185185185
2 0.71875 0.65 0.06458333333333333 0.14814814814814814
2 0.9635416666666666 0.3731481481481482 0.015625 0.031481481481481485
2 0.9671875 0.3199074074074074 0.010416666666666666 0.019444444444444445
2 0.4888020833333333 0.35370370370370374 0.015104166666666667 0.02962962962962963
0 0.9927083333333333 0.3856481481481482 0.014583333333333334 0.11574074074074074
0 0.9583333333333334 0.45462962962962966 0.053125 0.19814814814814816
0 0.48541666666666666 0.42453703703703705 0.065625 0.1824074074074074
0 0.71953125 0.7865740740740741 0.20052083333333334 0.42685185185185187
0 0.39296875 0.7356481481481482 0.1515625 0.5046296296296297
0 0.45260416666666664 0.5736111111111112 0.11666666666666667 0.3287037037037037
