2 0.20703125 0.36944444444444446 0.01614583333333333 0.03333333333333333
1 0.41640625 0.3592592592592593 0.0171875 0.03518518518518519
2 0.42942708333333335 0.3592592592592593 0.0109375 0.02592592592592593
2 0.5463541666666667 0.3685185185185185 0.013541666666666667 0.031481481481481485
2 0.6359375 0.3476851851851852 0.009375 0.02314814814814815
2 0.7135416666666666 0.3787037037037037 0.014583333333333334 0.03333333333333333
2 0.5747395833333333 0.32407407407407407 0.008854166666666666 0.020370370370370372
0 0.7096354166666666 0.46435185185185185 0.06614583333333333 0.21203703703703705
0 0.41328125 0.4398148148148148 0.07864583333333333 0.20370370370370372
0 0.20338541666666665 0.45092592592592595 0.10677083333333333 0.20740740740740743
0 0.63203125 0.4 0.0453125 0.14444444444444446
0 0.5395833333333333 0.4365740740740741 0.06145833333333333 0.2101851851851852
0 0.56875 0.3740740740740741 0.04895833333333333 0.13333333333333333
