2 0.19973958333333333 0.3666666666666667 0.01614583333333333 0.03333333333333333
2 0.44375 0.3611111111111111 0.013541666666666667 0.031481481481481485
2 0.4497395833333333 0.3560185185185185 0.0109375 0.032407407407407406
1 0.5234375 0.35555555555555557 0.014583333333333334 0.03333333333333333
1 0.8591145833333333 0.40694444444444444 0.018229166666666668 0.03981481481481482
2 0.9747395833333333 0.3509259259259259 0.0109375 0.024074074074074074
2 0.9807291666666667 0.350462962962963 0.009375 0.021296296296296296
0 0.20755208333333333 0.45 0.10677083333333333 0.2111111111111111
0 0.44166666666666665 0.39166666666666666 0.05520833333333333 0.15185185185185185
0 0.9734375 0.4050925925925926 0.04895833333333333 0.14166666666666666
0 0.8598958333333333 0.5097222222222222 0.07083333333333333 0.25092592592592594
0 0.5166666666666666 0.4324074074074074 0.06041666666666667 0.1925925925925926
0 0.4328125 0.43333333333333335 0.06979166666666667 0.1925925925925926
