2 0.03203125 0.4115740740740741 0.022395833333333334 0.05092592592592593
2 0.049479166666666664 0.4087962962962963 0.017708333333333333 0.04537037037037037
2 0.85390625 0.38703703703703707 0.015104166666666667 0.02962962962962963
2 0.8140625 0.3287037037037037 0.010416666666666666 0.022222222222222223
1 0.7427083333333333 0.325 0.013541666666666667 0.02592592592592593
1 0.8494791666666667 0.3703703703703704 0.014583333333333334 0.02592592592592593
1 0.9486979166666667 0.3814814814814815 0.01614583333333333 0.031481481481481485
0 0.9458333333333333 0.4527777777777778 0.04895833333333333 0.1814814814814815
0 0.04348958333333333 0.5231481481481481 0.08489583333333334 0.2962962962962963
0 0.8450520833333334 0.45787037037037037 0.0671875 0.20833333333333334
0 0.8125 0.3717592592592593 0.035416666666666666 0.11574074074074074
0 0.7393229166666666 0.36944444444444446 0.03697916666666667 0.12222222222222223
