2 0.19635416666666666 0.41712962962962963 0.022916666666666665 0.05092592592592593
2 0.21328125 0.4138888888888889 0.019270833333333334 0.04814814814814815
2 0.36640625 0.537962962962963 0.04114583333333333 0.07592592592592592
2 0.5580729166666667 0.45740740740740743 0.0359375 0.061111111111111116
2 0.48802083333333335 0.3648148148148148 0.014583333333333334 0.03333333333333333
1 0.8223958333333333 0.39351851851851855 0.016666666666666666 0.03888888888888889
2 0.8513020833333333 0.35324074074074074 0.011979166666666666 0.028703703703703703
2 0.7010416666666667 0.33935185185185185 0.008333333333333333 0.021296296296296296
0 0.8533854166666667 0.4203703703703704 0.0421875 0.16666666666666669
0 0.18619791666666666 0.538425925925926 0.1453125 0.30648148148148147
0 0.8192708333333333 0.4847222222222222 0.057291666666666664 0.22314814814814815
0 0.4828125 0.4425925925925926 0.059375 0.19444444444444445
0 0.5703125 0.6078703703703704 0.11666666666666667 0.36574074074074076
0 0.3893229166666667 0.7416666666666667 0.21302083333333333 0.49074074074074076
0 0.6971354166666667 0.3824074074074074 0.0390625 0.11666666666666667
