1 0.03697916666666667 0.41620370370370374 0.03125 0.0638888888888889
1 0.06614583333333333 0.42453703703703705 0.026041666666666668 0.05277777777777778
2 0.69609375 0.3314814814814815 0.008854166666666666 0.022222222222222223
2 0.6328125 0.4152777777777778 0.02395833333333333 0.05092592592592593
2 0.6502604166666667 0.4175925925925926 0.019270833333333334 0.040740740740740744
2 0.64609375 0.5412037037037037 0.030729166666666665 0.0712962962962963
2 0.6239583333333333 0.5375 0.030208333333333334 0.0712962962962963
2 0.603125 0.5513888888888889 0.034375 0.075
2 0.7705729166666666 0.43703703703703706 0.024479166666666666 0.04814814814814815
2 0.8080729166666667 0.3768518518518519 0.0171875 0.03333333333333333
2 0.8848958333333333 0.3685185185185185 0.015625 0.02962962962962963
2 0.8924479166666667 0.375462962962963 0.009895833333333333 0.021296296296296296
2 0.9447916666666667 0.33564814814814814 0.010416666666666666 0.019444444444444445
2 0.9513020833333333 0.3337962962962963 0.0078125 0.015740740740740743
1 0.9002604166666667 0.29814814814814816 0.0078125 0.012962962962962964
0 0.9455729166666667 0.38101851851851853 0.0453125 0.11574074074074074
0 0.8901041666666667 0.45555555555555555 0.06770833333333333 0.20925925925925926
0 0.8119791666666667 0.45092592592592595 0.05416666666666667 0.19074074074074074
0 0.76796875 0.5527777777777778 0.0859375 0.2888888888888889
0 0.6421875 0.5074074074074074 0.08125 0.24444444444444446
0 0.6315104166666666 0.7287037037037037 0.1546875 0.46481481481481485
0 0.04479166666666667 0.5333333333333333 0.08645833333333333 0.3092592592592593
0 0.6963541666666666 0.3800925925925926 0.046875 0.13055555555555556
