1 0.03697916666666667 0.41620370370370374 0.03125 0.0638888888888889
1 0.06614583333333333 0.42453703703703705 0.026041666666666668 0.05277777777777778
2 0.23072916666666665 0.5203703703703704 0.03229166666666666 0.07777777777777778
2 0.2625 0.5092592592592593 0.028125 0.07037037037037037
2 0.8036458333333333 0.4041666666666667 0.017708333333333333 0.03796296296296296
2 0.81796875 0.39814814814814814 0.0171875 0.03333333333333333
2 0.8572916666666667 0.35833333333333334 0.013541666666666667 0.02777777777777778
2 0.8682291666666666 0.3574074074074074 0.0125 0.02592592592592593
2 0.9093749999999999 0.36944444444444446 0.015625 0.02592592592592593
2 0.9713541666666666 0.337037037037037 0.010416666666666666 0.020370370370370372
1 0.9026041666666667 0.2972222222222222 0.00625 0.012962962962962964
2 0.9184895833333333 0.2939814814814815 0.0046875 0.010185185185185186
2 0.59609375 0.3416666666666667 0.0109375 0.02592592592592593
0 0.9713541666666666 0.3902777777777778 0.042708333333333334 0.13611111111111113
0 0.90625 0.43842592592592594 0.05416666666666667 0.1675925925925926
0 0.8591145833333333 0.42083333333333334 0.049479166666666664 0.15833333333333333
0 0.8125 0.4916666666666667 0.06770833333333333 0.2240740740740741
0 0.04453125 0.5342592592592593 0.0859375 0.3074074074074074
0 0.5971354166666667 0.40092592592592596 0.05572916666666666 0.1537037037037037
0 0.26927083333333335 0.7273148148148149 0.18854166666666666 0.5157407407407407
