2 0.6315104166666666 0.47731481481481486 0.024479166666666666 0.05092592592592593
2 0.6541666666666667 0.4740740740740741 0.027083333333333334 0.05740740740740741
2 0.6966145833333334 0.41574074074074074 0.0203125 0.04259259259259259
2 0.7122395833333334 0.41712962962962963 0.018229166666666668 0.04351851851851852
1 0.6505208333333333 0.3287037037037037 0.010416666666666666 0.024074074074074074
1 0.6575520833333334 0.3263888888888889 0.009895833333333333 0.02314814814814815
1 0.8953125 0.37777777777777777 0.019791666666666666 0.03518518518518519
2 0.95078125 0.3439814814814815 0.011979166666666666 0.02314814814814815
2 0.95546875 0.3513888888888889 0.011979166666666666 0.02314814814814815
2 0.9958333333333333 0.3231481481481482 0.009375 0.016666666666666666
0 0.94921875 0.4050925925925926 0.0453125 0.15462962962962964
0 0.8963541666666667 0.4601851851851852 0.057291666666666664 0.1962962962962963
0 0.7109375 0.5175925925925926 0.08020833333333333 0.25925925925925924
0 0.64921875 0.37824074074074077 0.044270833333333336 0.13611111111111113
0 0.6393229166666666 0.625 0.12447916666666667 0.3648148148148148
