2 0.35052083333333334 0.5472222222222223 0.03958333333333333 0.08333333333333334
1 0.4119791666666667 0.3560185185185185 0.015625 0.03425925925925926
1 0.4278645833333333 0.35555555555555557 0.01614583333333333 0.03518518518518519
2 0.85703125 0.39166666666666666 0.013020833333333334 0.02777777777777778
2 0.8643229166666666 0.39583333333333337 0.01614583333333333 0.032407407407407406
2 0.8690104166666667 0.3814814814814815 0.013020833333333334 0.02592592592592593
2 0.87734375 0.362962962962963 0.013020833333333334 0.02777777777777778
2 0.86796875 0.3615740740740741 0.013020833333333334 0.026851851851851852
1 0.9973958333333334 0.34675925925925927 0.00625 0.025
0 0.37057291666666664 0.7527777777777778 0.1921875 0.49444444444444446
0 0.4075520833333333 0.4342592592592593 0.07447916666666667 0.20555555555555557
0 0.8596354166666667 0.475462962962963 0.0703125 0.2138888888888889
