2 0.34296875 0.5685185185185185 0.0421875 0.08888888888888889
2 0.5739583333333333 0.43842592592592594 0.029166666666666667 0.0638888888888889
2 0.7463541666666667 0.5175925925925926 0.034375 0.07777777777777778
2 0.7127604166666667 0.3805555555555556 0.0140625 0.031481481481481485
1 0.60234375 0.33842592592592596 0.011979166666666666 0.026851851851851852
1 0.9447916666666667 0.300462962962963 0.00625 0.012037037037037037
1 0.9950520833333333 0.3462962962962963 0.011979166666666666 0.02592592592592593
0 0.7098958333333333 0.46481481481481485 0.057291666666666664 0.20740740740740743
0 0.5981770833333333 0.3939814814814815 0.04635416666666667 0.14166666666666666
0 0.7481770833333333 0.6921296296296297 0.11927083333333333 0.42685185185185187
0 0.5752604166666666 0.5828703703703704 0.10052083333333334 0.3564814814814815
0 0.359375 0.7601851851851852 0.190625 0.47962962962962963
