1 0.6299479166666666 0.4291666666666667 0.024479166666666666 0.04722222222222222
1 0.6497395833333334 0.4361111111111111 0.0203125 0.04814814814814815
1 0.7924479166666667 0.4291666666666667 0.0328125 0.04537037037037037
1 0.8067708333333333 0.4273148148148148 0.020833333333333332 0.04351851851851852
1 0.8145833333333333 0.3180555555555556 0.008333333333333333 0.017592592592592594
2 0.9276041666666667 0.3462962962962963 0.010416666666666666 0.022222222222222223
2 0.9372395833333333 0.33611111111111114 0.0109375 0.022222222222222223
1 0.98125 0.3194444444444445 0.008333333333333333 0.018518518518518517
0 0.978125 0.3592592592592593 0.02395833333333333 0.09444444444444444
0 0.9276041666666667 0.4083333333333333 0.04479166666666667 0.1537037037037037
0 0.8013020833333333 0.549074074074074 0.1015625 0.29444444444444445
0 0.6346354166666667 0.5550925925925926 0.11822916666666666 0.3027777777777778
0 0.8135416666666666 0.3560185185185185 0.034375 0.10092592592592593
