2 0.54453125 0.5652777777777778 0.04010416666666666 0.09166666666666667
2 0.5856770833333333 0.5601851851851852 0.0359375 0.08518518518518518
2 0.6526041666666667 0.33611111111111114 0.010416666666666666 0.022222222222222223
2 0.6622395833333333 0.3351851851851852 0.009895833333333333 0.020370370370370372
2 0.71484375 0.31666666666666665 0.0078125 0.018518518518518517
2 0.8716145833333333 0.4083333333333333 0.018229166666666668 0.037037037037037035
2 0.8786458333333333 0.39861111111111114 0.016666666666666666 0.036111111111111115
0 0.8661458333333333 0.48564814814814816 0.08854166666666667 0.22314814814814815
0 0.5736979166666667 0.7550925925925926 0.1578125 0.4898148148148148
0 0.65078125 0.3875 0.043229166666666666 0.14351851851851852
