2 0.3234375 0.4777777777777778 0.034375 0.07407407407407407
2 0.65390625 0.4375 0.0265625 0.05277777777777778
2 0.671875 0.4486111111111111 0.01875 0.04166666666666667
2 0.8354166666666667 0.350462962962963 0.0125 0.026851851851851852
1 0.8296875 0.3226851851851852 0.010416666666666666 0.02314814814814815
2 0.9325520833333333 0.36712962962962964 0.015104166666666667 0.026851851851851852
1 0.9700520833333334 0.31851851851851853 0.009895833333333333 0.016666666666666666
1 0.9700520833333334 0.29212962962962963 0.0067708333333333336 0.01388888888888889
0 0.9677083333333333 0.3675925925925926 0.03854166666666667 0.11851851851851852
0 0.9265625 0.4305555555555556 0.05416666666666667 0.15925925925925927
0 0.8354166666666667 0.4199074074074074 0.04895833333333333 0.17500000000000002
0 0.6630208333333333 0.5810185185185185 0.109375 0.33796296296296297
0 0.33489583333333334 0.6726851851851852 0.16041666666666665 0.47314814814814815
0 0.8260416666666667 0.3703703703703704 0.0375 0.12407407407407407
