2 0.3651041666666667 0.49074074074074076 0.03333333333333333 0.06481481481481481
1 0.61875 0.35185185185185186 0.014583333333333334 0.037037037037037035
2 0.7205729166666667 0.4356481481481482 0.021354166666666667 0.04166666666666667
2 0.7145833333333333 0.45 0.025 0.0462962962962963
2 0.7924479166666667 0.3648148148148148 0.0140625 0.02962962962962963
2 0.8583333333333333 0.3601851851851852 0.014583333333333334 0.02592592592592593
2 0.8677083333333333 0.3666666666666667 0.009375 0.022222222222222223
2 0.94375 0.3236111111111111 0.009375 0.017592592592592594
2 0.9890625 0.33842592592592596 0.010416666666666666 0.021296296296296296
1 0.9367187499999999 0.29583333333333334 0.008854166666666666 0.015740740740740743
2 0.9265625 0.30324074074074076 0.007291666666666667 0.015740740740740743
0 0.9815104166666666 0.3800925925925926 0.03697916666666667 0.11203703703703705
0 0.9421875 0.3703703703703704 0.035416666666666666 0.11851851851851852
0 0.8591145833333333 0.4314814814814815 0.05677083333333333 0.17962962962962964
0 0.7934895833333333 0.44537037037037036 0.05260416666666667 0.20370370370370372
0 0.71640625 0.563425925925926 0.0890625 0.30462962962962964
0 0.3729166666666667 0.6865740740740741 0.15104166666666666 0.4564814814814815
0 0.6140625 0.42685185185185187 0.059375 0.1925925925925926
