1 0.709375 0.41481481481481486 0.021875 0.0462962962962963
2 0.6005208333333333 0.362962962962963 0.016666666666666666 0.03518518518518519
2 0.79375 0.3763888888888889 0.017708333333333333 0.030555555555555558
1 0.7932291666666667 0.33055555555555555 0.0125 0.022222222222222223
1 0.7677083333333333 0.32546296296296295 0.008333333333333333 0.017592592592592594
2 0.765625 0.3421296296296296 0.007291666666666667 0.01388888888888889
1 0.8981770833333333 0.3939814814814815 0.018229166666666668 0.036111111111111115
1 0.95859375 0.34490740740740744 0.0109375 0.021296296296296296
0 0.959375 0.3925925925925926 0.041666666666666664 0.13148148148148148
0 0.8942708333333333 0.4865740740740741 0.06145833333333333 0.22685185185185186
0 0.79296875 0.4620370370370371 0.05677083333333333 0.20555555555555557
0 0.70859375 0.5342592592592593 0.0734375 0.2888888888888889
0 0.6005208333333333 0.4425925925925926 0.0625 0.19074074074074074
0 0.7924479166666667 0.3791666666666667 0.0421875 0.125
0 0.7651041666666667 0.3675925925925926 0.036458333333333336 0.10370370370370371
