2 0.6276041666666666 0.3875 0.027083333333333334 0.04722222222222222
2 0.6606770833333333 0.43703703703703706 0.024479166666666666 0.05185185185185186
2 0.7026041666666667 0.3300925925925926 0.008333333333333333 0.021296296296296296
2 0.7104166666666667 0.32685185185185184 0.008333333333333333 0.018518518518518517
2 0.8458333333333333 0.3837962962962963 0.013541666666666667 0.028703703703703703
1 0.8486979166666666 0.3703703703703704 0.0171875 0.02962962962962963
2 0.9828125 0.3560185185185185 0.014583333333333334 0.028703703703703703
2 0.9739583333333334 0.33842592592592596 0.0125 0.02314814814814815
2 0.9903645833333333 0.3143518518518519 0.0078125 0.015740740740740743
0 0.978125 0.4240740740740741 0.042708333333333334 0.16666666666666669
0 0.8408854166666666 0.4462962962962963 0.0671875 0.1851851851851852
0 0.6291666666666667 0.5032407407407408 0.07708333333333334 0.28240740740740744
0 0.6578125 0.5666666666666667 0.09479166666666666 0.32037037037037036
0 0.7015625 0.375 0.03854166666666667 0.12037037037037038
