2 0.20442708333333334 0.7912037037037037 0.06302083333333333 0.1175925925925926
2 0.17734375 0.8337962962962964 0.06927083333333334 0.13055555555555556
2 0.59921875 0.42083333333333334 0.021354166666666667 0.04722222222222222
1 0.5096354166666667 0.33611111111111114 0.011979166666666666 0.02777777777777778
2 0.4986979166666667 0.34120370370370373 0.008854166666666666 0.02314814814814815
2 0.4083333333333333 0.3625 0.014583333333333334 0.032407407407407406
2 0.20703125 0.3662037037037037 0.0140625 0.032407407407407406
2 0.83984375 0.34675925925925927 0.013020833333333334 0.026851851851851852
0 0.8440104166666667 0.41435185185185186 0.0484375 0.16944444444444445
0 0.5947916666666666 0.5370370370370371 0.08645833333333333 0.2796296296296296
0 0.24817708333333333 0.8615740740740742 0.31927083333333334 0.27685185185185185
0 0.20052083333333334 0.4416666666666667 0.09479166666666666 0.20370370370370372
0 0.39921875 0.4430555555555556 0.07552083333333333 0.1953703703703704
0 0.49947916666666664 0.4027777777777778 0.0625 0.1685185185185185
