1 0.3111979166666667 0.3717592592592593 0.01614583333333333 0.03981481481481482
1 0.3296875 0.3736111111111111 0.016666666666666666 0.03796296296296296
2 0.6747395833333333 0.31527777777777777 0.009895833333333333 0.021296296296296296
2 0.6247395833333333 0.3231481481481482 0.009895833333333333 0.020370370370370372
2 0.9669270833333333 0.4638888888888889 0.024479166666666666 0.05925925925925926
2 0.9809895833333333 0.475462962962963 0.027604166666666666 0.05648148148148149
2 0.9393229166666667 0.36944444444444446 0.013020833333333334 0.02962962962962963
0 0.3065104166666667 0.46435185185185185 0.0984375 0.22314814814814815
0 0.6177083333333333 0.36712962962962964 0.04479166666666667 0.11388888888888889
0 0.9346354166666666 0.4375 0.0515625 0.1638888888888889
