1 0.2778645833333333 0.6861111111111111 0.06510416666666667 0.12407407407407407
1 0.8052083333333333 0.33194444444444443 0.010416666666666666 0.021296296296296296
2 0.94921875 0.38981481481481484 0.019270833333333334 0.03333333333333333
2 0.9364583333333333 0.3476851851851852 0.0125 0.026851851851851852
2 0.9575520833333333 0.3513888888888889 0.013020833333333334 0.028703703703703703
2 0.73828125 0.3875 0.018229166666666668 0.03425925925925926
1 0.8976562499999999 0.3092592592592593 0.008854166666666666 0.018518518518518517
2 0.23541666666666666 0.7189814814814816 0.07083333333333333 0.14537037037037037
2 0.8536458333333333 0.3013888888888889 0.007291666666666667 0.01388888888888889
0 0.93359375 0.39814814814814814 0.0328125 0.1277777777777778
0 0.9523437499999999 0.4810185185185185 0.0640625 0.2175925925925926
0 0.7364583333333333 0.47314814814814815 0.06458333333333333 0.2111111111111111
0 0.8036458333333333 0.37962962962962965 0.03125 0.11851851851851852
0 0.28984375 0.8106481481481482 0.31197916666666664 0.3787037037037037
