1 0.6924479166666666 0.39722222222222225 0.021354166666666667 0.037037037037037035
1 0.8526041666666666 0.38981481481481484 0.025 0.044444444444444446
2 0.8005208333333333 0.37824074074074077 0.013541666666666667 0.028703703703703703
2 0.8125 0.3787037037037037 0.013541666666666667 0.031481481481481485
2 0.9096354166666667 0.33287037037037037 0.0109375 0.021296296296296296
1 0.8598958333333333 0.32083333333333336 0.008333333333333333 0.019444444444444445
2 0.6838541666666667 0.34351851851851856 0.010416666666666666 0.024074074074074074
2 0.6755208333333333 0.35000000000000003 0.010416666666666666 0.02592592592592593
2 0.99453125 0.350462962962963 0.011979166666666666 0.028703703703703703
0 0.9067708333333333 0.3814814814814815 0.041666666666666664 0.11666666666666667
0 0.8502604166666666 0.49953703703703706 0.0734375 0.26203703703703707
0 0.80546875 0.4625 0.07135416666666666 0.20462962962962963
0 0.6739583333333333 0.40185185185185185 0.04375 0.15555555555555556
0 0.6958333333333333 0.4912037037037037 0.06666666666666667 0.23240740740740742
