1 0.5143229166666666 0.3703703703703704 0.019270833333333334 0.03888888888888889
1 0.28151041666666665 0.8097222222222222 0.0796875 0.14537037037037037
1 0.8682291666666666 0.3162037037037037 0.008333333333333333 0.017592592592592594
2 0.7830729166666667 0.45925925925925926 0.034895833333333334 0.06666666666666667
2 0.76015625 0.4226851851851852 0.018229166666666668 0.04166666666666667
2 0.7963541666666667 0.4569444444444445 0.017708333333333333 0.049074074074074076
2 0.9341145833333333 0.3416666666666667 0.013020833333333334 0.02592592592592593
2 0.8869791666666667 0.3375 0.011458333333333333 0.02314814814814815
2 0.353125 0.5356481481481482 0.046875 0.09537037037037037
2 0.3854166666666667 0.5356481481481482 0.030208333333333334 0.06944444444444445
0 0.5151041666666667 0.45462962962962966 0.07708333333333334 0.21296296296296297
0 0.93125 0.39305555555555555 0.042708333333333334 0.13240740740740742
0 0.30807291666666664 0.8685185185185186 0.21197916666666666 0.26296296296296295
0 0.8817708333333333 0.39166666666666666 0.04791666666666666 0.13333333333333333
0 0.790625 0.6129629629629629 0.1125 0.3851851851851852
0 0.39375 0.7138888888888889 0.17083333333333334 0.45740740740740743
