1 0.3390625 0.6814814814814815 0.06458333333333333 0.13148148148148148
1 0.22135416666666666 0.40370370370370373 0.022916666666666665 0.0462962962962963
1 0.19114583333333332 0.5319444444444444 0.058333333333333334 0.08981481481481482
1 0.7822916666666666 0.37453703703703706 0.016666666666666666 0.03425925925925926
2 0.8966145833333333 0.4203703703703704 0.021354166666666667 0.040740740740740744
2 0.8466145833333333 0.3523148148148148 0.0109375 0.025
2 0.4158854166666667 0.7268518518518519 0.05260416666666667 0.11481481481481481
2 0.15390625 0.5671296296296297 0.024479166666666666 0.06018518518518519
0 0.21197916666666666 0.4953703703703704 0.1125 0.2425925925925926
0 0.8479166666666667 0.41064814814814815 0.042708333333333334 0.14722222222222223
0 0.88671875 0.5337962962962963 0.0703125 0.27314814814814814
0 0.7833333333333333 0.45 0.053125 0.19074074074074074
0 0.40989583333333335 0.8074074074074075 0.278125 0.3851851851851852
0 0.18671875 0.7416666666666667 0.22552083333333334 0.5166666666666667
