1 0.5153645833333333 0.5990740740740741 0.058854166666666666 0.09814814814814815
1 0.71640625 0.3995370370370371 0.0234375 0.03981481481481482
1 0.8330729166666666 0.4527777777777778 0.030729166666666665 0.053703703703703705
1 0.8976562499999999 0.3421296296296296 0.0109375 0.021296296296296296
2 0.7096354166666666 0.4134259259259259 0.018229166666666668 0.03796296296296296
2 0.8505208333333333 0.47962962962962963 0.021875 0.053703703703703705
2 0.9757812499999999 0.3736111111111111 0.015104166666666667 0.026851851851851852
2 0.9333333333333333 0.32962962962962966 0.008333333333333333 0.016666666666666666
2 0.9145833333333333 0.3050925925925926 0.005208333333333333 0.012037037037037037
0 0.9302083333333333 0.3731481481481482 0.029166666666666667 0.11296296296296297
0 0.5080729166666667 0.7731481481481481 0.18697916666666667 0.4537037037037037
0 0.9677083333333333 0.4486111111111111 0.053125 0.18425925925925926
0 0.8947916666666667 0.39490740740740743 0.035416666666666666 0.13055555555555556
0 0.8390624999999999 0.611574074074074 0.11666666666666667 0.3675925925925926
0 0.7083333333333334 0.4986111111111111 0.08958333333333333 0.25462962962962965
