1 0.21354166666666666 0.36944444444444446 0.019791666666666666 0.03888888888888889
1 0.7231770833333333 0.33240740740740743 0.011979166666666666 0.02592592592592593
1 0.97265625 0.3601851851851852 0.015104166666666667 0.02962962962962963
1 0.7903645833333334 0.30648148148148147 0.008854166666666666 0.014814814814814815
2 0.8403645833333333 0.30972222222222223 0.0067708333333333336 0.015740740740740743
2 0.92421875 0.3509259259259259 0.0140625 0.031481481481481485
2 0.2747395833333333 0.6398148148148148 0.044270833333333336 0.0962962962962963
2 0.24348958333333334 0.6657407407407407 0.0515625 0.0925925925925926
0 0.20989583333333334 0.4513888888888889 0.09895833333333333 0.20833333333333334
0 0.9718749999999999 0.4287037037037037 0.042708333333333334 0.16666666666666669
0 0.9171874999999999 0.41481481481481486 0.053125 0.16111111111111112
0 0.26953125 0.7953703703703704 0.2838541666666667 0.40925925925925927
0 0.7192708333333333 0.38842592592592595 0.03958333333333333 0.14166666666666666
