1 0.2125 0.37083333333333335 0.017708333333333333 0.03425925925925926
2 0.8408854166666666 0.3944444444444445 0.018229166666666668 0.03333333333333333
1 0.8151041666666666 0.3226851851851852 0.010416666666666666 0.021296296296296296
1 0.7614583333333333 0.3277777777777778 0.011458333333333333 0.02592592592592593
1 0.46510416666666665 0.3597222222222222 0.01875 0.04166666666666667
1 0.79140625 0.30694444444444446 0.0067708333333333336 0.01388888888888889
1 0.771875 0.3231481481481482 0.009375 0.024074074074074074
0 0.20729166666666665 0.4518518518518519 0.10416666666666667 0.20925925925925926
0 0.8361979166666667 0.49074074074074076 0.08072916666666667 0.2240740740740741
0 0.45859374999999997 0.4439814814814815 0.07239583333333333 0.20833333333333334
0 0.7653645833333333 0.36435185185185187 0.027604166666666666 0.11203703703703705
0 0.7640625 0.3763888888888889 0.04583333333333333 0.13796296296296298
0 0.8122395833333333 0.3685185185185185 0.0296875 0.11296296296296297
