2 0.6520833333333333 0.46990740740740744 0.03958333333333333 0.05648148148148149
2 0.67734375 0.47453703703703703 0.025520833333333333 0.06018518518518519
2 0.5872395833333334 0.33611111111111114 0.0109375 0.024074074074074074
1 0.5950520833333334 0.3314814814814815 0.0109375 0.022222222222222223
2 0.4153645833333333 0.587962962962963 0.044270833333333336 0.10555555555555556
2 0.3611979166666667 0.6157407407407408 0.04114583333333333 0.07962962962962963
1 0.9041666666666667 0.33611111111111114 0.009375 0.022222222222222223
1 0.8716145833333333 0.30694444444444446 0.0067708333333333336 0.015740740740740743
0 0.896875 0.3902777777777778 0.02395833333333333 0.13425925925925927
0 0.5861979166666667 0.3888888888888889 0.05260416666666667 0.1425925925925926
0 0.66796875 0.6208333333333333 0.12864583333333332 0.36203703703703705
0 0.3997395833333333 0.7671296296296296 0.23385416666666667 0.46574074074074073
