2 0.5911458333333334 0.4712962962962963 0.03125 0.06666666666666667
2 0.8841145833333334 0.5023148148148149 0.027604166666666666 0.058333333333333334
2 0.8976562499999999 0.5078703703703704 0.022395833333333334 0.05462962962962963
1 0.82421875 0.3055555555555556 0.0078125 0.016666666666666666
1 0.7544270833333333 0.3425925925925926 0.011979166666666666 0.024074074074074074
1 0.61015625 0.3351851851851852 0.009895833333333333 0.024074074074074074
0 0.8820312499999999 0.6888888888888889 0.14635416666666667 0.4351851851851852
0 0.5973958333333333 0.6462962962962964 0.12291666666666666 0.4166666666666667
0 0.6036458333333333 0.3907407407407408 0.0375 0.1425925925925926
0 0.7520833333333333 0.3939814814814815 0.03958333333333333 0.1287037037037037
