1 0.07864583333333333 0.6435185185185185 0.07916666666666666 0.12407407407407407
1 0.15130208333333334 0.6180555555555556 0.06197916666666667 0.11388888888888889
1 0.6114583333333333 0.337037037037037 0.014583333333333334 0.031481481481481485
2 0.8375 0.40740740740740744 0.020833333333333332 0.0462962962962963
2 0.9635416666666666 0.3425925925925926 0.0125 0.022222222222222223
2 0.9924479166666667 0.3231481481481482 0.0078125 0.012962962962962964
2 0.98671875 0.3236111111111111 0.0067708333333333336 0.012037037037037037
2 0.75859375 0.3199074074074074 0.0078125 0.017592592592592594
2 0.70078125 0.3282407407407408 0.008854166666666666 0.019444444444444445
1 0.91640625 0.3023148148148148 0.005729166666666666 0.01388888888888889
0 0.16197916666666667 0.7819444444444444 0.31979166666666664 0.4361111111111111
0 0.7549479166666666 0.3550925925925926 0.0265625 0.09537037037037037
0 0.8380208333333333 0.513425925925926 0.07708333333333334 0.26203703703703707
0 0.6966145833333334 0.3773148148148148 0.033854166666666664 0.1212962962962963
0 0.6065104166666666 0.39490740740740743 0.049479166666666664 0.1564814814814815
0 0.9562499999999999 0.3939814814814815 0.041666666666666664 0.12685185185185185
