2 0.23463541666666665 0.4 0.0171875 0.037037037037037035
2 0.6057291666666667 0.49768518518518523 0.030208333333333334 0.06759259259259259
2 0.57265625 0.4898148148148148 0.0296875 0.06296296296296297
2 0.49635416666666665 0.3592592592592593 0.0125 0.02962962962962963
2 0.8458333333333333 0.3976851851851852 0.016666666666666666 0.03425925925925926
2 0.8507812499999999 0.39490740740740743 0.015104166666666667 0.03425925925925926
2 0.9210937499999999 0.3564814814814815 0.011979166666666666 0.022222222222222223
2 0.84140625 0.30833333333333335 0.0046875 0.011111111111111112
0 0.9192708333333334 0.42314814814814816 0.04895833333333333 0.16296296296296298
0 0.8497395833333333 0.4949074074074074 0.0734375 0.23611111111111113
0 0.6067708333333334 0.6666666666666667 0.12291666666666666 0.40740740740740744
0 0.22447916666666667 0.49212962962962964 0.109375 0.23055555555555557
0 0.4942708333333333 0.42453703703703705 0.057291666666666664 0.18055555555555555
