2 0.07421875 0.4101851851851852 0.019270833333333334 0.04259259259259259
2 0.7877604166666666 0.6347222222222223 0.03802083333333333 0.0712962962962963
2 0.8348958333333333 0.3888888888888889 0.01875 0.037037037037037035
1 0.5671875 0.3421296296296296 0.013541666666666667 0.028703703703703703
1 0.8098958333333334 0.5898148148148148 0.04479166666666667 0.08703703703703704
2 0.9473958333333333 0.34861111111111115 0.009375 0.017592592592592594
1 0.9523437499999999 0.34305555555555556 0.0109375 0.021296296296296296
1 0.9067708333333333 0.3023148148148148 0.007291666666666667 0.01388888888888889
0 0.07239583333333333 0.5157407407407407 0.12291666666666666 0.2574074074074074
0 0.946875 0.4 0.04375 0.14074074074074075
0 0.5674479166666666 0.4027777777777778 0.05260416666666667 0.1574074074074074
0 0.8333333333333334 0.47453703703703703 0.057291666666666664 0.2138888888888889
0 0.8072916666666666 0.7708333333333334 0.16666666666666666 0.45833333333333337
