1 0.42994791666666665 0.5615740740740741 0.059895833333333336 0.08611111111111111
1 0.47291666666666665 0.5717592592592593 0.03958333333333333 0.08981481481481482
1 0.6565104166666667 0.41203703703703703 0.022395833333333334 0.044444444444444446
1 0.665625 0.4217592592592593 0.015625 0.03796296296296296
1 0.8429687499999999 0.40925925925925927 0.022395833333333334 0.044444444444444446
2 0.9869791666666666 0.39490740740740743 0.01875 0.028703703703703703
0 0.9765625 0.4814814814814815 0.046875 0.21481481481481482
0 0.8419270833333333 0.5259259259259259 0.07864583333333333 0.27592592592592596
0 0.6533854166666666 0.5277777777777778 0.1015625 0.27592592592592596
0 0.4713541666666667 0.7592592592592593 0.20833333333333334 0.4814814814814815
