2 0.23151041666666666 0.5694444444444444 0.0421875 0.08888888888888889
1 0.22604166666666667 0.7537037037037038 0.06458333333333333 0.12407407407407407
1 0.28802083333333334 0.75 0.07604166666666666 0.12962962962962962
1 0.7364583333333333 0.44027777777777777 0.025 0.049074074074074076
1 0.7408854166666666 0.40092592592592596 0.019270833333333334 0.03888888888888889
2 0.9015624999999999 0.3976851851851852 0.020833333333333332 0.03425925925925926
0 0.9015624999999999 0.5083333333333333 0.0625 0.2574074074074074
0 0.73828125 0.48379629629629634 0.06614583333333333 0.2064814814814815
0 0.7416666666666667 0.5768518518518518 0.09166666666666666 0.3277777777777778
0 0.2903645833333333 0.8435185185185186 0.2921875 0.312962962962963
0 0.23359375 0.7611111111111112 0.2203125 0.4777777777777778
