1 0.058854166666666666 0.6356481481481482 0.071875 0.1212962962962963
2 0.39609375 0.4898148148148148 0.03177083333333333 0.06851851851851852
2 0.6479166666666667 0.44537037037037036 0.02395833333333333 0.04814814814814815
2 0.6596354166666667 0.46111111111111114 0.018229166666666668 0.0462962962962963
1 0.759375 0.36388888888888893 0.017708333333333333 0.031481481481481485
2 0.8802083333333334 0.3787037037037037 0.015625 0.02777777777777778
1 0.6388020833333333 0.33564814814814814 0.009895833333333333 0.021296296296296296
1 0.6484375 0.33194444444444443 0.010416666666666666 0.025
1 0.8294270833333334 0.3189814814814815 0.0078125 0.017592592592592594
1 0.9877604166666667 0.35000000000000003 0.01614583333333333 0.02592592592592593
2 0.9677083333333333 0.3277777777777778 0.007291666666666667 0.016666666666666666
0 0.12395833333333334 0.787962962962963 0.24583333333333332 0.4240740740740741
0 0.39817708333333335 0.6578703703703704 0.1328125 0.4101851851851852
0 0.659375 0.5828703703703704 0.09895833333333333 0.33240740740740743
0 0.828125 0.3541666666666667 0.028125 0.09537037037037037
0 0.7606770833333333 0.4481481481481482 0.05572916666666666 0.19814814814814816
0 0.88125 0.45925925925925926 0.059375 0.18703703703703706
0 0.6356770833333333 0.38796296296296295 0.049479166666666664 0.14074074074074075
0 0.9794270833333333 0.40694444444444444 0.04114583333333333 0.14351851851851852
0 0.9643229166666667 0.37083333333333335 0.034895833333333334 0.10462962962962963
