2 0.4875 0.5504629629629629 0.03958333333333333 0.09351851851851853
2 0.77421875 0.4134259259259259 0.0171875 0.04166666666666667
2 0.56953125 0.3703703703703704 0.013020833333333334 0.02962962962962963
2 0.5822916666666667 0.3666666666666667 0.011458333333333333 0.02592592592592593
1 0.4361979166666667 0.39490740740740743 0.0171875 0.04351851851851852
1 0.4549479166666667 0.38981481481481484 0.018229166666666668 0.044444444444444446
0 0.42734374999999997 0.4898148148148148 0.0828125 0.24814814814814815
0 0.5729166666666666 0.4416666666666667 0.07708333333333334 0.1925925925925926
0 0.77890625 0.5240740740740741 0.07447916666666667 0.27037037037037037
0 0.48932291666666666 0.750925925925926 0.18177083333333333 0.4981481481481482
