2 0.21354166666666666 0.3703703703703704 0.016666666666666666 0.03518518518518519
1 0.49947916666666664 0.42638888888888893 0.030208333333333334 0.05092592592592593
2 0.6708333333333333 0.3439814814814815 0.009375 0.02314814814814815
2 0.6760416666666667 0.33287037037037037 0.009375 0.021296296296296296
1 0.73125 0.32546296296296295 0.009375 0.019444444444444445
2 0.125 0.412962962962963 0.017708333333333333 0.04814814814814815
2 0.9408854166666667 0.3662037037037037 0.013020833333333334 0.028703703703703703
2 0.9583333333333334 0.32453703703703707 0.009375 0.017592592592592594
1 0.8395833333333333 0.3023148148148148 0.007291666666666667 0.015740740740740743
0 0.9562499999999999 0.3712962962962963 0.030208333333333334 0.11481481481481481
0 0.9419270833333333 0.4467592592592593 0.050520833333333334 0.1953703703703704
0 0.20989583333333334 0.45787037037037037 0.1 0.2101851851851852
0 0.11015625 0.5157407407407407 0.13489583333333333 0.2814814814814815
0 0.503125 0.5546296296296297 0.096875 0.3148148148148148
0 0.67734375 0.39305555555555555 0.0515625 0.15092592592592594
0 0.7270833333333333 0.3731481481481482 0.030208333333333334 0.12037037037037038
