2 0.20104166666666667 0.3689814814814815 0.016666666666666666 0.03425925925925926
2 0.18463541666666666 0.3939814814814815 0.019270833333333334 0.03981481481481482
2 0.22265625 0.40555555555555556 0.018229166666666668 0.040740740740740744
2 0.22942708333333334 0.3925925925925926 0.019270833333333334 0.04259259259259259
2 0.7372395833333333 0.33101851851851855 0.008854166666666666 0.02314814814814815
1 0.82265625 0.31712962962962965 0.0078125 0.017592592592592594
1 0.8403645833333333 0.30092592592592593 0.0067708333333333336 0.016666666666666666
1 0.6072916666666667 0.3226851851851852 0.013541666666666667 0.02314814814814815
0 0.20885416666666667 0.4550925925925926 0.1 0.21574074074074076
0 0.6015625 0.3712962962962963 0.05 0.12592592592592594
0 0.7346354166666667 0.3768518518518519 0.030729166666666665 0.12222222222222223
0 0.8205729166666667 0.3541666666666667 0.024479166666666666 0.09537037037037037
0 0.21354166666666666 0.5106481481481482 0.12604166666666666 0.28055555555555556
0 0.17239583333333333 0.48703703703703705 0.07395833333333333 0.2425925925925926
