1 0.5705729166666667 0.4569444444444445 0.019270833333333334 0.03981481481481482
1 0.7385416666666667 0.6055555555555556 0.04375 0.07777777777777778
2 0.5880208333333333 0.45231481481481484 0.013541666666666667 0.032407407407407406
2 0.7346354166666667 0.5148148148148148 0.022395833333333334 0.05185185185185186
2 0.7151041666666667 0.5351851851851852 0.025 0.053703703703703705
1 0.9330729166666667 0.4828703703703704 0.025520833333333333 0.049074074074074076
1 0.11484375 0.7055555555555556 0.0640625 0.09814814814814815
0 0.9385416666666666 0.600925925925926 0.08020833333333333 0.2851851851851852
0 0.7197916666666666 0.6555555555555556 0.14479166666666665 0.3351851851851852
0 0.5677083333333334 0.5370370370370371 0.07708333333333334 0.2111111111111111
0 0.7544270833333333 0.7828703703703704 0.14947916666666666 0.4342592592592593
0 0.14192708333333334 0.8273148148148148 0.28072916666666664 0.3453703703703704
