1 0.04765625 0.39583333333333337 0.028645833333333332 0.05648148148148149
1 0.44296874999999997 0.37222222222222223 0.0171875 0.03888888888888889
2 0.7940104166666666 0.42083333333333334 0.0265625 0.03796296296296296
2 0.8596354166666667 0.35000000000000003 0.011979166666666666 0.022222222222222223
2 0.65859375 0.33101851851851855 0.013020833333333334 0.030555555555555558
2 0.9614583333333333 0.3527777777777778 0.010416666666666666 0.020370370370370372
0 0.8559895833333333 0.41435185185185186 0.044270833333333336 0.1564814814814815
0 0.9588541666666667 0.3962962962962963 0.04791666666666666 0.1277777777777778
0 0.04479166666666667 0.4986111111111111 0.08958333333333333 0.2638888888888889
0 0.8002604166666667 0.5222222222222223 0.07447916666666667 0.2425925925925926
0 0.4354166666666667 0.45092592592592595 0.07083333333333333 0.1962962962962963
0 0.6536458333333334 0.3787037037037037 0.03958333333333333 0.1277777777777778
