2 0.07942708333333333 0.7203703703703704 0.06927083333333334 0.13148148148148148
2 0.2955729166666667 0.3726851851851852 0.0140625 0.032407407407407406
2 0.92421875 0.3912037037037037 0.01614583333333333 0.03425925925925926
2 0.9348958333333334 0.3365740740740741 0.010416666666666666 0.02314814814814815
2 0.7348958333333333 0.33935185185185185 0.010416666666666666 0.021296296296296296
2 0.71328125 0.33333333333333337 0.0078125 0.018518518518518517
0 0.93515625 0.3837962962962963 0.0390625 0.1212962962962963
0 0.9203125 0.47870370370370374 0.075 0.21851851851851853
0 0.13177083333333334 0.826388888888889 0.259375 0.3472222222222222
0 0.28880208333333335 0.45601851851851855 0.09322916666666667 0.20833333333333334
0 0.72890625 0.3962962962962963 0.03802083333333333 0.14444444444444446
0 0.7096354166666666 0.38333333333333336 0.034895833333333334 0.1277777777777778
