2 0.12447916666666667 0.44027777777777777 0.016666666666666666 0.05277777777777778
2 0.14427083333333332 0.4240740740740741 0.029166666666666667 0.05185185185185186
2 0.5044270833333333 0.4115740740740741 0.018229166666666668 0.03981481481481482
2 0.5205729166666666 0.4138888888888889 0.018229166666666668 0.044444444444444446
2 0.6486979166666667 0.43842592592592594 0.025520833333333333 0.05277777777777778
2 0.6677083333333333 0.43842592592592594 0.019791666666666666 0.05277777777777778
2 0.5963541666666666 0.3527777777777778 0.009375 0.022222222222222223
2 0.6049479166666667 0.3402777777777778 0.009895833333333333 0.02314814814814815
1 0.746875 0.32962962962962966 0.010416666666666666 0.02592592592592593
1 0.77890625 0.3199074074074074 0.0078125 0.017592592592592594
1 0.31640625 0.525462962962963 0.0421875 0.08425925925925926
2 0.9481770833333333 0.3476851851851852 0.008854166666666666 0.02314814814814815
0 0.10703125 0.5671296296296297 0.1765625 0.33981481481481485
0 0.5971354166666667 0.4083333333333333 0.049479166666666664 0.16481481481481483
0 0.7421875 0.3787037037037037 0.03229166666666666 0.12222222222222223
0 0.7778645833333333 0.3560185185185185 0.027604166666666666 0.09351851851851853
0 0.946875 0.40046296296296297 0.041666666666666664 0.13055555555555556
0 0.665625 0.5745370370370371 0.09479166666666666 0.32685185185185184
0 0.5153645833333333 0.5361111111111111 0.10885416666666667 0.30185185185185187
0 0.33515625 0.7421296296296297 0.2046875 0.5157407407407407
