2 0.10338541666666666 0.6157407407407408 0.044270833333333336 0.08888888888888889
2 0.1390625 0.625925925925926 0.04479166666666667 0.0962962962962963
2 0.17161458333333332 0.42638888888888893 0.024479166666666666 0.049074074074074076
1 0.15494791666666666 0.38796296296296295 0.01614583333333333 0.040740740740740744
1 0.834375 0.4388888888888889 0.025 0.04259259259259259
1 0.8515625 0.45046296296296295 0.022916666666666665 0.049074074074074076
1 0.8598958333333333 0.3060185185185185 0.00625 0.01388888888888889
1 0.8557291666666667 0.30462962962962964 0.005208333333333333 0.012962962962962964
2 0.89140625 0.3087962962962963 0.005729166666666666 0.012037037037037037
2 0.9765625 0.32175925925925924 0.009375 0.012037037037037037
0 0.9768229166666667 0.3560185185185185 0.0265625 0.08611111111111111
0 0.8421875 0.5726851851851852 0.10416666666666667 0.3101851851851852
0 0.15703125 0.5717592592592593 0.15989583333333332 0.3472222222222222
0 0.14921875 0.4851851851851852 0.0765625 0.2351851851851852
0 0.8591145833333333 0.33333333333333337 0.0296875 0.07222222222222223
0 0.13567708333333334 0.7833333333333333 0.2713541666666667 0.43333333333333335
