2 0.53203125 0.3611111111111111 0.0140625 0.031481481481481485
2 0.6122395833333333 0.3523148148148148 0.009895833333333333 0.02314814814814815
2 0.6328125 0.3375 0.011458333333333333 0.026851851851851852
2 0.6421875 0.33472222222222225 0.009375 0.02314814814814815
2 0.6973958333333333 0.35000000000000003 0.013541666666666667 0.02592592592592593
1 0.76796875 0.31666666666666665 0.011979166666666666 0.020370370370370372
2 0.9013020833333333 0.4 0.0140625 0.03333333333333333
0 0.525 0.4300925925925926 0.06145833333333333 0.17685185185185187
0 0.6098958333333333 0.41481481481481486 0.046875 0.15555555555555556
0 0.6953125 0.41250000000000003 0.03958333333333333 0.15833333333333333
0 0.6268229166666667 0.3902777777777778 0.049479166666666664 0.13055555555555556
0 0.76875 0.35185185185185186 0.03333333333333333 0.09444444444444444
0 0.8544270833333333 0.34490740740740744 0.024479166666666666 0.08796296296296297
0 0.8976562499999999 0.48564814814814816 0.058854166666666666 0.2064814814814815
