2 0.14765625 0.4101851851851852 0.01614583333333333 0.037037037037037035
2 0.16171875 0.412962962962963 0.015104166666666667 0.03333333333333333
2 0.3755208333333333 0.3856481481481482 0.013541666666666667 0.032407407407407406
2 0.39010416666666664 0.3995370370370371 0.017708333333333333 0.04166666666666667
2 0.40390624999999997 0.3615740740740741 0.0140625 0.032407407407407406
2 0.41822916666666665 0.36342592592592593 0.011458333333333333 0.028703703703703703
2 0.9869791666666666 0.34861111111111115 0.009375 0.019444444444444445
2 0.8049479166666667 0.32037037037037036 0.008854166666666666 0.018518518518518517
1 0.8338541666666667 0.31666666666666665 0.008333333333333333 0.016666666666666666
1 0.74140625 0.31527777777777777 0.0067708333333333336 0.017592592592592594
1 0.7463541666666667 0.3189814814814815 0.008333333333333333 0.017592592592592594
1 0.871875 0.3087962962962963 0.00625 0.015740740740740743
0 0.13802083333333334 0.5180555555555556 0.13541666666666666 0.27314814814814814
0 0.3598958333333333 0.47500000000000003 0.084375 0.21481481481481482
0 0.384375 0.5013888888888889 0.096875 0.25462962962962965
0 0.38828125 0.42962962962962964 0.09322916666666667 0.17407407407407408
0 0.7458333333333333 0.3550925925925926 0.034375 0.10092592592592593
0 0.8046875 0.3597222222222222 0.030208333333333334 0.10092592592592593
0 0.9825520833333333 0.40231481481481485 0.034895833333333334 0.12685185185185185
0 0.8307291666666666 0.350462962962963 0.025 0.08796296296296297
0 0.8705729166666667 0.33935185185185185 0.0203125 0.08240740740740742
