2 0.12369791666666667 0.39675925925925926 0.013020833333333334 0.05092592592592593
2 0.43984375 0.3615740740740741 0.015104166666666667 0.03425925925925926
1 0.7432291666666666 0.41435185185185186 0.020833333333333332 0.03981481481481482
2 0.7489583333333333 0.39212962962962966 0.015625 0.025
2 0.89296875 0.4166666666666667 0.030729166666666665 0.03518518518518519
1 0.88515625 0.3615740740740741 0.015104166666666667 0.028703703703703703
2 0.9692708333333333 0.33194444444444443 0.009375 0.019444444444444445
1 0.76796875 0.32546296296296295 0.009895833333333333 0.021296296296296296
1 0.8729166666666667 0.30972222222222223 0.005208333333333333 0.015740740740740743
2 0.9059895833333333 0.300462962962963 0.0046875 0.010185185185185186
0 0.9716145833333333 0.3805555555555556 0.0328125 0.11851851851851852
0 0.8729166666666667 0.4365740740740741 0.07083333333333333 0.18055555555555555
0 0.8979166666666667 0.5217592592592593 0.06458333333333333 0.24537037037037038
0 0.746875 0.48055555555555557 0.0625 0.19814814814814816
0 0.7419270833333333 0.5319444444444444 0.07447916666666667 0.27685185185185185
0 0.1109375 0.4949074074074074 0.12083333333333333 0.24351851851851852
0 0.43255208333333334 0.4416666666666667 0.07864583333333333 0.2
0 0.7645833333333333 0.3699074074074074 0.029166666666666667 0.11203703703703705
0 0.8692708333333333 0.34444444444444444 0.026041666666666668 0.08703703703703704
