2 0.00859375 0.41203703703703703 0.018229166666666668 0.061111111111111116
1 0.6609375 0.3416666666666667 0.013541666666666667 0.024074074074074074
1 0.8973958333333333 0.35879629629629634 0.011458333333333333 0.02314814814814815
1 0.8036458333333333 0.3189814814814815 0.008333333333333333 0.017592592592592594
2 0.9088541666666666 0.35324074074074074 0.010416666666666666 0.021296296296296296
2 0.9760416666666667 0.36574074074074076 0.022916666666666665 0.02592592592592593
2 0.9841145833333333 0.33287037037037037 0.013020833333333334 0.019444444444444445
0 0.9752604166666666 0.38333333333333336 0.049479166666666664 0.12037037037037038
0 0.9760416666666667 0.43472222222222223 0.04791666666666666 0.16574074074074074
0 0.9067708333333333 0.41250000000000003 0.040625 0.13796296296296298
0 0.896875 0.4310185185185185 0.04375 0.1712962962962963
0 0.034375 0.5282407407407408 0.06875 0.2990740740740741
0 0.6583333333333333 0.40092592592592596 0.03854166666666667 0.1462962962962963
0 0.8005208333333333 0.3615740740740741 0.03125 0.10462962962962963
