2 0.46770833333333334 0.44907407407407407 0.027083333333333334 0.05740740740740741
1 0.28229166666666666 0.3791666666666667 0.022916666666666665 0.03981481481481482
2 0.4666666666666667 0.3800925925925926 0.016666666666666666 0.03796296296296296
2 0.8127604166666667 0.412962962962963 0.022395833333333334 0.05
2 0.8286458333333333 0.4277777777777778 0.022916666666666665 0.03888888888888889
2 0.9372395833333333 0.3578703703703704 0.0140625 0.026851851851851852
1 0.79140625 0.3074074074074074 0.009895833333333333 0.016666666666666666
1 0.7421875 0.32592592592592595 0.010416666666666666 0.022222222222222223
1 0.81484375 0.3194444444444445 0.0078125 0.016666666666666666
0 0.9388020833333334 0.42638888888888893 0.049479166666666664 0.1638888888888889
0 0.8239583333333333 0.5574074074074075 0.10625 0.33333333333333337
0 0.46458333333333335 0.6199074074074075 0.11875 0.39722222222222225
0 0.27057291666666666 0.4666666666666667 0.10052083333333334 0.21666666666666667
0 0.78828125 0.34120370370370373 0.0265625 0.08425925925925926
0 0.45651041666666664 0.47175925925925927 0.07447916666666667 0.22685185185185186
0 0.7442708333333333 0.3763888888888889 0.04583333333333333 0.1175925925925926
0 0.8856770833333333 0.337037037037037 0.021354166666666667 0.07592592592592592
0 0.8151041666666666 0.3527777777777778 0.03333333333333333 0.0962962962962963
