2 0.453125 0.3851851851851852 0.015625 0.037037037037037035
2 0.4674479166666667 0.3574074074074074 0.0140625 0.02592592592592593
2 0.6778645833333333 0.4962962962962963 0.0390625 0.06851851851851852
1 0.6981770833333333 0.4847222222222222 0.0296875 0.0712962962962963
2 0.9614583333333333 0.3143518518518519 0.007291666666666667 0.015740740740740743
2 0.88046875 0.36064814814814816 0.015104166666666667 0.028703703703703703
0 0.9588541666666667 0.35879629629629634 0.028125 0.11018518518518519
0 0.8744791666666667 0.43194444444444446 0.05416666666666667 0.17500000000000002
0 0.6901041666666666 0.6652777777777779 0.14791666666666667 0.4305555555555556
0 0.43697916666666664 0.47731481481481486 0.08125 0.22685185185185186
0 0.4588541666666667 0.43194444444444446 0.06458333333333333 0.1824074074074074
