1 0.9947916666666666 0.4763888888888889 0.0125 0.049074074074074076
2 0.7565104166666666 0.4916666666666667 0.028645833333333332 0.05555555555555556
2 0.84453125 0.36342592592592593 0.011979166666666666 0.026851851851851852
2 0.8502604166666666 0.3592592592592593 0.009895833333333333 0.022222222222222223
2 0.5583333333333333 0.33472222222222225 0.009375 0.021296296296296296
2 0.5674479166666666 0.33194444444444443 0.0078125 0.019444444444444445
2 0.57890625 0.35462962962962963 0.0140625 0.02962962962962963
2 0.5895833333333333 0.34861111111111115 0.0125 0.028703703703703703
2 0.5114583333333333 0.350462962962963 0.010416666666666666 0.02314814814814815
1 0.5705729166666667 0.4305555555555556 0.027604166666666666 0.05555555555555556
1 0.6981770833333333 0.4393518518518519 0.025520833333333333 0.05277777777777778
1 0.74140625 0.3287037037037037 0.009895833333333333 0.022222222222222223
1 0.7177083333333333 0.34444444444444444 0.0125 0.02592592592592593
2 0.20442708333333334 0.48888888888888893 0.030729166666666665 0.07407407407407407
2 0.24505208333333334 0.5097222222222222 0.033854166666666664 0.06944444444444445
2 0.22942708333333334 0.4939814814814815 0.030729166666666665 0.06944444444444445
0 0.8447916666666666 0.4328703703703704 0.058333333333333334 0.1712962962962963
0 0.5739583333333333 0.5638888888888889 0.09791666666666667 0.32037037037037036
0 0.69765625 0.5787037037037037 0.0921875 0.33333333333333337
0 0.7567708333333333 0.649537037037037 0.103125 0.3731481481481482
0 0.24791666666666667 0.6925925925925926 0.1875 0.4777777777777778
0 0.58515625 0.4199074074074074 0.0609375 0.17314814814814816
0 0.5161458333333333 0.41481481481481486 0.06041666666666667 0.15925925925925927
0 0.5619791666666667 0.3893518518518519 0.04479166666666667 0.14537037037037037
0 0.71640625 0.4013888888888889 0.0390625 0.14166666666666666
0 0.7390625 0.37777777777777777 0.030208333333333334 0.12592592592592594
