1 0.14010416666666667 0.43333333333333335 0.03125 0.05555555555555556
1 0.2877604166666667 0.39305555555555555 0.022395833333333334 0.049074074074074076
2 0.24427083333333333 0.37592592592592594 0.014583333333333334 0.031481481481481485
2 0.21979166666666666 0.37962962962962965 0.015625 0.037037037037037035
1 0.85703125 0.30185185185185187 0.0067708333333333336 0.014814814814814815
1 0.91484375 0.3439814814814815 0.013020833333333334 0.02314814814814815
2 0.9197916666666667 0.3425925925925926 0.007291666666666667 0.018518518518518517
2 0.946875 0.3337962962962963 0.010416666666666666 0.019444444444444445
2 0.97734375 0.32592592592592595 0.009895833333333333 0.018518518518518517
2 0.8268229166666666 0.3087962962962963 0.005729166666666666 0.01388888888888889
0 0.9765625 0.3689814814814815 0.03333333333333333 0.11018518518518519
0 0.9455729166666667 0.3856481481481482 0.04114583333333333 0.1287037037037037
0 0.9151041666666666 0.40324074074074073 0.041666666666666664 0.14537037037037037
0 0.8273437499999999 0.33935185185185185 0.027604166666666666 0.08055555555555556
0 0.20859375 0.4726851851851852 0.10677083333333333 0.23425925925925928
0 0.12890625 0.5787037037037037 0.15885416666666666 0.3462962962962963
0 0.2752604166666667 0.5023148148148149 0.11822916666666666 0.2712962962962963
