1 0.37421875 0.6185185185185186 0.06614583333333333 0.11111111111111112
1 0.8338541666666667 0.3111111111111111 0.008333333333333333 0.018518518518518517
1 0.9098958333333333 0.2986111111111111 0.00625 0.012037037037037037
2 0.9078125 0.3851851851851852 0.014583333333333334 0.031481481481481485
2 0.9158854166666667 0.3819444444444445 0.011979166666666666 0.030555555555555558
2 0.5255208333333333 0.4601851851851852 0.027083333333333334 0.05925925925925926
2 0.49635416666666665 0.46296296296296297 0.02395833333333333 0.053703703703703705
0 0.9114583333333334 0.46481481481481485 0.06875 0.2
0 0.5106770833333333 0.6037037037037037 0.12447916666666667 0.3462962962962963
0 0.3734375 0.7814814814814816 0.22395833333333334 0.43703703703703706
0 0.8307291666666666 0.3476851851851852 0.027083333333333334 0.09537037037037037
