1 0.08125 0.7125 0.06979166666666667 0.10648148148148148
1 0.6583333333333333 0.4115740740740741 0.011458333333333333 0.026851851851851852
1 0.6690104166666666 0.40046296296296297 0.011979166666666666 0.026851851851851852
1 0.946875 0.5300925925925926 0.029166666666666667 0.04722222222222222
2 0.74375 0.4324074074074074 0.017708333333333333 0.03333333333333333
2 0.8333333333333334 0.4930555555555556 0.025 0.049074074074074076
2 0.9322916666666666 0.5782407407407407 0.029166666666666667 0.04722222222222222
2 0.9874999999999999 0.4175925925925926 0.011458333333333333 0.02592592592592593
0 0.9841145833333333 0.4898148148148148 0.03177083333333333 0.17407407407407408
0 0.94921875 0.6768518518518519 0.09739583333333333 0.34074074074074073
0 0.8333333333333334 0.6199074074074075 0.09166666666666666 0.30648148148148147
0 0.12942708333333333 0.8310185185185186 0.25677083333333334 0.33796296296296297
0 0.6604166666666667 0.4652777777777778 0.05625 0.15462962962962964
0 0.7447916666666666 0.5037037037037038 0.06145833333333333 0.17592592592592593
