1 0.015625 0.40740740740740744 0.027083333333333334 0.053703703703703705
2 0.7432291666666666 0.4175925925925926 0.019791666666666666 0.040740740740740744
2 0.7588541666666666 0.41712962962962963 0.016666666666666666 0.04351851851851852
1 0.8744791666666667 0.3527777777777778 0.014583333333333334 0.02777777777777778
1 0.9153645833333334 0.34861111111111115 0.011979166666666666 0.025
2 0.9914062499999999 0.3787037037037037 0.0140625 0.02777777777777778
0 0.036458333333333336 0.5217592592592593 0.07291666666666667 0.2916666666666667
0 0.9161458333333333 0.34120370370370373 0.020833333333333332 0.075
0 0.9174479166666667 0.4027777777777778 0.04010416666666666 0.13703703703703704
0 0.9768229166666667 0.45231481481481484 0.04635416666666667 0.1787037037037037
0 0.87578125 0.42314814814814816 0.0515625 0.16481481481481483
0 0.7466145833333333 0.5291666666666667 0.0921875 0.26944444444444443
