2 0.7796875 0.375462962962963 0.013541666666666667 0.030555555555555558
1 0.8518229166666667 0.39351851851851855 0.019270833333333334 0.03333333333333333
1 0.93828125 0.3402777777777778 0.009895833333333333 0.019444444444444445
2 0.9739583333333334 0.3027777777777778 0.00625 0.012962962962962964
2 0.990625 0.3375 0.007291666666666667 0.017592592592592594
2 0.9036458333333334 0.37777777777777777 0.014583333333333334 0.02962962962962963
2 0.8580729166666666 0.3541666666666667 0.0109375 0.025
2 0.9908854166666666 0.3287037037037037 0.0078125 0.011111111111111112
0 0.9377604166666667 0.39351851851851855 0.034895833333333334 0.13148148148148148
0 0.9822916666666667 0.3824074074074074 0.035416666666666666 0.12407407407407407
0 0.85625 0.4166666666666667 0.03854166666666667 0.1574074074074074
0 0.9010416666666666 0.4601851851851852 0.05625 0.20185185185185187
0 0.8463541666666666 0.4851851851851852 0.0625 0.22962962962962963
0 0.7807291666666667 0.4620370370370371 0.05625 0.20925925925925926
