1 0.3645833333333333 0.6351851851851852 0.007291666666666667 0.014814814814814815
1 0.15677083333333333 0.675 0.016666666666666666 0.037037037037037035
1 0.17213541666666665 0.6800925925925926 0.015104166666666667 0.036111111111111115
1 0.0140625 0.675 0.010416666666666666 0.024074074074074074
1 0.02395833333333333 0.6759259259259259 0.014583333333333334 0.02962962962962963
1 0.08463541666666667 0.6699074074074074 0.011979166666666666 0.028703703703703703
0 0.36666666666666664 0.6796296296296297 0.03958333333333333 0.11296296296296297
0 0.17473958333333334 0.7439814814814815 0.05677083333333333 0.18425925925925926
0 0.08854166666666667 0.7222222222222222 0.040625 0.13518518518518519
0 0.02578125 0.7310185185185185 0.0484375 0.14722222222222223
