1 0.20598958333333334 0.6013888888888889 0.0067708333333333336 0.015740740740740743
2 0.10885416666666667 0.6143518518518519 0.007291666666666667 0.015740740740740743
2 0.2015625 0.600462962962963 0.005208333333333333 0.01388888888888889
1 0.39609375 0.5939814814814816 0.0078125 0.017592592592592594
1 0.45468749999999997 0.6018518518518519 0.010416666666666666 0.018518518518518517
1 0.721875 0.6222222222222222 0.02395833333333333 0.05
2 0.7044270833333334 0.625 0.0203125 0.040740740740740744
0 0.7119791666666666 0.6763888888888889 0.06354166666666666 0.16574074074074074
0 0.10755208333333333 0.6486111111111111 0.0265625 0.08796296296296297
0 0.20651041666666667 0.6328703703703704 0.0234375 0.08425925925925926
0 0.4588541666666667 0.6347222222222223 0.04895833333333333 0.09351851851851853
