2 0.8091145833333333 0.6875 0.027604166666666666 0.06018518518518519
2 0.78125 0.6777777777777778 0.027083333333333334 0.05185185185185186
2 0.74921875 0.6782407407407408 0.0296875 0.04722222222222222
2 0.853125 0.6462962962962964 0.02395833333333333 0.04259259259259259
2 0.928125 0.5981481481481482 0.01875 0.02777777777777778
2 0.8976562499999999 0.6106481481481482 0.019270833333333334 0.026851851851851852
1 0.37109375 0.6472222222222223 0.022395833333333334 0.03518518518518519
0 0.4744791666666667 0.7097222222222223 0.07291666666666667 0.2138888888888889
0 0.8166666666666667 0.8208333333333334 0.18958333333333333 0.35833333333333334
0 0.37135416666666665 0.725925925925926 0.0625 0.20740740740740743
0 0.86015625 0.7837962962962963 0.1859375 0.3231481481481482
0 0.8997395833333334 0.6976851851851852 0.10885416666666667 0.23981481481481481
