1 0.50234375 0.725462962962963 0.03177083333333333 0.0787037037037037
2 0.4713541666666667 0.7115740740740741 0.021875 0.04351851851851852
2 0.509375 0.6375000000000001 0.01875 0.03981481481481482
2 0.48541666666666666 0.6407407407407407 0.022916666666666665 0.040740740740740744
2 0.46041666666666664 0.6458333333333334 0.025 0.04351851851851852
2 0.10442708333333334 0.6574074074074074 0.025520833333333333 0.03888888888888889
0 0.46067708333333335 0.7305555555555556 0.08072916666666667 0.26296296296296295
0 0.50703125 0.8356481481481481 0.15885416666666666 0.3287037037037037
0 0.09401041666666667 0.7722222222222223 0.1828125 0.28703703703703703
0 0.47213541666666664 0.7578703703703704 0.16822916666666665 0.2916666666666667
0 0.7434895833333334 0.6782407407407408 0.07552083333333333 0.16574074074074074
