2 0.2125 0.6532407407407408 0.030208333333333334 0.04166666666666667
2 0.32734375 0.6453703703703704 0.0265625 0.044444444444444446
2 0.5973958333333333 0.6527777777777778 0.026041666666666668 0.05925925925925926
2 0.5703125 0.674537037037037 0.020833333333333332 0.04722222222222222
1 0.54140625 0.6717592592592593 0.04114583333333333 0.058333333333333334
2 0.44453125 0.6351851851851852 0.0234375 0.04259259259259259
1 0.4067708333333333 0.6453703703703704 0.03333333333333333 0.05740740740740741
2 0.9614583333333333 0.6675925925925926 0.026041666666666668 0.05740740740740741
2 0.9890625 0.6555555555555556 0.020833333333333332 0.05185185185185186
0 0.33489583333333334 0.7680555555555556 0.10520833333333333 0.31203703703703706
0 0.9825520833333333 0.7027777777777778 0.034895833333333334 0.22592592592592595
0 0.4770833333333333 0.6537037037037037 0.041666666666666664 0.11851851851851852
0 0.4075520833333333 0.7458333333333333 0.14739583333333334 0.2712962962962963
0 0.18880208333333334 0.7537037037037038 0.16822916666666665 0.26481481481481484
0 0.5221354166666666 0.8055555555555556 0.2171875 0.3574074074074074
0 0.9210937499999999 0.7819444444444444 0.1578125 0.3194444444444445
