2 0.665625 0.6685185185185185 0.03229166666666666 0.04814814814814815
2 0.6427083333333333 0.6606481481481482 0.025 0.05277777777777778
2 0.5786458333333333 0.6398148148148148 0.02395833333333333 0.040740740740740744
2 0.6067708333333334 0.6319444444444444 0.026041666666666668 0.05648148148148149
2 0.8158854166666667 0.6078703703703704 0.015104166666666667 0.028703703703703703
2 0.35546875 0.6402777777777778 0.021354166666666667 0.04722222222222222
2 0.024739583333333332 0.6523148148148148 0.0265625 0.06018518518518519
0 0.3606770833333333 0.7791666666666667 0.10364583333333333 0.33981481481481485
0 0.63984375 0.8 0.17447916666666666 0.33333333333333337
0 0.56484375 0.7476851851851852 0.17447916666666666 0.28425925925925927
0 0.8143229166666667 0.6847222222222222 0.09739583333333333 0.18425925925925926
