1 0.033854166666666664 0.8245370370370371 0.0625 0.11574074074074074
2 0.5700520833333333 0.6490740740740741 0.025520833333333333 0.061111111111111116
2 0.5252604166666667 0.6277777777777778 0.0171875 0.040740740740740744
2 0.5072916666666667 0.6282407407407408 0.015625 0.03981481481481482
2 0.31015625 0.638888888888889 0.018229166666666668 0.04814814814814815
2 0.29583333333333334 0.6361111111111112 0.016666666666666666 0.04259259259259259
2 0.63984375 0.625462962962963 0.011979166666666666 0.02314814814814815
1 0.7205729166666667 0.611574074074074 0.0109375 0.02314814814814815
1 0.9914062499999999 0.6777777777777778 0.018229166666666668 0.06851851851851852
0 0.31744791666666666 0.7578703703703704 0.08385416666666666 0.3027777777777778
0 0.06927083333333334 0.8842592592592593 0.13854166666666667 0.23148148148148148
0 0.5083333333333333 0.6787037037037037 0.04375 0.1574074074074074
0 0.5802083333333333 0.7967592592592593 0.096875 0.3564814814814815
0 0.5236979166666667 0.7263888888888889 0.06510416666666667 0.24351851851851852
0 0.96171875 0.8194444444444445 0.0765625 0.3574074074074074
0 0.46979166666666666 0.6490740740740741 0.03229166666666666 0.12037037037037038
0 0.6385416666666667 0.6916666666666667 0.058333333333333334 0.16666666666666669
0 0.49947916666666664 0.6731481481481482 0.04375 0.13518518518518519
0 0.7205729166666667 0.6652777777777779 0.058854166666666666 0.13796296296296298
0 0.43124999999999997 0.6305555555555555 0.04895833333333333 0.08518518518518518
0 0.5252604166666667 0.6620370370370371 0.0484375 0.1277777777777778
