1 0.0390625 0.826388888888889 0.05520833333333333 0.11203703703703705
2 0.45651041666666664 0.6671296296296296 0.025520833333333333 0.058333333333333334
2 0.49322916666666666 0.6782407407407408 0.027083333333333334 0.06574074074074074
2 0.6458333333333334 0.6592592592592593 0.022916666666666665 0.061111111111111116
2 0.6265625 0.6532407407407408 0.019791666666666666 0.05092592592592593
2 0.96953125 0.7958333333333334 0.043229166666666666 0.10833333333333334
2 0.9403645833333333 0.8018518518518519 0.027604166666666666 0.06296296296296297
1 0.609375 0.6078703703703704 0.011458333333333333 0.021296296296296296
2 0.4380208333333333 0.6064814814814815 0.008333333333333333 0.020370370370370372
2 0.44453125 0.6078703703703704 0.008854166666666666 0.019444444444444445
0 0.503125 0.8189814814814815 0.14583333333333334 0.36203703703703705
0 0.07083333333333333 0.8842592592592593 0.14166666666666666 0.23148148148148148
0 0.43906249999999997 0.6541666666666667 0.03229166666666666 0.125
0 0.6466145833333333 0.8078703703703703 0.10260416666666666 0.3675925925925926
0 0.37604166666666666 0.6356481481481482 0.030208333333333334 0.10648148148148148
0 0.5286458333333334 0.6685185185185185 0.042708333333333334 0.13703703703703704
0 0.3458333333333333 0.6472222222222223 0.029166666666666667 0.10370370370370371
0 0.60703125 0.6550925925925927 0.03802083333333333 0.1175925925925926
0 0.32317708333333334 0.625 0.0296875 0.08148148148148149
0 0.4125 0.6449074074074075 0.035416666666666666 0.10833333333333334
