1 0.17057291666666666 0.65 0.0359375 0.06666666666666667
1 0.2791666666666667 0.5782407407407407 0.028125 0.05092592592592593
1 0.37447916666666664 0.6490740740740741 0.035416666666666666 0.061111111111111116
1 0.9213541666666667 0.5462962962962963 0.019791666666666666 0.031481481481481485
2 0.42135416666666664 0.6375000000000001 0.025 0.05092592592592593
2 0.9348958333333334 0.5462962962962963 0.009375 0.024074074074074074
2 0.7151041666666667 0.5356481481481482 0.0125 0.032407407407407406
2 0.7328125 0.5342592592592593 0.0125 0.02962962962962963
0 0.42734374999999997 0.7787037037037038 0.17552083333333332 0.35000000000000003
0 0.27890625 0.6777777777777778 0.14010416666666667 0.2537037037037037
0 0.7080729166666666 0.6138888888888889 0.09739583333333333 0.2
0 0.915625 0.6189814814814815 0.08229166666666667 0.1824074074074074
0 0.18098958333333334 0.7773148148148148 0.17239583333333333 0.325
