0 0.26145833333333335 0.24861111111111112 0.090625 0.15462962962962964
0 0.31927083333333334 0.22685185185185186 0.05416666666666667 0.12037037037037038
0 0.2984375 0.23981481481481481 0.057291666666666664 0.13518518518518519
0 0.13671875 0.28101851851851856 0.08489583333333334 0.22685185185185186
0 0.16666666666666666 0.22037037037037038 0.03125 0.10185185185185186
0 0.19817708333333334 0.2125 0.028645833333333332 0.09722222222222222
0 0.15182291666666667 0.2240740740740741 0.0296875 0.10740740740740741
2 0.125 0.1865740740740741 0.013541666666666667 0.030555555555555558
2 0.25885416666666666 0.1837962962962963 0.013541666666666667 0.025
2 0.2869791666666667 0.18287037037037038 0.009375 0.015740740740740743
2 0.3059895833333333 0.17731481481481481 0.0109375 0.019444444444444445
2 0.1453125 0.17916666666666667 0.010416666666666666 0.021296296296296296
2 0.15833333333333333 0.17916666666666667 0.009375 0.01388888888888889
2 0.20572916666666666 0.1726851851851852 0.00625 0.01388888888888889
