0 0.24010416666666667 0.35879629629629634 0.0625 0.2564814814814815
2 0.23515624999999998 0.26342592592592595 0.0171875 0.03796296296296296
0 0.15182291666666667 0.14675925925925926 0.022395833333333334 0.09166666666666667
0 0.28515625 0.1537037037037037 0.0203125 0.07962962962962963
0 0.3203125 0.15555555555555556 0.02395833333333333 0.08518518518518518
0 0.17916666666666667 0.1449074074074074 0.01875 0.08796296296296297
0 0.2526041666666667 0.14907407407407408 0.02395833333333333 0.0925925925925926
0 0.36953125 0.13796296296296298 0.021354166666666667 0.05185185185185186
0 0.3450520833333333 0.1513888888888889 0.024479166666666666 0.08240740740740742
1 0.1796875 0.11157407407407408 0.008333333333333333 0.015740740740740743
2 0.15364583333333334 0.11296296296296297 0.009375 0.014814814814814815
2 0.25104166666666666 0.11296296296296297 0.00625 0.012962962962962964
2 0.28671875 0.12222222222222223 0.0046875 0.009259259259259259
2 0.32265625 0.12222222222222223 0.008854166666666666 0.016666666666666666
1 0.3494791666666667 0.11898148148148148 0.009375 0.015740740740740743
2 0.37109375 0.11851851851851852 0.0067708333333333336 0.009259259259259259
0 0.20833333333333334 0.15462962962962964 0.03125 0.07962962962962963
0 0.19192708333333333 0.1425925925925926 0.0171875 0.07592592592592592
2 0.18984375 0.10972222222222222 0.0067708333333333336 0.01388888888888889
