0 0.39296875 0.47222222222222227 0.08385416666666666 0.26851851851851855
0 0.2875 0.23750000000000002 0.057291666666666664 0.11018518518518519
0 0.5265625 0.22592592592592595 0.03229166666666666 0.11111111111111112
2 0.3875 0.3601851851851852 0.017708333333333333 0.04259259259259259
2 0.2825520833333333 0.19351851851851853 0.0109375 0.018518518518518517
0 0.43671875 0.22731481481481483 0.034895833333333334 0.10648148148148148
0 0.47369791666666666 0.22824074074074074 0.030729166666666665 0.11203703703703705
2 0.43671875 0.1865740740740741 0.0109375 0.019444444444444445
2 0.4734375 0.1837962962962963 0.009375 0.015740740740740743
2 0.5276041666666667 0.1800925925925926 0.008333333333333333 0.019444444444444445
0 0.5481770833333334 0.2212962962962963 0.0265625 0.11296296296296297
2 0.5442708333333334 0.17962962962962964 0.008333333333333333 0.016666666666666666
