0 0.04244791666666667 0.12962962962962962 0.08385416666666666 0.12962962962962962
1 0.05963541666666666 0.08009259259259259 0.0140625 0.02314814814814815
1 0.07057291666666667 0.07962962962962963 0.011979166666666666 0.022222222222222223
0 0.11223958333333334 0.13935185185185187 0.0484375 0.08055555555555556
1 0.12161458333333333 0.11203703703703705 0.0078125 0.014814814814814815
1 0.12708333333333333 0.10833333333333334 0.00625 0.012962962962962964
0 0.14036458333333332 0.14675925925925926 0.024479166666666666 0.0638888888888889
1 0.14583333333333334 0.12222222222222223 0.005208333333333333 0.011111111111111112
0 0.15677083333333333 0.14675925925925926 0.014583333333333334 0.05277777777777778
1 0.15911458333333334 0.1277777777777778 0.005729166666666666 0.011111111111111112
