0 0.11015625 0.12222222222222223 0.0734375 0.2240740740740741
0 0.0140625 0.1277777777777778 0.027083333333333334 0.11481481481481481
0 0.05364583333333333 0.13055555555555556 0.03333333333333333 0.12407407407407407
0 0.1671875 0.12731481481481483 0.040625 0.1287037037037037
0 0.19401041666666666 0.12638888888888888 0.0265625 0.09537037037037037
2 0.1921875 0.08657407407407408 0.00625 0.012037037037037037
2 0.16015625 0.07268518518518519 0.008854166666666666 0.015740740740740743
2 0.10885416666666667 0.02777777777777778 0.016666666666666666 0.02592592592592593
2 0.05364583333333333 0.07962962962962963 0.008333333333333333 0.014814814814814815
2 0.010677083333333334 0.08055555555555556 0.005729166666666666 0.012962962962962964
