0 0.2830729166666667 0.362962962962963 0.0984375 0.2925925925925926
0 0.37890625 0.3453703703703704 0.0609375 0.3111111111111111
0 0.48463541666666665 0.3490740740740741 0.15364583333333334 0.2888888888888889
0 0.19244791666666666 0.3472222222222222 0.0765625 0.2777777777777778
0 0.043229166666666666 0.3592592592592593 0.08229166666666667 0.3037037037037037
0 0.1109375 0.35694444444444445 0.05520833333333333 0.24722222222222223
2 0.04505208333333333 0.2550925925925926 0.024479166666666666 0.05462962962962963
2 0.10546875 0.2587962962962963 0.019270833333333334 0.03425925925925926
1 0.18046875 0.23796296296296296 0.028645833333333332 0.05185185185185186
1 0.27421875 0.24814814814814815 0.028645833333333332 0.053703703703703705
1 0.37578125 0.21805555555555556 0.0265625 0.05277777777777778
1 0.48723958333333334 0.23240740740740742 0.0328125 0.05555555555555556
