0 0.030729166666666665 0.11388888888888889 0.053125 0.21481481481481482
0 0.18984375 0.14444444444444446 0.030729166666666665 0.11111111111111112
0 0.090625 0.12222222222222223 0.04583333333333333 0.16481481481481483
0 0.12838541666666667 0.1287037037037037 0.033854166666666664 0.1462962962962963
2 0.03125 0.026851851851851852 0.0125 0.02777777777777778
2 0.03984375 0.025462962962962965 0.008854166666666666 0.026851851851851852
2 0.08958333333333333 0.05416666666666667 0.010416666666666666 0.02314814814814815
2 0.09609375 0.052314814814814814 0.0046875 0.019444444444444445
2 0.10104166666666667 0.05416666666666667 0.007291666666666667 0.021296296296296296
1 0.18723958333333332 0.10601851851851853 0.0109375 0.019444444444444445
2 0.19244791666666666 0.09907407407407408 0.005729166666666666 0.014814814814814815
2 0.12786458333333334 0.07037037037037037 0.009895833333333333 0.022222222222222223
2 0.13203125 0.06620370370370371 0.0067708333333333336 0.019444444444444445
