0 0.18072916666666666 0.10370370370370371 0.04791666666666666 0.17407407407407408
2 0.18229166666666666 0.049074074074074076 0.014583333333333334 0.024074074074074074
2 0.17473958333333334 0.03287037037037037 0.013020833333333334 0.028703703703703703
0 0.058854166666666666 0.10416666666666667 0.05416666666666667 0.20092592592592592
2 0.058333333333333334 0.034722222222222224 0.014583333333333334 0.032407407407407406
2 0.06875 0.02361111111111111 0.014583333333333334 0.032407407407407406
0 0.10781249999999999 0.08240740740740742 0.0375 0.12222222222222223
1 0.10572916666666667 0.03564814814814815 0.009375 0.019444444444444445
0 0.027604166666666666 0.10787037037037038 0.03229166666666666 0.18425925925925926
2 0.032552083333333336 0.031481481481481485 0.011979166666666666 0.02592592592592593
