0 0.2911458333333333 0.250462962962963 0.07708333333333334 0.2064814814814815
0 0.3223958333333333 0.23425925925925928 0.053125 0.17037037037037037
0 0.22369791666666666 0.25277777777777777 0.0640625 0.1851851851851852
0 0.17369791666666667 0.2587962962962963 0.058854166666666666 0.19907407407407407
0 0.07916666666666666 0.27361111111111114 0.08958333333333333 0.23611111111111113
0 0.10911458333333333 0.22361111111111112 0.04010416666666666 0.14907407407407408
0 0.13854166666666667 0.1925925925925926 0.03125 0.11296296296296297
0 0.19114583333333332 0.18055555555555555 0.029166666666666667 0.07962962962962963
1 0.22005208333333334 0.17500000000000002 0.015104166666666667 0.02777777777777778
1 0.28671875 0.16666666666666669 0.0171875 0.03333333333333333
1 0.3052083333333333 0.16527777777777777 0.016666666666666666 0.028703703703703703
1 0.17109375 0.17592592592592593 0.0171875 0.02962962962962963
1 0.07526041666666666 0.1763888888888889 0.0234375 0.03981481481481482
1 0.10729166666666666 0.16064814814814815 0.0125 0.026851851851851852
1 0.1390625 0.14814814814814814 0.009375 0.022222222222222223
1 0.18932291666666667 0.15185185185185185 0.009895833333333333 0.020370370370370372
