0 0.3260416666666667 0.3523148148148148 0.042708333333333334 0.18611111111111112
0 0.38255208333333335 0.24166666666666667 0.0515625 0.10925925925925926
0 0.18880208333333334 0.22083333333333335 0.022395833333333334 0.09537037037037037
0 0.20703125 0.22870370370370371 0.030729166666666665 0.0962962962962963
0 0.26171875 0.24861111111111112 0.0359375 0.10833333333333334
0 0.30859375 0.24861111111111112 0.030729166666666665 0.11203703703703705
0 0.47942708333333334 0.23750000000000002 0.04635416666666667 0.10833333333333334
2 0.32447916666666665 0.27870370370370373 0.014583333333333334 0.031481481481481485
2 0.3841145833333333 0.1953703703703704 0.009895833333333333 0.012962962962962964
2 0.4783854166666667 0.19490740740740742 0.008854166666666666 0.019444444444444445
2 0.48671875 0.19490740740740742 0.0078125 0.015740740740740743
2 0.31015625 0.20462962962962963 0.008854166666666666 0.020370370370370372
2 0.2638020833333333 0.2013888888888889 0.008854166666666666 0.012037037037037037
1 0.20833333333333334 0.1925925925925926 0.010416666666666666 0.022222222222222223
2 0.190625 0.1800925925925926 0.007291666666666667 0.01388888888888889
