0 0.01796875 0.11388888888888889 0.028645833333333332 0.09074074074074075
0 0.04583333333333333 0.1125 0.026041666666666668 0.08611111111111111
0 0.07447916666666667 0.11157407407407408 0.021875 0.08611111111111111
0 0.09921875 0.11157407407407408 0.025520833333333333 0.08611111111111111
0 0.121875 0.10787037037037038 0.021875 0.09351851851851853
0 0.14661458333333333 0.10324074074074074 0.022395833333333334 0.09722222222222222
0 0.17057291666666666 0.10416666666666667 0.0203125 0.09166666666666667
0 0.19322916666666667 0.10416666666666667 0.022916666666666665 0.09537037037037037
2 0.01953125 0.07962962962962963 0.005729166666666666 0.011111111111111112
2 0.02395833333333333 0.07916666666666666 0.004166666666666667 0.010185185185185186
2 0.04791666666666666 0.08101851851851852 0.005208333333333333 0.012037037037037037
2 0.053906249999999996 0.07824074074074075 0.005729166666666666 0.01388888888888889
2 0.07317708333333334 0.07916666666666666 0.005729166666666666 0.012037037037037037
2 0.09765625 0.07916666666666666 0.005729166666666666 0.008333333333333333
2 0.12265625 0.07916666666666666 0.005729166666666666 0.010185185185185186
2 0.12395833333333334 0.06805555555555556 0.005208333333333333 0.010185185185185186
2 0.14739583333333334 0.07685185185185185 0.005208333333333333 0.009259259259259259
2 0.15130208333333334 0.061111111111111116 0.0067708333333333336 0.009259259259259259
2 0.16796875 0.06481481481481481 0.0067708333333333336 0.011111111111111112
2 0.16979166666666667 0.07685185185185185 0.005208333333333333 0.012962962962962964
2 0.190625 0.06342592592592593 0.00625 0.010185185185185186
2 0.19270833333333334 0.07453703703703704 0.00625 0.01388888888888889
