2 0.19010416666666666 0.6513888888888889 0.013541666666666667 0.025
2 0.23984375 0.6476851851851853 0.01614583333333333 0.032407407407407406
2 0.6809895833333334 0.5787037037037037 0.009895833333333333 0.018518518518518517
2 0.75390625 0.5745370370370371 0.008854166666666666 0.012037037037037037
1 0.7671875 0.575462962962963 0.008333333333333333 0.01388888888888889
0 0.7583333333333333 0.6194444444444445 0.03958333333333333 0.11111111111111112
0 0.17734375 0.7268518518518519 0.0765625 0.1851851851851852
0 0.2421875 0.7180555555555556 0.09375 0.18425925925925926
0 0.7674479166666667 0.6134259259259259 0.0328125 0.09537037037037037
0 0.6822916666666666 0.638888888888889 0.04479166666666667 0.1537037037037037
