2 0.2453125 0.6430555555555556 0.015625 0.032407407407407406
1 0.5377604166666666 0.5935185185185186 0.009895833333333333 0.02777777777777778
1 0.7635416666666667 0.5773148148148148 0.008333333333333333 0.021296296296296296
1 0.8552083333333333 0.5648148148148149 0.010416666666666666 0.02592592592592593
1 0.9671875 0.5513888888888889 0.010416666666666666 0.015740740740740743
0 0.17447916666666666 0.7282407407407407 0.06875 0.18611111111111112
0 0.23697916666666666 0.7222222222222222 0.09479166666666666 0.18703703703703706
0 0.5364583333333334 0.6587962962962963 0.06354166666666666 0.1638888888888889
0 0.8526041666666666 0.6097222222222223 0.034375 0.1175925925925926
0 0.76796875 0.6162037037037037 0.03177083333333333 0.09907407407407408
