1 0.13567708333333334 0.6518518518518519 0.030729166666666665 0.061111111111111116
1 0.3072916666666667 0.6333333333333333 0.029166666666666667 0.05555555555555556
2 0.22395833333333334 0.662962962962963 0.01875 0.037037037037037035
2 0.1875 0.650462962962963 0.013541666666666667 0.028703703703703703
1 0.7658854166666667 0.5787037037037037 0.0078125 0.014814814814814815
0 0.17552083333333332 0.7273148148148149 0.07708333333333334 0.18611111111111112
0 0.23697916666666666 0.7268518518518519 0.09479166666666666 0.17777777777777778
0 0.11953124999999999 0.762962962962963 0.14114583333333333 0.27592592592592596
0 0.28463541666666664 0.7467592592592592 0.1109375 0.27685185185185185
0 0.7692708333333333 0.6148148148148148 0.0375 0.10185185185185186
