2 0.18958333333333333 0.650462962962963 0.016666666666666666 0.032407407407407406
2 0.24557291666666667 0.6458333333333334 0.015104166666666667 0.026851851851851852
1 0.35052083333333334 0.6240740740740741 0.019791666666666666 0.037037037037037035
1 0.36302083333333335 0.6185185185185186 0.013541666666666667 0.031481481481481485
1 0.7674479166666667 0.575462962962963 0.009895833333333333 0.017592592592592594
1 0.8364583333333333 0.562962962962963 0.009375 0.022222222222222223
0 0.17604166666666665 0.7268518518518519 0.08020833333333333 0.1851851851851852
0 0.23671875 0.7231481481481482 0.09635416666666667 0.1851851851851852
0 0.34453125 0.7083333333333334 0.0984375 0.2240740740740741
0 0.7692708333333333 0.6143518518518519 0.0375 0.10092592592592593
0 0.8385416666666666 0.6046296296296296 0.041666666666666664 0.10925925925925926
