2 0.19088541666666667 0.6513888888888889 0.015104166666666667 0.032407407407407406
2 0.24010416666666667 0.6467592592592593 0.015625 0.030555555555555558
1 0.5533854166666666 0.6013888888888889 0.0109375 0.02314814814814815
1 0.92578125 0.5967592592592593 0.019270833333333334 0.030555555555555558
1 0.9419270833333333 0.6032407407407407 0.0171875 0.03425925925925926
1 0.9270833333333334 0.55 0.009375 0.018518518518518517
0 0.9450520833333333 0.7064814814814815 0.07864583333333333 0.24814814814814815
0 0.17447916666666666 0.7282407407407407 0.06666666666666667 0.18611111111111112
0 0.23541666666666666 0.7231481481481482 0.0875 0.18888888888888888
0 0.5536458333333333 0.6583333333333333 0.046875 0.1388888888888889
0 0.9270833333333334 0.5925925925925926 0.0375 0.11111111111111112
