1 0.14635416666666667 0.6467592592592593 0.028125 0.04722222222222222
2 0.6143229166666666 0.5967592592592593 0.008854166666666666 0.017592592592592594
2 0.6484375 0.5898148148148148 0.011458333333333333 0.022222222222222223
2 0.6565104166666667 0.5888888888888889 0.009895833333333333 0.016666666666666666
2 0.6442708333333333 0.611574074074074 0.009375 0.012037037037037037
1 0.703125 0.6064814814814815 0.021875 0.04259259259259259
1 0.7197916666666666 0.6148148148148148 0.025 0.03888888888888889
1 0.8013020833333333 0.5745370370370371 0.0171875 0.030555555555555558
1 0.8117187499999999 0.5657407407407408 0.013020833333333334 0.02962962962962963
1 0.9763020833333333 0.5476851851851852 0.008854166666666666 0.010185185185185186
1 0.9520833333333333 0.5504629629629629 0.007291666666666667 0.010185185185185186
0 0.14375 0.7560185185185185 0.13854166666666667 0.26944444444444443
0 0.6533854166666666 0.6523148148148148 0.06197916666666667 0.15092592592592594
0 0.8028645833333333 0.6263888888888889 0.05364583333333333 0.14907407407407408
0 0.7223958333333333 0.7305555555555556 0.09895833333333333 0.3037037037037037
0 0.97421875 0.5856481481481481 0.0265625 0.09166666666666667
