2 0.06744791666666666 0.7740740740740741 0.0609375 0.0925925925925926
2 0.1890625 0.6518518518518519 0.016666666666666666 0.02592592592592593
2 0.24270833333333333 0.6449074074074075 0.015625 0.028703703703703703
1 0.5213541666666667 0.5907407407407408 0.014583333333333334 0.02777777777777778
2 0.9026041666666667 0.5578703703703703 0.014583333333333334 0.02314814814814815
1 0.7674479166666667 0.576388888888889 0.009895833333333333 0.01388888888888889
0 0.23671875 0.725925925925926 0.08802083333333333 0.20370370370370372
0 0.9052083333333333 0.6194444444444445 0.04791666666666666 0.14814814814814814
0 0.12395833333333334 0.8578703703703704 0.24270833333333333 0.28425925925925927
0 0.7674479166666667 0.6138888888888889 0.0359375 0.1
