2 0.240625 0.6430555555555556 0.020833333333333332 0.030555555555555558
2 0.1921875 0.6527777777777778 0.01875 0.03333333333333333
2 0.7473958333333334 0.5768518518518518 0.008333333333333333 0.018518518518518517
1 0.8817708333333333 0.5625 0.009375 0.017592592592592594
1 0.8908854166666667 0.5611111111111111 0.0067708333333333336 0.014814814814814815
1 0.9578125 0.5800925925925926 0.017708333333333333 0.030555555555555558
2 0.94765625 0.5888888888888889 0.0140625 0.02777777777777778
1 0.7802083333333333 0.5768518518518518 0.009375 0.014814814814814815
1 0.78671875 0.5671296296296297 0.008854166666666666 0.01388888888888889
0 0.959375 0.663425925925926 0.059375 0.20462962962962963
0 0.7463541666666667 0.6333333333333333 0.04895833333333333 0.14074074074074075
0 0.8859374999999999 0.6 0.036458333333333336 0.10555555555555556
0 0.17708333333333334 0.7263888888888889 0.075 0.18981481481481483
0 0.23463541666666665 0.7189814814814816 0.09739583333333333 0.19351851851851853
0 0.7833333333333333 0.6097222222222223 0.03958333333333333 0.10277777777777779
