1 0.475 0.6055555555555556 0.014583333333333334 0.031481481481481485
2 0.23307291666666666 0.6435185185185185 0.018229166666666668 0.02777777777777778
2 0.17864583333333334 0.6541666666666667 0.016666666666666666 0.028703703703703703
1 0.7744791666666666 0.5782407407407407 0.0125 0.02314814814814815
1 0.8283854166666667 0.5930555555555556 0.025520833333333333 0.03796296296296296
1 0.9546875 0.5504629629629629 0.011458333333333333 0.019444444444444445
1 0.7432291666666666 0.5587962962962963 0.013541666666666667 0.015740740740740743
1 0.15859375 0.8583333333333334 0.08385416666666666 0.15555555555555556
0 0.1765625 0.7263888888888889 0.08020833333333333 0.19351851851851853
0 0.234375 0.7208333333333333 0.09895833333333333 0.19351851851851853
0 0.8361979166666667 0.6824074074074075 0.0671875 0.21851851851851853
0 0.8901041666666667 0.5916666666666667 0.03125 0.09444444444444444
0 0.4713541666666667 0.6842592592592592 0.07604166666666666 0.19074074074074074
0 0.775 0.6263888888888889 0.042708333333333334 0.13055555555555556
0 0.9562499999999999 0.5902777777777778 0.040625 0.10833333333333334
0 0.7424479166666667 0.5944444444444444 0.0421875 0.0962962962962963
0 0.7674479166666667 0.6166666666666667 0.0328125 0.09814814814814815
