1 0.8830729166666667 0.6287037037037038 0.030729166666666665 0.040740740740740744
1 0.34088541666666666 0.6402777777777778 0.0296875 0.04537037037037037
1 0.7114583333333333 0.5796296296296296 0.015625 0.02962962962962963
2 0.2328125 0.6476851851851853 0.015625 0.026851851851851852
2 0.18098958333333334 0.6550925925925927 0.0140625 0.025
1 0.7666666666666666 0.575925925925926 0.009375 0.012962962962962964
1 0.7848958333333333 0.5675925925925926 0.009375 0.018518518518518517
1 0.9268229166666666 0.5504629629629629 0.0067708333333333336 0.012037037037037037
0 0.17708333333333334 0.7263888888888889 0.07916666666666666 0.19351851851851853
0 0.23307291666666666 0.7208333333333333 0.09427083333333333 0.19166666666666668
0 0.89140625 0.7611111111111112 0.08697916666666666 0.31851851851851853
0 0.9294270833333333 0.5865740740740741 0.027604166666666666 0.08796296296296297
0 0.34140625 0.7217592592592593 0.09947916666666666 0.21203703703703705
0 0.7143229166666667 0.6398148148148148 0.0640625 0.15925925925925927
0 0.7864583333333334 0.6037037037037037 0.042708333333333334 0.10740740740740741
0 0.7674479166666667 0.6166666666666667 0.0328125 0.09814814814814815
