2 0.178125 0.6509259259259259 0.013541666666666667 0.031481481481481485
2 0.2359375 0.649537037037037 0.011458333333333333 0.030555555555555558
2 0.58984375 0.5990740740740741 0.009895833333333333 0.020370370370370372
2 0.60546875 0.5953703703703704 0.0109375 0.020370370370370372
2 0.7760416666666666 0.638425925925926 0.017708333333333333 0.05277777777777778
1 0.7921875 0.6398148148148148 0.015625 0.0462962962962963
1 0.7494791666666667 0.5703703703703704 0.010416666666666666 0.022222222222222223
1 0.9135416666666667 0.5546296296296297 0.009375 0.016666666666666666
1 0.7666666666666666 0.5745370370370371 0.00625 0.017592592592592594
0 0.17682291666666666 0.7287037037037037 0.0765625 0.18888888888888888
0 0.23124999999999998 0.7231481481481482 0.09479166666666666 0.1925925925925926
0 0.7817708333333333 0.7689814814814815 0.109375 0.32685185185185184
0 0.5908854166666666 0.6671296296296296 0.07239583333333333 0.17314814814814816
0 0.7471354166666666 0.6166666666666667 0.0328125 0.12037037037037038
0 0.9119791666666667 0.5921296296296297 0.030208333333333334 0.09722222222222222
0 0.7671875 0.6166666666666667 0.03333333333333333 0.09814814814814815
