2 0.6033854166666667 0.5708333333333333 0.034895833333333334 0.058333333333333334
2 0.25416666666666665 0.512962962962963 0.01875 0.03518518518518519
2 0.25338541666666664 0.46944444444444444 0.01614583333333333 0.02777777777777778
1 0.09348958333333333 0.500925925925926 0.018229166666666668 0.03518518518518519
2 0.0484375 0.4981481481481482 0.011458333333333333 0.02592592592592593
0 0.2520833333333333 0.5962962962962963 0.07708333333333334 0.20925925925925926
0 0.10208333333333333 0.5907407407407408 0.06458333333333333 0.22037037037037038
0 0.6013020833333333 0.7199074074074074 0.14114583333333333 0.3527777777777778
0 0.052083333333333336 0.5643518518518519 0.046875 0.16944444444444445
0 0.25625 0.5314814814814816 0.05625 0.15925925925925927
