2 0.11328125 0.5166666666666667 0.0140625 0.03888888888888889
2 0.10234375 0.5125000000000001 0.009895833333333333 0.030555555555555558
2 0.08046875 0.4777777777777778 0.015104166666666667 0.018518518518518517
1 0.14609375 0.475462962962963 0.018229166666666668 0.028703703703703703
2 0.34088541666666666 0.5074074074074074 0.022395833333333334 0.03333333333333333
1 0.8682291666666666 0.587037037037037 0.03333333333333333 0.07222222222222223
0 0.08203125 0.5236111111111111 0.03697916666666667 0.11944444444444445
0 0.14322916666666666 0.5370370370370371 0.042708333333333334 0.14814814814814814
0 0.8885416666666667 0.762962962962963 0.16875 0.4240740740740741
0 0.11770833333333333 0.6027777777777777 0.065625 0.21851851851851853
0 0.3455729166666667 0.6074074074074074 0.0765625 0.23148148148148148
