1 0.3234375 0.5773148148148148 0.030208333333333334 0.0787037037037037
1 0.29583333333333334 0.6046296296296296 0.022916666666666665 0.06296296296296297
1 0.18411458333333333 0.5300925925925926 0.0234375 0.06018518518518519
1 0.01875 0.4708333333333333 0.013541666666666667 0.015740740740740743
2 0.10807291666666667 0.4810185185185185 0.01614583333333333 0.025
1 0.05286458333333333 0.4791666666666667 0.019270833333333334 0.02314814814814815
0 0.16979166666666667 0.5657407407407408 0.06145833333333333 0.17592592592592593
0 0.29583333333333334 0.6092592592592593 0.08020833333333333 0.2240740740740741
0 0.019270833333333334 0.5189814814814815 0.03229166666666666 0.11574074074074074
0 0.05572916666666666 0.5398148148148149 0.03958333333333333 0.14444444444444446
0 0.33567708333333335 0.7277777777777779 0.1390625 0.3703703703703704
0 0.19010416666666666 0.6157407407407408 0.08645833333333333 0.24074074074074076
0 0.10625 0.5296296296296297 0.036458333333333336 0.12407407407407407
