1 0.3140625 0.5888888888888889 0.021875 0.0462962962962963
1 0.29296875 0.575925925925926 0.019270833333333334 0.044444444444444446
1 0.2630208333333333 0.6222222222222222 0.034375 0.05925925925925926
1 0.18854166666666666 0.687962962962963 0.040625 0.06296296296296297
1 0.9591145833333333 0.6685185185185185 0.024479166666666666 0.06481481481481481
1 0.9822916666666667 0.6717592592592593 0.028125 0.06574074074074074
1 0.9104166666666667 0.5518518518518519 0.013541666666666667 0.02962962962962963
0 0.32057291666666665 0.6722222222222223 0.1140625 0.2240740740740741
0 0.2716145833333333 0.736574074074074 0.1703125 0.275
0 0.90390625 0.6 0.0390625 0.12407407407407407
0 0.9328124999999999 0.8050925925925926 0.134375 0.3175925925925926
0 0.20052083333333334 0.826388888888889 0.1125 0.3472222222222222
