1 0.6315104166666666 0.6217592592592592 0.024479166666666666 0.04722222222222222
1 0.8166666666666667 0.5662037037037038 0.015625 0.032407407407407406
1 0.521875 0.5861111111111111 0.025 0.031481481481481485
1 0.4890625 0.6018518518518519 0.027083333333333334 0.03888888888888889
1 0.46015625 0.5958333333333333 0.024479166666666666 0.04351851851851852
1 0.19505208333333332 0.6888888888888889 0.04010416666666666 0.061111111111111116
2 0.63515625 0.5675925925925926 0.018229166666666668 0.031481481481481485
0 0.49635416666666665 0.6875 0.14375 0.23055555555555557
0 0.6497395833333334 0.7328703703703704 0.1453125 0.26203703703703707
0 0.8130208333333333 0.6180555555555556 0.046875 0.13796296296296298
0 0.5140625 0.6671296296296296 0.078125 0.20092592592592592
0 0.20026041666666666 0.8268518518518518 0.11197916666666667 0.3462962962962963
