2 0.72265625 0.6518518518518519 0.022395833333333334 0.05
2 0.75546875 0.6592592592592593 0.03177083333333333 0.040740740740740744
1 0.11484375 0.7398148148148148 0.04635416666666667 0.07777777777777778
1 0.18671875 0.5282407407407408 0.009895833333333333 0.019444444444444445
1 0.17395833333333333 0.5287037037037037 0.009375 0.022222222222222223
1 0.10598958333333333 0.524537037037037 0.008854166666666666 0.021296296296296296
1 0.09036458333333333 0.5268518518518519 0.008854166666666666 0.016666666666666666
0 0.17682291666666666 0.5796296296296296 0.044270833333333336 0.1277777777777778
0 0.09505208333333333 0.5847222222222223 0.04114583333333333 0.14351851851851852
0 0.7153645833333333 0.7662037037037037 0.12864583333333332 0.275
