2 0.3684895833333333 0.6101851851851852 0.021354166666666667 0.04259259259259259
2 0.35234375 0.6037037037037037 0.019270833333333334 0.03333333333333333
1 0.39739583333333334 0.5652777777777778 0.01875 0.028703703703703703
1 0.22578125 0.5347222222222222 0.0140625 0.026851851851851852
2 0.20911458333333333 0.5236111111111111 0.013020833333333334 0.02314814814814815
1 0.14114583333333333 0.525 0.013541666666666667 0.024074074074074074
1 0.98125 0.625925925925926 0.02395833333333333 0.05
2 0.6 0.5740740740740741 0.0125 0.02962962962962963
0 0.22239583333333332 0.600925925925926 0.05416666666666667 0.15555555555555556
0 0.12916666666666665 0.5810185185185185 0.040625 0.1398148148148148
0 0.21119791666666665 0.5805555555555556 0.04739583333333333 0.1425925925925926
0 0.06744791666666666 0.5583333333333333 0.03802083333333333 0.12592592592592594
0 0.37421875 0.7138888888888889 0.08489583333333334 0.26296296296296295
0 0.39739583333333334 0.6486111111111111 0.07604166666666666 0.20462962962962963
0 0.5872395833333334 0.6375000000000001 0.1046875 0.16203703703703703
0 0.9614583333333333 0.7347222222222223 0.07708333333333334 0.25833333333333336
