2 0.61015625 0.675 0.024479166666666666 0.061111111111111116
2 0.5838541666666667 0.6606481481481482 0.022916666666666665 0.05462962962962963
1 0.06302083333333333 0.5111111111111112 0.010416666666666666 0.022222222222222223
1 0.0890625 0.512962962962963 0.008333333333333333 0.014814814814814815
2 0.41119791666666666 0.5462962962962963 0.0140625 0.020370370370370372
2 0.5239583333333333 0.5662037037037038 0.015625 0.030555555555555558
1 0.98125 0.6273148148148149 0.020833333333333332 0.049074074074074076
0 0.08776041666666666 0.563425925925926 0.0390625 0.12314814814814816
0 0.054947916666666666 0.5527777777777778 0.03177083333333333 0.11111111111111112
0 0.12760416666666666 0.5564814814814815 0.035416666666666666 0.12037037037037038
0 0.62578125 0.8143518518518519 0.1421875 0.36574074074074076
0 0.17265625 0.5875 0.049479166666666664 0.14537037037037037
0 0.5104166666666666 0.6291666666666667 0.10729166666666666 0.16203703703703703
0 0.96171875 0.7347222222222223 0.0765625 0.25833333333333336
