1 0.10833333333333334 0.6037037037037037 0.026041666666666668 0.044444444444444446
1 0.10494791666666667 0.55 0.01614583333333333 0.03333333333333333
1 0.0859375 0.5601851851851852 0.01875 0.02777777777777778
1 0.01015625 0.5541666666666667 0.0203125 0.028703703703703703
2 0.6375 0.5662037037037038 0.010416666666666666 0.025
1 0.7192708333333333 0.6398148148148148 0.022916666666666665 0.04814814814814815
1 0.6927083333333334 0.6245370370370371 0.017708333333333333 0.03425925925925926
1 0.7458333333333333 0.5824074074074075 0.013541666666666667 0.03333333333333333
2 0.9236979166666667 0.5856481481481481 0.015104166666666667 0.02314814814814815
0 0.92578125 0.650462962962963 0.07447916666666667 0.15833333333333333
0 0.7434895833333334 0.649537037037037 0.05260416666666667 0.16944444444444445
0 0.6986979166666667 0.7226851851851852 0.1171875 0.23611111111111113
0 0.11328125 0.7000000000000001 0.0796875 0.24629629629629632
