2 0.06276041666666667 0.5212962962962964 0.005729166666666666 0.012962962962962964
2 0.07239583333333333 0.5162037037037037 0.008333333333333333 0.01388888888888889
1 0.16067708333333333 0.6282407407407408 0.024479166666666666 0.049074074074074076
1 0.11276041666666667 0.7328703703703704 0.0328125 0.06759259259259259
2 0.8375 0.5680555555555555 0.011458333333333333 0.019444444444444445
1 0.39817708333333335 0.5509259259259259 0.0140625 0.022222222222222223
0 0.3950520833333333 0.6138888888888889 0.0453125 0.13518518518518519
0 0.06197916666666667 0.5675925925925926 0.03958333333333333 0.12037037037037038
0 0.8359375 0.6231481481481481 0.03958333333333333 0.13703703703703704
0 0.16380208333333332 0.7449074074074075 0.09114583333333333 0.28425925925925927
