1 0.2872395833333333 0.6490740740740741 0.03177083333333333 0.05925925925925926
2 0.2630208333333333 0.6782407407407408 0.01875 0.04166666666666667
2 0.2421875 0.6796296296296297 0.019791666666666666 0.040740740740740744
1 0.08828125 0.5375 0.013020833333333334 0.021296296296296296
2 0.07552083333333333 0.5365740740740741 0.010416666666666666 0.02314814814814815
1 0.025260416666666667 0.5435185185185185 0.01614583333333333 0.031481481481481485
1 0.3403645833333333 0.5421296296296296 0.015104166666666667 0.021296296296296296
2 0.6872395833333333 0.5666666666666667 0.011979166666666666 0.02592592592592593
0 0.2950520833333333 0.8009259259259259 0.21927083333333333 0.3592592592592593
0 0.33619791666666665 0.6032407407407407 0.06822916666666666 0.14537037037037037
0 0.08463541666666667 0.600462962962963 0.05260416666666667 0.1564814814814815
0 0.028906249999999998 0.6125 0.0484375 0.16944444444444445
