1 0.8734375 0.7171296296296297 0.04375 0.08611111111111111
1 0.40625 0.5745370370370371 0.016666666666666666 0.028703703703703703
1 0.08098958333333334 0.5444444444444445 0.0140625 0.02962962962962963
1 0.06484375 0.5115740740740741 0.011979166666666666 0.01388888888888889
1 0.16458333333333333 0.5472222222222223 0.019791666666666666 0.03333333333333333
0 0.05963541666666666 0.5546296296296297 0.0390625 0.11111111111111112
0 0.6497395833333334 0.6435185185185185 0.0921875 0.1537037037037037
0 0.4049479166666667 0.6347222222222223 0.05364583333333333 0.1564814814814815
0 0.17083333333333334 0.6236111111111111 0.05520833333333333 0.18425925925925926
0 0.07604166666666666 0.6185185185185186 0.04375 0.17962962962962964
0 0.8752604166666667 0.8398148148148148 0.21197916666666666 0.32037037037037036
