1 0.16171875 0.736574074074074 0.03802083333333333 0.06018518518518519
1 0.13151041666666666 0.7101851851851853 0.04010416666666666 0.06851851851851852
2 0.034375 0.5328703703703704 0.015625 0.036111111111111115
2 0.4578125 0.6027777777777777 0.021875 0.031481481481481485
2 0.9268229166666666 0.5916666666666667 0.009895833333333333 0.018518518518518517
2 0.9395833333333333 0.5953703703703704 0.010416666666666666 0.020370370370370372
1 0.9518229166666666 0.5939814814814816 0.015104166666666667 0.025
0 0.9484374999999999 0.6574074074074074 0.06979166666666667 0.16111111111111112
0 0.43697916666666664 0.6819444444444445 0.09166666666666666 0.19166666666666668
0 0.03567708333333333 0.5953703703703704 0.0453125 0.1537037037037037
0 0.15572916666666667 0.8388888888888889 0.13958333333333334 0.32222222222222224
