1 0.10104166666666667 0.5888888888888889 0.020833333333333332 0.044444444444444446
2 0.0875 0.5851851851851853 0.0125 0.03333333333333333
1 0.18958333333333333 0.6861111111111111 0.03854166666666667 0.05740740740740741
1 0.32447916666666665 0.5842592592592593 0.019791666666666666 0.03518518518518519
1 0.22421875 0.5453703703703704 0.013020833333333334 0.018518518518518517
0 0.32369791666666664 0.6726851851851852 0.0796875 0.2175925925925926
0 0.221875 0.6037037037037037 0.05416666666666667 0.1425925925925926
0 0.9403645833333333 0.5972222222222222 0.0296875 0.10925925925925926
0 0.10286458333333333 0.6847222222222222 0.0734375 0.23981481481481481
0 0.2015625 0.8291666666666667 0.11458333333333333 0.3416666666666667
