1 0.5794270833333334 0.662962962962963 0.021354166666666667 0.053703703703703705
1 0.559375 0.6032407407407407 0.01875 0.032407407407407406
1 0.28072916666666664 0.65 0.025 0.053703703703703705
1 0.2635416666666667 0.6347222222222223 0.026041666666666668 0.04537037037037037
1 0.31536458333333334 0.5365740740740741 0.009895833333333333 0.025
2 0.6276041666666666 0.5745370370370371 0.009375 0.02314814814814815
0 0.3145833333333333 0.5916666666666667 0.06458333333333333 0.13333333333333333
0 0.59140625 0.788425925925926 0.13385416666666666 0.3027777777777778
0 0.29010416666666666 0.7736111111111111 0.103125 0.3212962962962963
0 0.5559895833333334 0.6875 0.08697916666666666 0.20833333333333334
