1 0.50078125 0.6138888888888889 0.0203125 0.044444444444444446
1 0.47213541666666664 0.6185185185185186 0.021354166666666667 0.0462962962962963
1 0.66796875 0.6310185185185185 0.03177083333333333 0.049074074074074076
1 0.6338541666666666 0.6393518518518518 0.022916666666666665 0.049074074074074076
1 0.27838541666666666 0.6814814814814815 0.0296875 0.05
2 0.78359375 0.6986111111111112 0.033854166666666664 0.049074074074074076
2 0.6234375 0.5907407407407408 0.0125 0.02777777777777778
0 0.4661458333333333 0.7236111111111111 0.1125 0.2564814814814815
0 0.6294270833333333 0.75 0.12239583333333333 0.2851851851851852
0 0.7705729166666666 0.8342592592592593 0.19114583333333332 0.3314814814814815
0 0.2903645833333333 0.8282407407407407 0.1140625 0.34351851851851856
0 0.71640625 0.6361111111111112 0.06614583333333333 0.15
