1 0.16692708333333334 0.6398148148148148 0.034895833333333334 0.05
1 0.39557291666666666 0.5921296296296297 0.018229166666666668 0.032407407407407406
1 0.3703125 0.5949074074074074 0.019791666666666666 0.04166666666666667
1 0.5364583333333334 0.6023148148148149 0.019791666666666666 0.036111111111111115
1 0.5046875 0.6138888888888889 0.022916666666666665 0.02962962962962963
2 0.50859375 0.6435185185185185 0.019270833333333334 0.03333333333333333
0 0.37057291666666664 0.6930555555555555 0.08385416666666666 0.23425925925925928
0 0.5041666666666667 0.7199074074074074 0.10833333333333334 0.2675925925925926
0 0.49973958333333335 0.7615740740740741 0.13489583333333333 0.28055555555555556
0 0.17395833333333333 0.7574074074074074 0.10104166666666667 0.2888888888888889
