1 0.12942708333333333 0.6708333333333334 0.03802083333333333 0.06944444444444445
1 0.5166666666666666 0.575925925925926 0.017708333333333333 0.03518518518518519
2 0.34713541666666664 0.5476851851851852 0.01614583333333333 0.02314814814814815
1 0.79296875 0.638425925925926 0.033854166666666664 0.04166666666666667
2 0.9143229166666667 0.5592592592592592 0.011979166666666666 0.020370370370370372
1 0.965625 0.7037037037037037 0.034375 0.06481481481481481
0 0.5125 0.6648148148148149 0.07916666666666666 0.20740740740740743
0 0.78203125 0.737962962962963 0.12135416666666667 0.2537037037037037
0 0.9192708333333334 0.8222222222222223 0.16145833333333334 0.3277777777777778
0 0.9130208333333333 0.6064814814814815 0.035416666666666666 0.12222222222222223
0 0.13984375 0.8078703703703703 0.0859375 0.3453703703703704
