1 0.061718749999999996 0.5111111111111112 0.013020833333333334 0.020370370370370372
1 0.22552083333333334 0.7680555555555556 0.041666666666666664 0.08981481481481482
1 0.18723958333333332 0.7564814814814815 0.034895833333333334 0.07037037037037037
2 0.19010416666666666 0.5787037037037037 0.0125 0.03518518518518519
2 0.17786458333333333 0.5750000000000001 0.011979166666666666 0.02777777777777778
1 0.13307291666666665 0.5337962962962963 0.0140625 0.026851851851851852
2 0.14322916666666666 0.5333333333333333 0.010416666666666666 0.02592592592592593
1 0.97734375 0.6953703703703704 0.030729166666666665 0.06481481481481481
0 0.057812499999999996 0.5550925925925926 0.03333333333333333 0.10833333333333334
0 0.13463541666666667 0.5907407407407408 0.04739583333333333 0.1388888888888889
0 0.22213541666666667 0.5921296296296297 0.057812499999999996 0.13240740740740742
0 0.19192708333333333 0.6523148148148148 0.07239583333333333 0.20462962962962963
0 0.21692708333333333 0.8597222222222223 0.12343749999999999 0.28055555555555556
