2 0.7682291666666666 0.6995370370370371 0.035416666666666666 0.06574074074074074
2 0.8075520833333333 0.7314814814814815 0.0328125 0.06666666666666667
1 0.3338541666666667 0.6592592592592593 0.030208333333333334 0.061111111111111116
2 0.28828125 0.638888888888889 0.0265625 0.061111111111111116
1 0.41744791666666664 0.5708333333333333 0.015104166666666667 0.036111111111111115
1 0.40208333333333335 0.5643518518518519 0.009375 0.028703703703703703
1 0.3302083333333333 0.5435185185185185 0.015625 0.02962962962962963
1 0.053385416666666664 0.5412037037037037 0.0140625 0.026851851851851852
2 0.68359375 0.563425925925926 0.008854166666666666 0.02314814814814815
0 0.33489583333333334 0.5925925925925926 0.053125 0.14444444444444446
0 0.3333333333333333 0.6046296296296296 0.07708333333333334 0.15
0 0.8190104166666666 0.8351851851851853 0.19635416666666666 0.32962962962962966
0 0.32890625 0.7925925925925926 0.1359375 0.362962962962963
0 0.39479166666666665 0.6449074074074075 0.075 0.19351851851851853
0 0.053906249999999996 0.6032407407407407 0.0453125 0.15833333333333333
