2 0.42890625 0.5861111111111111 0.01614583333333333 0.02777777777777778
2 0.6143229166666666 0.6300925925925926 0.019270833333333334 0.04351851851851852
2 0.5809895833333333 0.6314814814814815 0.0234375 0.0462962962962963
1 0.7109375 0.6055555555555556 0.01875 0.03333333333333333
1 0.6536458333333334 0.6018518518518519 0.016666666666666666 0.03518518518518519
1 0.6973958333333333 0.8125 0.05 0.09166666666666667
0 0.09375 0.5787037037037037 0.03854166666666667 0.12222222222222223
0 0.7083333333333334 0.6893518518518519 0.09166666666666666 0.19166666666666668
0 0.6544270833333333 0.6814814814814815 0.0546875 0.1962962962962963
0 0.69609375 0.8824074074074074 0.17760416666666667 0.2351851851851852
0 0.42942708333333335 0.6768518518518519 0.058854166666666666 0.20370370370370372
0 0.57421875 0.7407407407407408 0.11614583333333334 0.27037037037037037
