1 0.46588541666666666 0.650462962962963 0.028645833333333332 0.058333333333333334
1 0.5020833333333333 0.6615740740740741 0.03333333333333333 0.06018518518518519
1 0.30390625 0.6217592592592592 0.022395833333333334 0.05277777777777778
1 0.6252604166666667 0.6282407407407408 0.0234375 0.04537037037037037
1 0.8604166666666666 0.7064814814814815 0.040625 0.07962962962962963
1 0.8252604166666666 0.5643518518518519 0.011979166666666666 0.017592592592592594
0 0.8809895833333333 0.837962962962963 0.20572916666666666 0.32407407407407407
0 0.6114583333333333 0.737037037037037 0.09895833333333333 0.2574074074074074
0 0.5015625 0.812962962962963 0.13958333333333334 0.3740740740740741
0 0.31484375 0.7430555555555556 0.0921875 0.28240740740740744
0 0.8278645833333333 0.6189814814814815 0.0359375 0.13425925925925927
