2 0.5135416666666667 0.6185185185185186 0.022916666666666665 0.04814814814814815
2 0.6416666666666666 0.6194444444444445 0.015625 0.040740740740740744
2 0.6713541666666667 0.6277777777777778 0.017708333333333333 0.04259259259259259
2 0.62421875 0.5745370370370371 0.018229166666666668 0.030555555555555558
2 0.07630208333333333 0.5240740740740741 0.009895833333333333 0.018518518518518517
2 0.065625 0.525 0.009375 0.022222222222222223
1 0.95859375 0.8199074074074074 0.0515625 0.10462962962962963
0 0.5364583333333334 0.7550925925925926 0.15 0.3287037037037037
0 0.06640625 0.5796296296296296 0.043229166666666666 0.12962962962962962
0 0.6346354166666667 0.7185185185185186 0.1046875 0.2425925925925926
