1 0.28515625 0.6435185185185185 0.0296875 0.05
1 0.26145833333333335 0.6171296296296297 0.021875 0.05277777777777778
2 0.5388020833333333 0.6148148148148148 0.011979166666666666 0.02962962962962963
2 0.5526041666666667 0.6111111111111112 0.015625 0.044444444444444446
1 0.21953124999999998 0.5995370370370371 0.01614583333333333 0.04351851851851852
1 0.20390624999999998 0.5967592592592593 0.0265625 0.04537037037037037
2 0.62421875 0.5708333333333333 0.0109375 0.025
0 0.528125 0.7041666666666667 0.09479166666666666 0.22685185185185186
0 0.2703125 0.6231481481481481 0.06041666666666667 0.16296296296296298
0 0.28854166666666664 0.7652777777777778 0.10520833333333333 0.33055555555555555
0 0.23072916666666665 0.6962962962962963 0.09895833333333333 0.2388888888888889
0 0.25286458333333334 0.5902777777777778 0.08072916666666667 0.13055555555555556
