1 0.24036458333333333 0.5356481481481482 0.015104166666666667 0.015740740740740743
1 0.09479166666666666 0.5162037037037037 0.010416666666666666 0.01388888888888889
2 0.4125 0.6240740740740741 0.020833333333333332 0.044444444444444446
1 0.7346354166666667 0.7518518518518519 0.04635416666666667 0.07592592592592592
1 0.6875 0.7532407407407408 0.041666666666666664 0.075
1 0.8106770833333333 0.6444444444444445 0.028645833333333332 0.05185185185185186
1 0.77890625 0.6393518518518518 0.027604166666666666 0.04351851851851852
1 0.9091145833333333 0.5592592592592592 0.01614583333333333 0.02777777777777778
2 0.6216145833333333 0.5638888888888889 0.011979166666666666 0.020370370370370372
0 0.09348958333333333 0.5657407407407408 0.0359375 0.11851851851851852
0 0.22786458333333334 0.587962962962963 0.0765625 0.13148148148148148
0 0.9065104166666667 0.6092592592592593 0.0390625 0.12962962962962962
0 0.76015625 0.8555555555555556 0.20572916666666666 0.2888888888888889
0 0.4223958333333333 0.737037037037037 0.10416666666666667 0.27592592592592596
0 0.7630208333333334 0.7546296296296297 0.134375 0.27592592592592596
