1 0.29010416666666666 0.5675925925925926 0.013541666666666667 0.024074074074074074
1 0.31640625 0.5597222222222222 0.013020833333333334 0.030555555555555558
1 0.30182291666666666 0.5583333333333333 0.01614583333333333 0.02592592592592593
1 0.23489583333333333 0.5375 0.0125 0.017592592592592594
1 0.040364583333333336 0.5041666666666667 0.0078125 0.017592592592592594
1 0.825 0.5717592592592593 0.011458333333333333 0.026851851851851852
2 0.6169270833333333 0.5680555555555555 0.008854166666666666 0.017592592592592594
0 0.037760416666666664 0.5472222222222223 0.0296875 0.1
0 0.22578125 0.5875 0.07552083333333333 0.13055555555555556
0 0.82578125 0.6296296296296297 0.0453125 0.15185185185185185
0 0.9901041666666667 0.5856481481481481 0.019791666666666666 0.10277777777777779
0 0.2916666666666667 0.6277777777777778 0.071875 0.16666666666666669
0 0.2895833333333333 0.6476851851851853 0.07083333333333333 0.18425925925925926
