1 0.6721354166666667 0.4916666666666667 0.019270833333333334 0.03888888888888889
1 0.42864583333333334 0.46851851851851856 0.011458333333333333 0.02592592592592593
2 0.3578125 0.45925925925925926 0.010416666666666666 0.016666666666666666
1 0.11744791666666667 0.4587962962962963 0.013020833333333334 0.021296296296296296
1 0.09791666666666667 0.4481481481481482 0.009375 0.016666666666666666
0 0.21354166666666666 0.487962962962963 0.028125 0.08888888888888889
0 0.42473958333333334 0.5231481481481481 0.04635416666666667 0.13148148148148148
0 0.6736979166666667 0.5722222222222223 0.07135416666666666 0.19444444444444445
0 0.0984375 0.4759259259259259 0.017708333333333333 0.07222222222222223
0 0.11875 0.5111111111111112 0.035416666666666666 0.1277777777777778
0 0.35703125 0.5189814814814815 0.04635416666666667 0.14537037037037037
