2 0.9697916666666666 0.5439814814814815 0.025 0.07314814814814816
2 0.9177083333333333 0.5083333333333333 0.017708333333333333 0.040740740740740744
2 0.9052083333333333 0.5222222222222223 0.016666666666666666 0.037037037037037035
2 0.20677083333333332 0.4462962962962963 0.007291666666666667 0.012962962962962964
2 0.15442708333333333 0.44212962962962965 0.0046875 0.012037037037037037
1 0.10963541666666667 0.437962962962963 0.008854166666666666 0.012962962962962964
2 0.14296875 0.4444444444444445 0.0067708333333333336 0.014814814814814815
0 0.13802083333333334 0.4759259259259259 0.025 0.08333333333333334
0 0.20703125 0.48194444444444445 0.025520833333333333 0.09537037037037037
0 0.9078125 0.5995370370370371 0.11354166666666667 0.22685185185185186
0 0.9268229166666666 0.7152777777777778 0.14635416666666667 0.41203703703703703
