1 0.8182291666666667 0.5342592592592593 0.03854166666666667 0.05925925925925926
2 0.7541666666666667 0.5018518518518519 0.019791666666666666 0.02962962962962963
1 0.40781249999999997 0.4620370370370371 0.011458333333333333 0.024074074074074074
1 0.39869791666666665 0.46435185185185185 0.0078125 0.019444444444444445
2 0.20833333333333334 0.4532407407407408 0.010416666666666666 0.015740740740740743
2 0.196875 0.45555555555555555 0.010416666666666666 0.016666666666666666
0 0.19869791666666667 0.49722222222222223 0.04114583333333333 0.11666666666666667
0 0.39609375 0.5125000000000001 0.04635416666666667 0.13055555555555556
0 0.7442708333333333 0.5824074074074075 0.08125 0.20370370370370372
0 0.8174479166666666 0.6916666666666667 0.18489583333333334 0.3703703703703704
