1 0.31875 0.48935185185185187 0.01875 0.028703703703703703
1 0.71328125 0.4916666666666667 0.01614583333333333 0.031481481481481485
2 0.5333333333333333 0.4777777777777778 0.015625 0.024074074074074074
2 0.5234375 0.4847222222222222 0.009375 0.025
2 0.46432291666666664 0.47731481481481486 0.018229166666666668 0.03425925925925926
2 0.44947916666666665 0.48194444444444445 0.016666666666666666 0.03425925925925926
2 0.2864583333333333 0.44583333333333336 0.00625 0.017592592592592594
1 0.22604166666666667 0.4481481481481482 0.007291666666666667 0.014814814814814815
2 0.21666666666666667 0.44953703703703707 0.00625 0.01388888888888889
2 0.125 0.4416666666666667 0.00625 0.016666666666666666
0 0.21536458333333333 0.4912037037037037 0.0359375 0.10462962962962963
0 0.5294270833333333 0.5407407407407407 0.057812499999999996 0.15185185185185185
0 0.31328125 0.5847222222222223 0.0796875 0.22314814814814815
0 0.4557291666666667 0.5476851851851852 0.0625 0.17500000000000002
0 0.7130208333333333 0.5726851851851852 0.078125 0.19166666666666668
