1 0.42083333333333334 0.5226851851851853 0.027083333333333334 0.05462962962962963
1 0.47630208333333335 0.500462962962963 0.0171875 0.036111111111111115
1 0.4635416666666667 0.4912037037037037 0.015625 0.026851851851851852
1 0.67421875 0.5101851851851852 0.019270833333333334 0.03518518518518519
1 0.659375 0.5055555555555555 0.015625 0.03333333333333333
1 0.025 0.4462962962962963 0.010416666666666666 0.014814814814814815
1 0.07604166666666666 0.4532407407407408 0.007291666666666667 0.015740740740740743
0 0.42994791666666665 0.6393518518518518 0.1015625 0.28611111111111115
0 0.9658854166666666 0.5990740740740741 0.06822916666666666 0.21666666666666667
0 0.46640624999999997 0.587037037037037 0.06614583333333333 0.21851851851851853
0 0.6526041666666667 0.5884259259259259 0.09479166666666666 0.2064814814814815
