1 0.9057291666666667 0.4486111111111111 0.035416666666666666 0.05648148148148149
1 0.7908854166666667 0.4134259259259259 0.018229166666666668 0.032407407407407406
1 0.7658854166666667 0.41620370370370374 0.022395833333333334 0.03981481481481482
1 0.55078125 0.3842592592592593 0.015104166666666667 0.022222222222222223
1 0.44088541666666664 0.3625 0.01614583333333333 0.02314814814814815
1 0.31328125 0.34953703703703703 0.021354166666666667 0.026851851851851852
1 0.17864583333333334 0.3490740740740741 0.0125 0.03333333333333333
0 0.16692708333333334 0.36388888888888893 0.0265625 0.0925925925925926
0 0.18177083333333333 0.4226851851851852 0.04583333333333333 0.17500000000000002
0 0.3111979166666667 0.4199074074074074 0.050520833333333334 0.16203703703703703
0 0.4375 0.42592592592592593 0.04895833333333333 0.1462962962962963
0 0.54765625 0.4532407407407408 0.06302083333333333 0.17314814814814816
0 0.7588541666666666 0.5069444444444444 0.109375 0.22685185185185186
0 0.8963541666666667 0.6018518518518519 0.19583333333333333 0.3703703703703704
