1 0.21223958333333334 0.3375 0.0078125 0.017592592592592594
1 0.7427083333333333 0.6143518518518519 0.08125 0.1564814814814815
1 0.8833333333333333 0.4486111111111111 0.030208333333333334 0.05648148148148149
1 0.6830729166666667 0.40324074074074073 0.0203125 0.03425925925925926
1 0.16328125 0.32592592592592595 0.009895833333333333 0.016666666666666666
1 0.09869791666666666 0.33472222222222225 0.011979166666666666 0.026851851851851852
1 0.20052083333333334 0.3365740740740741 0.010416666666666666 0.017592592592592594
0 0.7776041666666667 0.7722222222222223 0.2552083333333333 0.45555555555555555
0 0.10182291666666667 0.3819444444444445 0.03177083333333333 0.1212962962962963
0 0.21145833333333333 0.3856481481481482 0.0375 0.1175925925925926
0 0.6739583333333333 0.5018518518518519 0.11145833333333333 0.23333333333333334
0 0.8729166666666667 0.5773148148148148 0.153125 0.3138888888888889
