1 0.6403645833333333 0.5050925925925926 0.0203125 0.04537037037037037
1 0.6791666666666667 0.5083333333333333 0.030208333333333334 0.037037037037037035
1 0.6184895833333334 0.513425925925926 0.0234375 0.03981481481481482
1 0.5822916666666667 0.5041666666666667 0.017708333333333333 0.03981481481481482
1 0.37578125 0.4810185185185185 0.01614583333333333 0.030555555555555558
1 0.10729166666666666 0.44583333333333336 0.011458333333333333 0.01388888888888889
0 0.378125 0.5620370370370371 0.059375 0.1962962962962963
0 0.5776041666666667 0.5819444444444445 0.06875 0.18981481481481483
0 0.6234375 0.6199074074074075 0.11041666666666666 0.27314814814814814
0 0.6817708333333333 0.6134259259259259 0.09583333333333333 0.23981481481481481
