1 0.9140625 0.5523148148148148 0.034375 0.07314814814814816
1 0.8802083333333334 0.5453703703703704 0.035416666666666666 0.05925925925925926
1 0.7596354166666667 0.513425925925926 0.0234375 0.03981481481481482
1 0.5046875 0.48842592592592593 0.015625 0.028703703703703703
1 0.19921875 0.46620370370370373 0.0109375 0.026851851851851852
1 0.15234375 0.4550925925925926 0.011979166666666666 0.02314814814814815
1 0.14453125 0.4550925925925926 0.0067708333333333336 0.012037037037037037
0 0.14739583333333334 0.49444444444444446 0.03125 0.09814814814814815
0 0.19557291666666665 0.5171296296296296 0.0390625 0.13240740740740742
0 0.5057291666666667 0.5611111111111111 0.0625 0.17407407407407408
0 0.759375 0.6287037037037038 0.11979166666666667 0.26296296296296295
0 0.8760416666666666 0.7055555555555556 0.165625 0.37222222222222223
