1 0.5153645833333333 0.4930555555555556 0.025520833333333333 0.05092592592592593
1 0.8122395833333333 0.5171296296296296 0.0234375 0.04166666666666667
1 0.7598958333333333 0.5055555555555555 0.017708333333333333 0.02962962962962963
1 0.7958333333333333 0.5152777777777778 0.014583333333333334 0.04351851851851852
2 0.9541666666666666 0.5226851851851853 0.028125 0.05092592592592593
1 0.28802083333333334 0.46296296296296297 0.011458333333333333 0.018518518518518517
1 0.2375 0.4587962962962963 0.008333333333333333 0.015740740740740743
1 0.22864583333333333 0.46111111111111114 0.008333333333333333 0.012962962962962964
1 0.190625 0.45555555555555555 0.0125 0.024074074074074074
0 0.23072916666666665 0.5041666666666667 0.034375 0.11203703703703705
0 0.18671875 0.5069444444444444 0.03697916666666667 0.12314814814814816
0 0.28828125 0.5157407407407407 0.04114583333333333 0.12592592592592594
0 0.5145833333333333 0.6092592592592593 0.09375 0.2777777777777778
0 0.753125 0.5972222222222222 0.08958333333333333 0.21296296296296297
0 0.8005208333333333 0.6236111111111111 0.12395833333333334 0.2601851851851852
0 0.9328124999999999 0.6782407407407408 0.134375 0.3527777777777778
