2 0.7166666666666667 0.40324074074074073 0.021875 0.05462962962962963
2 0.68671875 0.4166666666666667 0.021354166666666667 0.044444444444444446
1 0.5744791666666667 0.38333333333333336 0.0125 0.02962962962962963
1 0.50234375 0.36944444444444446 0.013020833333333334 0.024074074074074074
2 0.4557291666666667 0.38703703703703707 0.01875 0.031481481481481485
1 0.41015625 0.3662037037037037 0.013020833333333334 0.026851851851851852
1 0.35 0.34861111111111115 0.013541666666666667 0.019444444444444445
1 0.31015625 0.3509259259259259 0.013020833333333334 0.020370370370370372
2 0.24140625 0.33611111111111114 0.011979166666666666 0.016666666666666666
1 0.15208333333333332 0.33101851851851855 0.011458333333333333 0.01388888888888889
0 0.125 0.3592592592592593 0.022916666666666665 0.07962962962962963
0 0.15026041666666667 0.3680555555555556 0.024479166666666666 0.09166666666666667
0 0.3481770833333333 0.40601851851851856 0.043229166666666666 0.13240740740740742
0 0.40781249999999997 0.4291666666666667 0.04479166666666667 0.14537037037037037
0 0.24114583333333334 0.38981481481481484 0.034375 0.11851851851851852
0 0.30494791666666665 0.41481481481481486 0.0421875 0.15925925925925927
0 0.5010416666666666 0.4393518518518519 0.05520833333333333 0.16203703703703703
0 0.5700520833333333 0.4652777777777778 0.07135416666666666 0.19351851851851853
0 0.45234375 0.45416666666666666 0.05260416666666667 0.17500000000000002
0 0.6799479166666667 0.5449074074074074 0.1296875 0.33055555555555555
0 0.71328125 0.48379629629629634 0.1046875 0.17685185185185187
