2 0.21067708333333332 0.3314814814814815 0.009895833333333333 0.020370370370370372
1 0.23880208333333333 0.33564814814814814 0.013020833333333334 0.017592592592592594
1 0.9067708333333333 0.4342592592592593 0.028125 0.053703703703703705
1 0.10494791666666667 0.3175925925925926 0.0078125 0.011111111111111112
2 0.15520833333333334 0.33194444444444443 0.008333333333333333 0.015740740740740743
0 0.15911458333333334 0.3550925925925926 0.022395833333333334 0.07685185185185185
0 0.16145833333333334 0.3648148148148148 0.029166666666666667 0.08888888888888889
0 0.10442708333333334 0.3527777777777778 0.0203125 0.08148148148148149
0 0.23906249999999998 0.3736111111111111 0.02395833333333333 0.09537037037037037
0 0.2 0.37592592592592594 0.03125 0.10925925925925926
0 0.15755208333333334 0.3685185185185185 0.0265625 0.09814814814814815
0 0.20130208333333333 0.39166666666666666 0.03697916666666667 0.13703703703703704
0 0.89609375 0.5666666666666667 0.1390625 0.31666666666666665
0 0.7161458333333334 0.4828703703703704 0.109375 0.17685185185185187
