1 0.57421875 0.5050925925925926 0.01614583333333333 0.026851851851851852
1 0.5622395833333333 0.5032407407407408 0.01614583333333333 0.03796296296296296
1 0.17369791666666667 0.48564814814814816 0.01614583333333333 0.036111111111111115
1 0.4302083333333333 0.4814814814814815 0.0125 0.02777777777777778
1 0.4622395833333333 0.4814814814814815 0.01614583333333333 0.02592592592592593
1 0.4192708333333333 0.48333333333333334 0.014583333333333334 0.024074074074074074
1 0.10989583333333333 0.44583333333333336 0.009375 0.019444444444444445
0 0.17708333333333334 0.5592592592592592 0.05625 0.19444444444444445
0 0.4205729166666667 0.5518518518518519 0.059895833333333336 0.1685185185185185
0 0.4609375 0.5486111111111112 0.05625 0.1638888888888889
0 0.5606770833333333 0.5888888888888889 0.06822916666666666 0.20185185185185187
