1 0.40625 0.5916666666666667 0.04375 0.07407407407407407
1 0.6411458333333333 0.5865740740740741 0.03333333333333333 0.08055555555555556
1 0.6328125 0.5574074074074075 0.04375 0.05925925925925926
1 0.9265625 0.7416666666666667 0.07708333333333334 0.13333333333333333
2 0.29765625 0.6532407407407408 0.0421875 0.08611111111111111
1 0.3653645833333333 0.5287037037037037 0.0296875 0.044444444444444446
1 0.29244791666666664 0.49722222222222223 0.0171875 0.040740740740740744
1 0.16822916666666665 0.45231481481481484 0.010416666666666666 0.015740740740740743
1 0.12057291666666667 0.44953703703703707 0.009895833333333333 0.01388888888888889
0 0.665625 0.7620370370370371 0.15729166666666666 0.4759259259259259
0 0.16770833333333332 0.49074074074074076 0.027083333333333334 0.0962962962962963
0 0.18984375 0.500925925925926 0.030729166666666665 0.10185185185185186
0 0.2872395833333333 0.5861111111111111 0.0609375 0.21666666666666667
0 0.3528645833333333 0.6763888888888889 0.09322916666666667 0.34351851851851856
0 0.39348958333333334 0.774537037037037 0.1203125 0.45092592592592595
0 0.2700520833333333 0.8027777777777778 0.15989583333333332 0.3944444444444445
