1 0.340625 0.48055555555555557 0.010416666666666666 0.018518518518518517
1 0.33307291666666666 0.47175925925925927 0.0109375 0.021296296296296296
1 0.2786458333333333 0.4740740740740741 0.010416666666666666 0.02962962962962963
1 0.2895833333333333 0.47731481481481486 0.013541666666666667 0.02314814814814815
1 0.23463541666666665 0.4527777777777778 0.011979166666666666 0.018518518518518517
1 0.22890625 0.4569444444444445 0.0078125 0.015740740740740743
1 0.19401041666666666 0.4652777777777778 0.0109375 0.015740740740740743
1 0.16927083333333334 0.4625 0.014583333333333334 0.028703703703703703
1 0.15677083333333333 0.4564814814814815 0.015625 0.018518518518518517
1 0.08151041666666667 0.4430555555555556 0.0140625 0.015740740740740743
2 0.029947916666666668 0.45601851851851855 0.009895833333333333 0.021296296296296296
0 0.0328125 0.5046296296296297 0.042708333333333334 0.13703703703703704
0 0.16666666666666666 0.5231481481481481 0.04375 0.1425925925925926
0 0.19375 0.5171296296296296 0.03229166666666666 0.125
0 0.22994791666666667 0.500925925925926 0.0328125 0.11111111111111112
0 0.3333333333333333 0.5337962962962963 0.04895833333333333 0.15462962962962964
0 0.2794270833333333 0.5416666666666667 0.049479166666666664 0.16666666666666669
