2 0.22421875 0.45787037037037037 0.034895833333333334 0.06018518518518519
1 0.5486979166666667 0.4138888888888889 0.019270833333333334 0.02592592592592593
1 0.6122395833333333 0.425 0.0171875 0.02777777777777778
1 0.90234375 0.4652777777777778 0.0234375 0.04351851851851852
1 0.9364583333333333 0.4842592592592593 0.025 0.044444444444444446
1 0.4028645833333333 0.3805555555555556 0.013020833333333334 0.03333333333333333
1 0.3541666666666667 0.3736111111111111 0.01875 0.025
1 0.284375 0.362962962962963 0.011458333333333333 0.020370370370370372
1 0.19010416666666666 0.350462962962963 0.0125 0.015740740740740743
1 0.03307291666666667 0.34351851851851856 0.011979166666666666 0.016666666666666666
0 0.125 0.3861111111111111 0.035416666666666666 0.10555555555555556
0 0.20416666666666666 0.39583333333333337 0.027083333333333334 0.11018518518518519
0 0.28203125 0.41111111111111115 0.03177083333333333 0.11666666666666667
0 0.18984375 0.40324074074074073 0.03177083333333333 0.125
0 0.40208333333333335 0.4439814814814815 0.053125 0.15462962962962964
0 0.35260416666666666 0.45416666666666666 0.057291666666666664 0.18611111111111112
0 0.5440104166666666 0.4847222222222222 0.06614583333333333 0.1787037037037037
0 0.6075520833333333 0.5115740740740741 0.0796875 0.20277777777777778
0 0.8921875 0.5782407407407407 0.13854166666666667 0.26944444444444443
0 0.03697916666666667 0.39583333333333337 0.0375 0.13611111111111113
0 0.23177083333333334 0.5944444444444444 0.09479166666666666 0.3425925925925926
