1 0.12343749999999999 0.47685185185185186 0.013541666666666667 0.02592592592592593
1 0.048177083333333336 0.4601851851851852 0.011979166666666666 0.02592592592592593
1 0.5065104166666666 0.4898148148148148 0.01614583333333333 0.031481481481481485
1 0.49505208333333334 0.48240740740740745 0.008854166666666666 0.031481481481481485
1 0.69296875 0.5171296296296296 0.0203125 0.03981481481481482
1 0.6776041666666667 0.5125000000000001 0.015625 0.04537037037037037
1 0.08307291666666666 0.4430555555555556 0.009895833333333333 0.015740740740740743
0 0.49973958333333335 0.5560185185185186 0.06510416666666667 0.17500000000000002
0 0.6786458333333333 0.6069444444444445 0.09166666666666666 0.21944444444444444
0 0.12916666666666665 0.5458333333333334 0.04583333333333333 0.16944444444444445
0 0.04973958333333333 0.513888888888889 0.04010416666666666 0.13333333333333333
