1 0.35052083333333334 0.3861111111111111 0.015625 0.02777777777777778
1 0.3692708333333333 0.3787037037037037 0.017708333333333333 0.022222222222222223
1 0.40598958333333335 0.3837962962962963 0.01614583333333333 0.032407407407407406
1 0.5833333333333334 0.41064814814814815 0.02395833333333333 0.03425925925925926
2 0.6122395833333333 0.4236111111111111 0.019270833333333334 0.04722222222222222
2 0.625 0.4287037037037037 0.014583333333333334 0.037037037037037035
2 0.890625 0.4652777777777778 0.03333333333333333 0.058333333333333334
1 0.08515625 0.33333333333333337 0.0078125 0.016666666666666666
0 0.403125 0.45925925925925926 0.05416666666666667 0.17037037037037037
0 0.34739583333333335 0.4601851851851852 0.05520833333333333 0.17777777777777778
0 0.5794270833333334 0.4930555555555556 0.0734375 0.1953703703703704
0 0.6119791666666666 0.5236111111111111 0.09375 0.23981481481481481
0 0.8736979166666666 0.6069444444444445 0.15677083333333333 0.33611111111111114
