1 0.34713541666666664 0.4759259259259259 0.0171875 0.020370370370370372
1 0.6231770833333333 0.5078703703703704 0.021354166666666667 0.04537037037037037
1 0.5979166666666667 0.5032407407407408 0.02395833333333333 0.049074074074074076
1 0.7606770833333333 0.525 0.025520833333333333 0.040740740740740744
1 0.24609375 0.4666666666666667 0.013020833333333334 0.020370370370370372
1 0.17473958333333334 0.4550925925925926 0.0140625 0.019444444444444445
1 0.08619791666666667 0.44212962962962965 0.008854166666666666 0.015740740740740743
0 0.16953125 0.5032407407407408 0.030729166666666665 0.1175925925925926
0 0.3455729166666667 0.5375 0.0484375 0.14537037037037037
0 0.24583333333333332 0.5226851851851853 0.040625 0.13611111111111113
0 0.5927083333333333 0.6222222222222222 0.1125 0.2833333333333333
0 0.7567708333333333 0.6310185185185185 0.11666666666666667 0.25277777777777777
