2 0.8921875 0.5328703703703704 0.02395833333333333 0.04351851851851852
1 0.49140625 0.4902777777777778 0.018229166666666668 0.028703703703703703
1 0.4044270833333333 0.48888888888888893 0.018229166666666668 0.031481481481481485
1 0.29453125 0.4763888888888889 0.0171875 0.028703703703703703
1 0.11171874999999999 0.47870370370370374 0.015104166666666667 0.02592592592592593
1 0.10416666666666667 0.4791666666666667 0.016666666666666666 0.026851851851851852
0 0.11145833333333333 0.5537037037037037 0.05 0.1851851851851852
0 0.2908854166666667 0.5375 0.0515625 0.15462962962962964
0 0.40182291666666664 0.5643518518518519 0.06614583333333333 0.18611111111111112
0 0.490625 0.5587962962962963 0.06458333333333333 0.1675925925925926
0 0.8776041666666666 0.6412037037037037 0.14375 0.26944444444444443
