1 0.8653645833333333 0.5337962962962963 0.030729166666666665 0.062037037037037036
1 0.8278645833333333 0.5185185185185185 0.027604166666666666 0.04814814814814815
1 0.8177083333333334 0.5037037037037038 0.020833333333333332 0.03518518518518519
1 0.7955729166666666 0.5087962962962963 0.024479166666666666 0.04722222222222222
1 0.4440104166666667 0.47361111111111115 0.024479166666666666 0.03425925925925926
1 0.28151041666666665 0.4625 0.008854166666666666 0.019444444444444445
1 0.2752604166666667 0.4513888888888889 0.009895833333333333 0.017592592592592594
0 0.4497395833333333 0.5472222222222223 0.07239583333333333 0.17222222222222222
0 0.2778645833333333 0.5 0.033854166666666664 0.10925925925925926
0 0.8122395833333333 0.6416666666666667 0.14114583333333333 0.3
0 0.7947916666666667 0.6189814814814815 0.13229166666666667 0.27685185185185185
