1 0.61015625 0.5314814814814816 0.022395833333333334 0.03888888888888889
1 0.44453125 0.5125000000000001 0.01614583333333333 0.032407407407407406
1 0.4328125 0.5171296296296296 0.015625 0.028703703703703703
2 0.2778645833333333 0.513425925925926 0.015104166666666667 0.03425925925925926
1 0.28880208333333335 0.5013888888888889 0.015104166666666667 0.025
1 0.25416666666666665 0.49768518518518523 0.013541666666666667 0.025
1 0.19453125 0.4953703703703704 0.0140625 0.02777777777777778
1 0.12760416666666666 0.4916666666666667 0.009375 0.022222222222222223
1 0.07135416666666666 0.4791666666666667 0.011458333333333333 0.015740740740740743
2 0.16744791666666667 0.4935185185185185 0.011979166666666666 0.024074074074074074
0 0.17057291666666666 0.5435185185185185 0.033854166666666664 0.12592592592592594
0 0.2911458333333333 0.5597222222222222 0.03854166666666667 0.1398148148148148
0 0.271875 0.5717592592592593 0.052083333333333336 0.14722222222222223
0 0.4361979166666667 0.5837962962962964 0.06302083333333333 0.1712962962962963
0 0.6044270833333333 0.6236111111111111 0.08072916666666667 0.21574074074074076
