1 0.11770833333333333 0.39861111111111114 0.022916666666666665 0.05277777777777778
1 0.18515625 0.3805555555555556 0.021354166666666667 0.040740740740740744
1 0.4940104166666667 0.3893518518518519 0.0203125 0.036111111111111115
1 0.87265625 0.4398148148148148 0.03697916666666667 0.061111111111111116
1 0.38229166666666664 0.3712962962962963 0.014583333333333334 0.024074074074074074
0 0.3796875 0.437962962962963 0.06354166666666666 0.15555555555555556
0 0.4947916666666667 0.4675925925925926 0.071875 0.1925925925925926
0 0.8671875 0.5861111111111111 0.16145833333333334 0.3648148148148148
0 0.19088541666666667 0.47962962962962963 0.06614583333333333 0.2388888888888889
0 0.12135416666666667 0.5148148148148148 0.078125 0.2851851851851852
