1 0.17421875 0.5962962962962963 0.07447916666666667 0.13703703703703704
1 0.16302083333333334 0.5541666666666667 0.08125 0.11574074074074074
1 0.8184895833333333 0.36435185185185187 0.024479166666666666 0.04722222222222222
1 0.6151041666666667 0.34861111111111115 0.019791666666666666 0.04722222222222222
1 0.60234375 0.337037037037037 0.019270833333333334 0.03888888888888889
1 0.45546875 0.3101851851851852 0.024479166666666666 0.03333333333333333
1 0.3455729166666667 0.2888888888888889 0.024479166666666666 0.037037037037037035
1 0.24973958333333332 0.26805555555555555 0.0171875 0.02314814814814815
1 0.14583333333333334 0.2513888888888889 0.021875 0.02314814814814815
1 0.035416666666666666 0.23333333333333334 0.014583333333333334 0.02777777777777778
0 0.13932291666666666 0.3078703703703704 0.044270833333333336 0.1398148148148148
0 0.2526041666666667 0.33055555555555555 0.04895833333333333 0.1537037037037037
0 0.33177083333333335 0.3648148148148148 0.06145833333333333 0.18888888888888888
0 0.44921875 0.39212962962962966 0.08072916666666667 0.20092592592592592
0 0.5927083333333333 0.4486111111111111 0.11562499999999999 0.25092592592592594
0 0.8052083333333333 0.4740740740740741 0.12604166666666666 0.26296296296296295
0 0.03619791666666666 0.2916666666666667 0.03802083333333333 0.1462962962962963
0 0.14114583333333333 0.7453703703703703 0.28229166666666666 0.5092592592592593
