1 0.16848958333333333 0.5592592592592592 0.07864583333333333 0.1462962962962963
1 0.203125 0.5615740740740741 0.06979166666666667 0.1398148148148148
1 0.5028645833333333 0.3143518518518519 0.0234375 0.03796296296296296
1 0.40130208333333334 0.2884259259259259 0.024479166666666666 0.030555555555555558
1 0.26875 0.2791666666666667 0.01875 0.028703703703703703
1 0.18020833333333333 0.2712962962962963 0.026041666666666668 0.044444444444444446
1 0.057812499999999996 0.25787037037037036 0.025 0.04166666666666667
1 0.13802083333333334 0.24722222222222223 0.017708333333333333 0.03333333333333333
0 0.13515625 0.30185185185185187 0.03697916666666667 0.12962962962962962
0 0.17421875 0.31712962962962965 0.043229166666666666 0.1398148148148148
0 0.26171875 0.3462962962962963 0.05364583333333333 0.16111111111111112
0 0.3997395833333333 0.35833333333333334 0.057812499999999996 0.17037037037037037
0 0.4973958333333333 0.39305555555555555 0.075 0.19166666666666668
0 0.1796875 0.36064814814814816 0.06041666666666667 0.22685185185185186
0 0.06302083333333333 0.34120370370370373 0.05416666666666667 0.20092592592592592
0 0.153125 0.7393518518518519 0.30625 0.5212962962962964
