1 0.78359375 0.4550925925925926 0.0453125 0.08981481481481482
1 0.7380208333333333 0.44537037037037036 0.046875 0.08148148148148149
1 0.5260416666666666 0.31712962962962965 0.022916666666666665 0.03796296296296296
1 0.5010416666666666 0.31851851851851853 0.016666666666666666 0.02592592592592593
1 0.3645833333333333 0.2916666666666667 0.013541666666666667 0.02777777777777778
1 0.2916666666666667 0.2833333333333333 0.015625 0.02962962962962963
0 0.3640625 0.35324074074074074 0.05520833333333333 0.16018518518518518
0 0.28932291666666665 0.3560185185185185 0.0546875 0.16944444444444445
0 0.4981770833333333 0.3990740740740741 0.0828125 0.20185185185185187
0 0.7973958333333333 0.6564814814814816 0.24270833333333333 0.4962962962962963
