1 0.7838541666666666 0.5458333333333334 0.035416666666666666 0.058333333333333334
1 0.725 0.512962962962963 0.03333333333333333 0.05185185185185186
1 0.36171875 0.5504629629629629 0.0484375 0.08981481481481482
1 0.4518229166666667 0.5393518518518519 0.03177083333333333 0.06018518518518519
1 0.53125 0.5175925925925926 0.04375 0.07037037037037037
1 0.42265625 0.5171296296296296 0.0359375 0.062037037037037036
1 0.27265625 0.5328703703703704 0.030729166666666665 0.05462962962962963
1 0.32109375 0.47314814814814815 0.0171875 0.024074074074074074
1 0.3078125 0.4712962962962963 0.0125 0.02777777777777778
1 0.12526041666666665 0.537962962962963 0.028645833333333332 0.040740740740740744
1 0.14036458333333332 0.5319444444444444 0.0328125 0.05092592592592593
1 0.121875 0.4935185185185185 0.020833333333333332 0.03518518518518519
1 0.22161458333333334 0.47222222222222227 0.01614583333333333 0.02777777777777778
1 0.11145833333333333 0.4703703703703704 0.019791666666666666 0.03518518518518519
0 0.36822916666666666 0.7546296296296297 0.15416666666666667 0.49074074074074076
0 0.13203125 0.6675925925925926 0.11510416666666666 0.31851851851851853
0 0.2765625 0.6601851851851852 0.08541666666666667 0.3092592592592593
0 0.4583333333333333 0.6722222222222223 0.11562499999999999 0.3685185185185185
0 0.12213541666666666 0.5638888888888889 0.057812499999999996 0.21851851851851853
0 0.21927083333333333 0.5319444444444444 0.041666666666666664 0.1527777777777778
0 0.3065104166666667 0.5287037037037037 0.0453125 0.14074074074074075
0 0.3190104166666667 0.5453703703703704 0.0484375 0.17222222222222222
0 0.42734374999999997 0.5773148148148148 0.07447916666666667 0.2064814814814815
0 0.5205729166666666 0.6087962962962963 0.0828125 0.25462962962962965
0 0.5356770833333333 0.638888888888889 0.11927083333333333 0.3037037037037037
0 0.69921875 0.6342592592592593 0.10989583333333333 0.29074074074074074
0 0.78359375 0.6847222222222222 0.14114583333333333 0.33796296296296297
