1 0.7364583333333333 0.549537037037037 0.03229166666666666 0.0638888888888889
1 0.7057291666666666 0.5583333333333333 0.03333333333333333 0.061111111111111116
1 0.6059895833333333 0.5064814814814815 0.021354166666666667 0.037037037037037035
1 0.59140625 0.5013888888888889 0.024479166666666666 0.04351851851851852
1 0.19973958333333333 0.6703703703703704 0.059895833333333336 0.09814814814814815
1 0.4083333333333333 0.4939814814814815 0.04895833333333333 0.09166666666666667
1 0.15911458333333334 0.6523148148148148 0.0609375 0.08981481481481482
1 0.19375 0.45740740740740743 0.01875 0.02962962962962963
1 0.14869791666666665 0.4620370370370371 0.015104166666666667 0.02592592592592593
1 0.0546875 0.46435185185185185 0.01875 0.028703703703703703
0 0.37447916666666664 0.7277777777777779 0.16041666666666665 0.5444444444444445
0 0.20052083333333334 0.8013888888888889 0.18541666666666667 0.39722222222222225
0 0.053125 0.5277777777777778 0.042708333333333334 0.1574074074074074
0 0.19505208333333332 0.5055555555555555 0.0359375 0.12037037037037038
0 0.5890625 0.5907407407407408 0.0875 0.22037037037037038
0 0.72109375 0.6439814814814815 0.1015625 0.2972222222222222
0 0.69609375 0.6925925925925926 0.13697916666666665 0.34814814814814815
