2 0.8208333333333333 0.4356481481481482 0.02395833333333333 0.04722222222222222
2 0.8041666666666667 0.4361111111111111 0.022916666666666665 0.05
2 0.7854166666666667 0.43194444444444446 0.027083333333333334 0.049074074074074076
2 0.20807291666666666 0.38333333333333336 0.021354166666666667 0.03518518518518519
2 0.19401041666666666 0.37777777777777777 0.025520833333333333 0.040740740740740744
1 0.4747395833333333 0.38472222222222224 0.0234375 0.036111111111111115
1 0.4557291666666667 0.3912037037037037 0.015625 0.036111111111111115
1 0.3216145833333333 0.3662037037037037 0.0203125 0.032407407407407406
2 0.0890625 0.350462962962963 0.015625 0.026851851851851852
2 0.09270833333333334 0.37592592592592594 0.013541666666666667 0.02592592592592593
2 0.04791666666666666 0.3453703703703704 0.015625 0.02592592592592593
0 0.21067708333333332 0.40231481481481485 0.04010416666666666 0.13055555555555556
0 0.3177083333333333 0.4351851851851852 0.04791666666666666 0.1685185185185185
0 0.45416666666666666 0.46435185185185185 0.06979166666666667 0.19166666666666668
0 0.7763020833333333 0.549537037037037 0.13385416666666666 0.28055555555555556
0 0.20755208333333333 0.4712962962962963 0.07239583333333333 0.22777777777777777
0 0.09192708333333333 0.4083333333333333 0.04739583333333333 0.16296296296296298
0 0.050520833333333334 0.3902777777777778 0.03854166666666667 0.125
