2 0.67734375 0.3814814814814815 0.024479166666666666 0.037037037037037035
1 0.44947916666666665 0.3611111111111111 0.016666666666666666 0.03333333333333333
2 0.3716145833333333 0.36342592592592593 0.0140625 0.030555555555555558
1 0.3520833333333333 0.3564814814814815 0.020833333333333332 0.02962962962962963
1 0.2833333333333333 0.3458333333333333 0.021875 0.03981481481481482
1 0.22369791666666666 0.3337962962962963 0.015104166666666667 0.02314814814814815
0 0.2828125 0.3925925925925926 0.035416666666666666 0.12037037037037038
0 0.21510416666666665 0.38472222222222224 0.03958333333333333 0.12314814814814816
0 0.35651041666666666 0.4226851851851852 0.0484375 0.1564814814814815
0 0.4471354166666667 0.4277777777777778 0.0546875 0.1537037037037037
0 0.6692708333333334 0.47500000000000003 0.08645833333333333 0.20370370370370372
