1 0.8377604166666667 0.4287037037037037 0.028645833333333332 0.05
1 0.8109375 0.42824074074074076 0.03333333333333333 0.058333333333333334
1 0.60703125 0.39166666666666666 0.0203125 0.03888888888888889
1 0.3893229166666667 0.3574074074074074 0.015104166666666667 0.02777777777777778
1 0.3104166666666667 0.362962962962963 0.020833333333333332 0.03888888888888889
1 0.22682291666666665 0.32731481481481484 0.009895833333333333 0.030555555555555558
0 0.31171875 0.4537037037037037 0.0609375 0.2111111111111111
0 0.22760416666666666 0.3805555555555556 0.0375 0.12037037037037038
0 0.38984375 0.4134259259259259 0.043229166666666666 0.13240740740740742
0 0.6010416666666667 0.48194444444444445 0.08333333333333333 0.21944444444444444
0 0.8197916666666667 0.5430555555555556 0.13020833333333334 0.27685185185185185
