1 0.8861979166666667 0.5268518518518519 0.034895833333333334 0.05925925925925926
1 0.8346354166666666 0.487962962962963 0.024479166666666666 0.03518518518518519
1 0.48802083333333335 0.47314814814814815 0.014583333333333334 0.02777777777777778
1 0.47421874999999997 0.47824074074074074 0.013020833333333334 0.028703703703703703
1 0.340625 0.45972222222222225 0.015625 0.030555555555555558
1 0.36953125 0.4601851851851852 0.01614583333333333 0.02592592592592593
1 0.20078125 0.45 0.0109375 0.016666666666666666
1 0.12421875 0.4518518518518519 0.0109375 0.014814814814814815
1 0.08489583333333334 0.4462962962962963 0.0125 0.016666666666666666
0 0.16770833333333332 0.48240740740740745 0.025 0.08703703703703704
0 0.2265625 0.48240740740740745 0.028125 0.08518518518518518
0 0.20052083333333334 0.4865740740740741 0.03229166666666666 0.09166666666666667
0 0.3729166666666667 0.5157407407407407 0.042708333333333334 0.12962962962962962
0 0.33984375 0.5199074074074074 0.03697916666666667 0.13425925925925927
0 0.4747395833333333 0.5486111111111112 0.059895833333333336 0.17685185185185187
0 0.8682291666666666 0.6578703703703704 0.140625 0.3138888888888889
0 0.8372395833333334 0.5916666666666667 0.09322916666666667 0.22962962962962963
0 0.8940104166666667 0.5893518518518519 0.0921875 0.2175925925925926
0 0.08229166666666667 0.4898148148148148 0.027083333333333334 0.10370370370370371
0 0.12421875 0.48888888888888893 0.0234375 0.0962962962962963
