1 0.8596354166666667 0.6097222222222223 0.0453125 0.0712962962962963
1 0.6041666666666666 0.5310185185185186 0.021875 0.03796296296296296
1 0.5705729166666667 0.549537037037037 0.022395833333333334 0.04537037037037037
1 0.58203125 0.5375 0.021354166666666667 0.04537037037037037
1 0.44921875 0.5240740740740741 0.013020833333333334 0.024074074074074074
1 0.44114583333333335 0.5180555555555556 0.014583333333333334 0.02314814814814815
1 0.3065104166666667 0.5101851851851852 0.0140625 0.024074074074074074
1 0.2989583333333333 0.5101851851851852 0.011458333333333333 0.02592592592592593
1 0.26640625 0.5023148148148149 0.0109375 0.019444444444444445
1 0.196875 0.4990740740740741 0.011458333333333333 0.022222222222222223
0 0.196875 0.549074074074074 0.042708333333333334 0.12407407407407407
0 0.2682291666666667 0.5643518518518519 0.04895833333333333 0.14722222222222223
0 0.30052083333333335 0.5777777777777778 0.04895833333333333 0.16481481481481483
0 0.440625 0.5907407407407408 0.059375 0.1814814814814815
0 0.5822916666666667 0.6356481481481482 0.084375 0.25092592592592594
0 0.5625 0.6615740740740741 0.08854166666666667 0.2657407407407408
0 0.8447916666666666 0.774537037037037 0.18333333333333332 0.4064814814814815
