1 0.60234375 0.5569444444444445 0.025520833333333333 0.04537037037037037
1 0.4427083333333333 0.5342592592592593 0.017708333333333333 0.02962962962962963
1 0.39010416666666664 0.5050925925925926 0.015625 0.025
1 0.3802083333333333 0.5101851851851852 0.016666666666666666 0.02962962962962963
1 0.3385416666666667 0.5115740740740741 0.014583333333333334 0.032407407407407406
1 0.2830729166666667 0.5032407407407408 0.0078125 0.017592592592592594
1 0.2794270833333333 0.4986111111111111 0.009895833333333333 0.015740740740740743
1 0.18984375 0.49444444444444446 0.0109375 0.022222222222222223
1 0.18229166666666666 0.4949074074074074 0.010416666666666666 0.019444444444444445
1 0.21536458333333333 0.49444444444444446 0.0078125 0.016666666666666666
1 0.21119791666666665 0.48842592592592593 0.008854166666666666 0.015740740740740743
1 0.15416666666666667 0.48750000000000004 0.013541666666666667 0.017592592592592594
1 0.13307291666666665 0.48842592592592593 0.0140625 0.015740740740740743
1 0.1015625 0.48379629629629634 0.0125 0.017592592592592594
0 0.13098958333333333 0.5342592592592593 0.033854166666666664 0.11111111111111112
0 0.18385416666666665 0.5435185185185185 0.034375 0.12222222222222223
0 0.2791666666666667 0.5537037037037037 0.040625 0.12962962962962962
0 0.38177083333333334 0.5777777777777778 0.046875 0.17037037037037037
0 0.33619791666666665 0.5875 0.049479166666666664 0.1712962962962963
0 0.43723958333333335 0.6273148148148149 0.059895833333333336 0.22314814814814815
0 0.59609375 0.6560185185185186 0.0890625 0.23981481481481481
