1 0.9625 0.6365740740740741 0.057291666666666664 0.10648148148148148
2 0.4536458333333333 0.5217592592592593 0.015625 0.025
1 0.41953124999999997 0.5291666666666667 0.018229166666666668 0.032407407407407406
1 0.18177083333333333 0.5083333333333333 0.014583333333333334 0.02962962962962963
1 0.29765625 0.500925925925926 0.0171875 0.020370370370370372
0 0.2994791666666667 0.562962962962963 0.04479166666666667 0.1462962962962963
0 0.4471354166666667 0.5921296296296297 0.058854166666666666 0.16944444444444445
0 0.4239583333333333 0.6111111111111112 0.06041666666666667 0.1925925925925926
0 0.18828125 0.587962962962963 0.050520833333333334 0.18888888888888888
0 0.828125 0.6296296296296297 0.07916666666666666 0.21481481481481482
