1 0.9325520833333333 0.5699074074074074 0.030729166666666665 0.06018518518518519
1 0.49609375 0.5259259259259259 0.015104166666666667 0.02962962962962963
1 0.51015625 0.5365740740740741 0.011979166666666666 0.02314814814814815
1 0.08229166666666667 0.49722222222222223 0.009375 0.020370370370370372
1 0.07473958333333333 0.4981481481481482 0.009895833333333333 0.018518518518518517
2 0.09635416666666667 0.4810185185185185 0.009375 0.015740740740740743
0 0.4934895833333333 0.5921296296296297 0.058854166666666666 0.16203703703703703
0 0.078125 0.5513888888888889 0.04375 0.13240740740740742
0 0.9296875 0.687962962962963 0.140625 0.2740740740740741
0 0.84921875 0.6361111111111112 0.09427083333333333 0.22037037037037038
