1 0.9111979166666666 0.5861111111111111 0.028645833333333332 0.053703703703703705
1 0.88359375 0.6143518518518519 0.021354166666666667 0.04351851851851852
1 0.8690104166666667 0.5810185185185185 0.0234375 0.03796296296296296
1 0.8361979166666667 0.6064814814814815 0.027604166666666666 0.040740740740740744
2 0.82421875 0.5569444444444445 0.015104166666666667 0.032407407407407406
2 0.8039062499999999 0.5694444444444444 0.021354166666666667 0.03518518518518519
2 0.7854166666666667 0.5828703703703704 0.016666666666666666 0.028703703703703703
1 0.7778645833333333 0.5578703703703703 0.0234375 0.030555555555555558
1 0.8065104166666667 0.5430555555555556 0.021354166666666667 0.032407407407407406
2 0.5796875 0.5407407407407407 0.019791666666666666 0.02962962962962963
1 0.6557291666666667 0.5416666666666667 0.016666666666666666 0.02962962962962963
1 0.18098958333333334 0.5212962962962964 0.01614583333333333 0.037037037037037035
1 0.17083333333333334 0.5226851851851853 0.011458333333333333 0.030555555555555558
1 0.2973958333333333 0.5106481481481482 0.008333333333333333 0.01388888888888889
1 0.29192708333333334 0.5046296296296297 0.0109375 0.022222222222222223
0 0.2908854166666667 0.5560185185185186 0.044270833333333336 0.12314814814814816
0 0.17838541666666666 0.5990740740740741 0.059895833333333336 0.18703703703703706
0 0.6578125 0.6300925925925926 0.09375 0.2101851851851852
0 0.8114583333333333 0.6347222222222223 0.12395833333333334 0.21944444444444444
0 0.578125 0.6398148148148148 0.09166666666666666 0.2351851851851852
0 0.78359375 0.6615740740740741 0.11510416666666666 0.24351851851851852
0 0.8606770833333334 0.712962962962963 0.14114583333333333 0.3074074074074074
