1 0.9596354166666666 0.41111111111111115 0.0359375 0.07037037037037037
1 0.928125 0.4087962962962963 0.029166666666666667 0.049074074074074076
1 0.9169270833333333 0.375462962962963 0.025520833333333333 0.04722222222222222
1 0.5453125 0.32685185185185184 0.020833333333333332 0.037037037037037035
1 0.5307291666666667 0.3263888888888889 0.016666666666666666 0.036111111111111115
1 0.3533854166666667 0.2884259259259259 0.0265625 0.03796296296296296
1 0.396875 0.2916666666666667 0.0125 0.03333333333333333
1 0.22734374999999998 0.26805555555555555 0.021354166666666667 0.03425925925925926
1 0.16848958333333333 0.2537037037037037 0.015104166666666667 0.018518518518518517
1 0.11822916666666666 0.2814814814814815 0.016666666666666666 0.11851851851851852
0 0.16822916666666665 0.3101851851851852 0.042708333333333334 0.13333333333333333
0 0.22578125 0.33796296296296297 0.049479166666666664 0.16111111111111112
0 0.3971354166666667 0.36435185185185187 0.07135416666666666 0.17500000000000002
0 0.34765625 0.3824074074074074 0.06822916666666666 0.21296296296296297
0 0.5221354166666666 0.4152777777777778 0.0828125 0.2175925925925926
0 0.9072916666666666 0.5324074074074074 0.16354166666666667 0.29814814814814816
