2 0.8401041666666667 0.4425925925925926 0.03125 0.06666666666666667
1 0.81328125 0.4166666666666667 0.0359375 0.05925925925925926
1 0.5598958333333334 0.3300925925925926 0.022916666666666665 0.03425925925925926
1 0.5375 0.32546296296296295 0.022916666666666665 0.030555555555555558
1 0.3463541666666667 0.28194444444444444 0.014583333333333334 0.02314814814814815
1 0.3328125 0.2837962962962963 0.015625 0.028703703703703703
1 0.2703125 0.2828703703703704 0.015625 0.028703703703703703
1 0.2591145833333333 0.2791666666666667 0.0140625 0.02314814814814815
1 0.17005208333333333 0.2523148148148148 0.011979166666666666 0.025
1 0.15885416666666666 0.2523148148148148 0.008333333333333333 0.019444444444444445
1 0.14921875 0.2550925925925926 0.0109375 0.02314814814814815
0 0.25859375 0.34074074074074073 0.04739583333333333 0.14814814814814814
0 0.16536458333333334 0.31342592592592594 0.05364583333333333 0.14351851851851852
0 0.3333333333333333 0.3523148148148148 0.058333333333333334 0.17500000000000002
0 0.53515625 0.4078703703703704 0.07135416666666666 0.20277777777777778
0 0.7890625 0.5837962962962964 0.196875 0.38981481481481484
