1 0.7354166666666666 0.3976851851851852 0.019791666666666666 0.032407407407407406
1 0.7059895833333333 0.40092592592592596 0.019270833333333334 0.031481481481481485
1 0.6786458333333333 0.4 0.022916666666666665 0.03518518518518519
1 0.5580729166666667 0.3824074074074074 0.0203125 0.031481481481481485
1 0.39375 0.3490740740740741 0.011458333333333333 0.024074074074074074
1 0.384375 0.35462962962962963 0.010416666666666666 0.020370370370370372
1 0.2981770833333333 0.3462962962962963 0.013020833333333334 0.020370370370370372
1 0.24088541666666666 0.3425925925925926 0.0109375 0.018518518518518517
1 0.23203125 0.3453703703703704 0.0109375 0.020370370370370372
1 0.19765625 0.38472222222222224 0.0234375 0.036111111111111115
0 0.234375 0.39722222222222225 0.03854166666666667 0.1277777777777778
0 0.29635416666666664 0.39861111111111114 0.03958333333333333 0.1212962962962963
0 0.6776041666666667 0.49212962962962964 0.09791666666666667 0.21944444444444444
0 0.7299479166666667 0.4842592592592593 0.09010416666666667 0.20925925925925926
0 0.20520833333333333 0.4740740740740741 0.06145833333333333 0.2240740740740741
