1 0.9263020833333333 0.39490740740740743 0.03177083333333333 0.06018518518518519
2 0.9526041666666667 0.40972222222222227 0.022916666666666665 0.04722222222222222
2 0.7901041666666666 0.3902777777777778 0.028125 0.04351851851851852
2 0.7734375 0.3740740740740741 0.021875 0.044444444444444446
1 0.3528645833333333 0.287962962962963 0.019270833333333334 0.02777777777777778
1 0.2713541666666667 0.30648148148148147 0.027083333333333334 0.04814814814814815
1 0.25234375 0.2916666666666667 0.021354166666666667 0.02962962962962963
1 0.20703125 0.25925925925925924 0.01614583333333333 0.024074074074074074
1 0.10416666666666667 0.2439814814814815 0.013541666666666667 0.02314814814814815
0 0.20677083333333332 0.31157407407407406 0.04375 0.1287037037037037
0 0.34713541666666664 0.35185185185185186 0.05260416666666667 0.15925925925925927
0 0.7580729166666667 0.4902777777777778 0.14010416666666667 0.27685185185185185
0 0.91015625 0.5060185185185185 0.15364583333333334 0.28055555555555556
0 0.2791666666666667 0.41620370370370374 0.08020833333333333 0.2675925925925926
0 0.25729166666666664 0.3763888888888889 0.06354166666666666 0.21574074074074076
