1 0.62421875 0.3893518518518519 0.0390625 0.075
1 0.3921875 0.32083333333333336 0.026041666666666668 0.049074074074074076
1 0.5481770833333334 0.3175925925925926 0.022395833333333334 0.044444444444444446
1 0.521875 0.3162037037037037 0.025 0.036111111111111115
2 0.4630208333333333 0.3189814814814815 0.016666666666666666 0.025
1 0.45468749999999997 0.30648148148148147 0.017708333333333333 0.02592592592592593
2 0.36015625 0.2972222222222222 0.015104166666666667 0.022222222222222223
2 0.3528645833333333 0.2884259259259259 0.011979166666666666 0.017592592592592594
1 0.15130208333333334 0.25 0.011979166666666666 0.018518518518518517
0 0.14869791666666665 0.2953703703703704 0.033854166666666664 0.11481481481481481
0 0.3481770833333333 0.3597222222222222 0.05364583333333333 0.1675925925925926
0 0.45546875 0.3814814814814815 0.07239583333333333 0.17777777777777778
0 0.5161458333333333 0.40740740740740744 0.0875 0.2240740740740741
0 0.6341145833333334 0.5689814814814815 0.16927083333333334 0.42685185185185187
0 0.39453125 0.4324074074074074 0.08489583333333334 0.27037037037037037
