1 0.6596354166666667 0.36342592592592593 0.0203125 0.04537037037037037
1 0.6419270833333334 0.34861111111111115 0.021354166666666667 0.04351851851851852
1 0.4596354166666667 0.3078703703703704 0.021354166666666667 0.03796296296296296
1 0.45 0.3194444444444445 0.020833333333333332 0.03518518518518519
1 0.3645833333333333 0.29120370370370374 0.016666666666666666 0.028703703703703703
1 0.35182291666666665 0.2884259259259259 0.01614583333333333 0.030555555555555558
1 0.22005208333333334 0.26712962962962966 0.01614583333333333 0.019444444444444445
1 0.018489583333333334 0.22453703703703703 0.011979166666666666 0.021296296296296296
0 0.22057291666666667 0.3199074074074074 0.04114583333333333 0.13425925925925927
0 0.3541666666666667 0.3666666666666667 0.057291666666666664 0.18333333333333335
0 0.44765625 0.39675925925925926 0.0796875 0.2175925925925926
0 0.6359375 0.45462962962962966 0.096875 0.2574074074074074
