1 0.7677083333333333 0.6615740740740741 0.05416666666666667 0.09907407407407408
1 0.6580729166666667 0.5444444444444445 0.0203125 0.037037037037037035
1 0.44869791666666664 0.5300925925925926 0.0140625 0.030555555555555558
1 0.45807291666666666 0.5259259259259259 0.022395833333333334 0.03518518518518519
1 0.4901041666666667 0.5194444444444445 0.01875 0.02962962962962963
1 0.3768229166666667 0.5115740740740741 0.0140625 0.02314814814814815
1 0.3536458333333333 0.5120370370370371 0.015625 0.02592592592592593
1 0.26953125 0.5060185185185185 0.011979166666666666 0.02314814814814815
1 0.27369791666666665 0.49953703703703706 0.0109375 0.021296296296296296
0 0.7799479166666666 0.8027777777777778 0.22864583333333333 0.3944444444444445
0 0.2677083333333333 0.563425925925926 0.03854166666666667 0.14166666666666666
0 0.3802083333333333 0.5657407407407408 0.03958333333333333 0.13518518518518519
0 0.35130208333333335 0.5726851851851852 0.0453125 0.14722222222222223
0 0.4875 0.5884259259259259 0.05416666666666667 0.16574074074074074
0 0.45234375 0.6189814814814815 0.07135416666666666 0.2175925925925926
0 0.6528645833333333 0.6351851851851852 0.08385416666666666 0.21666666666666667
