1 0.9403645833333333 0.42314814814814816 0.05260416666666667 0.10925925925925926
2 0.590625 0.33333333333333337 0.01875 0.044444444444444446
2 0.5723958333333333 0.3421296296296296 0.017708333333333333 0.036111111111111115
2 0.5575520833333333 0.3666666666666667 0.018229166666666668 0.031481481481481485
1 0.53203125 0.31574074074074077 0.0234375 0.03518518518518519
1 0.2747395833333333 0.26944444444444443 0.015104166666666667 0.02592592592592593
0 0.27109375 0.33425925925925926 0.04739583333333333 0.1537037037037037
0 0.52734375 0.4041666666666667 0.09635416666666667 0.2138888888888889
0 0.56484375 0.4287037037037037 0.1046875 0.2351851851851852
0 0.9127604166666666 0.625462962962963 0.17447916666666666 0.49722222222222223
