1 0.9513020833333333 0.42314814814814816 0.0515625 0.09074074074074075
1 0.3028645833333333 0.3180555555555556 0.03177083333333333 0.05277777777777778
1 0.51953125 0.3143518518518519 0.0171875 0.03425925925925926
1 0.42994791666666665 0.2972222222222222 0.0171875 0.03518518518518519
1 0.40963541666666664 0.2916666666666667 0.0140625 0.031481481481481485
1 0.20833333333333334 0.2606481481481482 0.0125 0.025
1 0.14505208333333333 0.2490740740740741 0.0109375 0.016666666666666666
1 0.13880208333333333 0.25092592592592594 0.011979166666666666 0.020370370370370372
2 0.061718749999999996 0.23194444444444445 0.013020833333333334 0.02314814814814815
0 0.2015625 0.3162037037037037 0.046875 0.1398148148148148
0 0.4067708333333333 0.3703703703703704 0.06875 0.1851851851851852
0 0.51328125 0.3962962962962963 0.0859375 0.19444444444444445
0 0.9174479166666667 0.625462962962963 0.16510416666666666 0.4953703703703704
0 0.3098958333333333 0.437962962962963 0.09270833333333334 0.2962962962962963
