1 0.32005208333333335 0.45740740740740743 0.013020833333333334 0.022222222222222223
1 0.34401041666666665 0.46574074074074073 0.0140625 0.02777777777777778
1 0.4203125 0.46805555555555556 0.015625 0.02314814814814815
1 0.6729166666666666 0.49722222222222223 0.026041666666666668 0.04259259259259259
1 0.6955729166666667 0.5023148148148149 0.022395833333333334 0.04351851851851852
1 0.778125 0.5 0.03125 0.05
1 0.7979166666666666 0.500462962962963 0.026041666666666668 0.05092592592592593
0 0.31354166666666666 0.5125000000000001 0.04791666666666666 0.13240740740740742
0 0.4184895833333333 0.5273148148148148 0.043229166666666666 0.1398148148148148
0 0.34375 0.5287037037037037 0.040625 0.14814814814814814
0 0.76953125 0.5976851851851852 0.10364583333333333 0.24166666666666667
0 0.6666666666666666 0.6069444444444445 0.09791666666666667 0.2712962962962963
0 0.8348958333333333 0.5902777777777778 0.09270833333333334 0.22314814814814815
0 0.8893229166666666 0.5893518518518519 0.09635416666666667 0.21944444444444444
