1 0.9369791666666667 0.45740740740740743 0.029166666666666667 0.04814814814814815
1 0.8815104166666666 0.4481481481481482 0.030729166666666665 0.03888888888888889
1 0.9049479166666666 0.44351851851851853 0.025520833333333333 0.040740740740740744
1 0.6838541666666667 0.412962962962963 0.020833333333333332 0.03888888888888889
1 0.67265625 0.4226851851851852 0.013020833333333334 0.036111111111111115
1 0.5651041666666666 0.39675925925925926 0.014583333333333334 0.026851851851851852
2 0.54765625 0.39537037037037037 0.0171875 0.02777777777777778
1 0.29375 0.4449074074074074 0.02395833333333333 0.058333333333333334
1 0.2838541666666667 0.43194444444444446 0.022916666666666665 0.05462962962962963
1 0.390625 0.3902777777777778 0.017708333333333333 0.036111111111111115
1 0.39869791666666665 0.3805555555555556 0.0140625 0.03518518518518519
0 0.29973958333333334 0.5810185185185185 0.09322916666666667 0.3527777777777778
0 0.2421875 0.4291666666666667 0.04895833333333333 0.16574074074074074
0 0.3932291666666667 0.46481481481481485 0.065625 0.20185185185185187
0 0.5424479166666667 0.4740740740740741 0.0671875 0.1925925925925926
0 0.6627604166666666 0.5194444444444445 0.10260416666666666 0.2518518518518519
0 0.8739583333333333 0.5662037037037038 0.13333333333333333 0.27870370370370373
