1 0.88125 0.5615740740740741 0.029166666666666667 0.049074074074074076
1 0.8666666666666667 0.5666666666666667 0.021875 0.04259259259259259
1 0.41302083333333334 0.5148148148148148 0.013541666666666667 0.024074074074074074
1 0.3989583333333333 0.5157407407407407 0.013541666666666667 0.02592592592592593
1 0.3890625 0.5083333333333333 0.011458333333333333 0.022222222222222223
1 0.3815104166666667 0.5101851851851852 0.0109375 0.020370370370370372
1 0.20911458333333333 0.4967592592592593 0.0109375 0.017592592592592594
2 0.17135416666666667 0.4828703703703704 0.007291666666666667 0.012037037037037037
1 0.1671875 0.48564814814814816 0.007291666666666667 0.012037037037037037
0 0.40130208333333334 0.5791666666666667 0.049479166666666664 0.1564814814814815
0 0.8559895833333333 0.675 0.12343749999999999 0.2814814814814815
