1 0.8825520833333333 0.5662037037037038 0.03177083333333333 0.05277777777777778
1 0.49713541666666666 0.5166666666666667 0.018229166666666668 0.031481481481481485
1 0.4783854166666667 0.5231481481481481 0.015104166666666667 0.02592592592592593
1 0.428125 0.5240740740740741 0.015625 0.02777777777777778
2 0.4122395833333333 0.5240740740740741 0.0171875 0.02777777777777778
1 0.30494791666666665 0.5092592592592593 0.015104166666666667 0.024074074074074074
1 0.24557291666666667 0.49444444444444446 0.013020833333333334 0.018518518518518517
0 0.24322916666666666 0.549074074074074 0.041666666666666664 0.13148148148148148
0 0.3067708333333333 0.5768518518518518 0.051041666666666666 0.16111111111111112
0 0.4770833333333333 0.5944444444444444 0.06666666666666667 0.18703703703703706
0 0.4114583333333333 0.6064814814814815 0.07291666666666667 0.19444444444444445
0 0.8859374999999999 0.6972222222222223 0.15416666666666667 0.3111111111111111
