1 0.9606770833333333 0.5814814814814815 0.0296875 0.05
2 0.7419270833333333 0.5828703703703704 0.027604166666666666 0.04351851851851852
2 0.7817708333333333 0.6092592592592593 0.03125 0.0462962962962963
1 0.29609375 0.5055555555555555 0.011979166666666666 0.014814814814814815
1 0.2643229166666667 0.5 0.011979166666666666 0.018518518518518517
1 0.17578125 0.49444444444444446 0.013020833333333334 0.020370370370370372
1 0.20729166666666665 0.4912037037037037 0.010416666666666666 0.017592592592592594
1 0.21510416666666665 0.4902777777777778 0.009375 0.015740740740740743
0 0.2953125 0.5550925925925926 0.041666666666666664 0.1287037037037037
0 0.73828125 0.725925925925926 0.13697916666666665 0.34074074074074073
0 0.94140625 0.7157407407407408 0.1171875 0.32037037037037036
