1 0.3450520833333333 0.5175925925925926 0.0203125 0.02962962962962963
1 0.3703125 0.5115740740740741 0.015625 0.030555555555555558
1 0.22265625 0.5189814814814815 0.024479166666666666 0.032407407407407406
1 0.26536458333333335 0.500925925925926 0.015104166666666667 0.020370370370370372
2 0.20703125 0.513888888888889 0.009895833333333333 0.018518518518518517
2 0.19791666666666666 0.5027777777777778 0.009375 0.018518518518518517
0 0.19635416666666666 0.562962962962963 0.041666666666666664 0.1425925925925926
0 0.2625 0.5518518518518519 0.034375 0.12592592592592594
0 0.36875 0.5740740740740741 0.03958333333333333 0.14814814814814814
0 0.22135416666666666 0.5916666666666667 0.059375 0.18333333333333335
0 0.3442708333333333 0.5967592592592593 0.051041666666666666 0.18981481481481483
