1 0.92578125 0.37083333333333335 0.0296875 0.03796296296296296
1 0.6856770833333333 0.35185185185185186 0.0234375 0.037037037037037035
1 0.6182291666666666 0.3425925925925926 0.022916666666666665 0.031481481481481485
1 0.43072916666666666 0.300462962962963 0.016666666666666666 0.028703703703703703
1 0.19192708333333333 0.24675925925925926 0.008854166666666666 0.017592592592592594
1 0.17942708333333332 0.24953703703703706 0.0109375 0.021296296296296296
1 0.09088541666666666 0.2351851851851852 0.0109375 0.018518518518518517
0 0.1796875 0.300462962962963 0.040625 0.125
0 0.6083333333333333 0.45925925925925926 0.11145833333333333 0.26851851851851855
0 0.6747395833333333 0.4537037037037037 0.10364583333333333 0.24444444444444446
0 0.91484375 0.4916666666666667 0.1453125 0.27222222222222225
