1 0.8744791666666667 0.5800925925925926 0.035416666666666666 0.05648148148148149
1 0.9078125 0.5694444444444444 0.030208333333333334 0.06666666666666667
1 0.9364583333333333 0.5638888888888889 0.028125 0.05
1 0.32395833333333335 0.5041666666666667 0.0125 0.021296296296296296
1 0.31744791666666666 0.5074074074074074 0.0109375 0.020370370370370372
2 0.22447916666666667 0.5023148148148149 0.011458333333333333 0.02314814814814815
1 0.23776041666666667 0.4962962962962963 0.011979166666666666 0.020370370370370372
1 0.1921875 0.49212962962962964 0.009375 0.015740740740740743
1 0.10755208333333333 0.47962962962962963 0.009895833333333333 0.016666666666666666
0 0.23828125 0.5541666666666667 0.0390625 0.13425925925925927
0 0.22239583333333332 0.5597222222222222 0.04479166666666667 0.1398148148148148
0 0.31614583333333335 0.5592592592592592 0.040625 0.13518518518518519
0 0.4041666666666667 0.5810185185185185 0.053125 0.16018518518518518
0 0.8817708333333333 0.7217592592592593 0.16354166666666667 0.32685185185185184
0 0.90390625 0.6800925925925926 0.13697916666666665 0.2712962962962963
