1 0.6158854166666666 0.5342592592592593 0.018229166666666668 0.03333333333333333
1 0.596875 0.5361111111111111 0.017708333333333333 0.02777777777777778
1 0.4940104166666667 0.5347222222222222 0.021354166666666667 0.032407407407407406
1 0.26145833333333335 0.49953703703703706 0.010416666666666666 0.019444444444444445
1 0.22682291666666665 0.49259259259259264 0.011979166666666666 0.018518518518518517
2 0.15989583333333332 0.487962962962963 0.010416666666666666 0.016666666666666666
1 0.14895833333333333 0.4842592592592593 0.007291666666666667 0.012962962962962964
1 0.14583333333333334 0.48703703703703705 0.007291666666666667 0.012962962962962964
1 0.10989583333333333 0.4861111111111111 0.007291666666666667 0.016666666666666666
2 0.09609375 0.48842592592592593 0.009895833333333333 0.01388888888888889
0 0.2598958333333333 0.5509259259259259 0.0375 0.12407407407407407
0 0.5018229166666667 0.6236111111111111 0.07864583333333333 0.2138888888888889
0 0.5940104166666667 0.6138888888888889 0.0796875 0.1925925925925926
