1 0.23723958333333334 0.4152777777777778 0.027604166666666666 0.05277777777777778
1 0.8973958333333333 0.4189814814814815 0.027083333333333334 0.036111111111111115
1 0.7546875 0.4046296296296297 0.019791666666666666 0.037037037037037035
1 0.5791666666666666 0.39490740740740743 0.02395833333333333 0.04351851851851852
1 0.60078125 0.3912037037037037 0.015104166666666667 0.026851851851851852
1 0.30494791666666665 0.34675925925925927 0.015104166666666667 0.021296296296296296
0 0.2752604166666667 0.39351851851851855 0.0359375 0.12222222222222223
0 0.30182291666666666 0.4050925925925926 0.0421875 0.1398148148148148
0 0.6013020833333333 0.4703703703703704 0.06822916666666666 0.18888888888888888
0 0.57421875 0.5111111111111112 0.08385416666666666 0.27222222222222225
0 0.7416666666666667 0.49212962962962964 0.08854166666666667 0.2138888888888889
0 0.8895833333333333 0.5305555555555556 0.11666666666666667 0.2537037037037037
0 0.24270833333333333 0.5314814814814816 0.06875 0.2888888888888889
