1 0.559375 0.5736111111111112 0.06041666666666667 0.125
2 0.8239583333333333 0.425462962962963 0.019791666666666666 0.03981481481481482
1 0.8325520833333333 0.4152777777777778 0.021354166666666667 0.036111111111111115
1 0.6973958333333333 0.40231481481481485 0.026041666666666668 0.03425925925925926
1 0.39375 0.362962962962963 0.015625 0.024074074074074074
1 0.36796875 0.35555555555555557 0.013020833333333334 0.022222222222222223
1 0.3614583333333333 0.3611111111111111 0.0125 0.020370370370370372
0 0.36692708333333335 0.4324074074074074 0.049479166666666664 0.17777777777777778
0 0.6036458333333333 0.4675925925925926 0.08020833333333333 0.1962962962962963
0 0.8127604166666667 0.5324074074074074 0.1296875 0.2611111111111111
0 0.7046875 0.4912037037037037 0.052083333333333336 0.2138888888888889
0 0.8184895833333333 0.5180555555555556 0.1140625 0.24537037037037038
0 0.57578125 0.7583333333333334 0.1890625 0.48333333333333334
