1 0.76328125 0.42129629629629634 0.0296875 0.061111111111111116
1 0.7515625 0.3736111111111111 0.027083333333333334 0.05092592592592593
1 0.70078125 0.36574074074074076 0.0265625 0.04814814814814815
1 0.6770833333333334 0.3625 0.017708333333333333 0.04166666666666667
1 0.65625 0.3472222222222222 0.02395833333333333 0.040740740740740744
1 0.38125 0.2898148148148148 0.017708333333333333 0.02962962962962963
1 0.28229166666666666 0.28611111111111115 0.015625 0.03518518518518519
0 0.278125 0.37962962962962965 0.07083333333333333 0.22037037037037038
0 0.38203125 0.3814814814814815 0.0609375 0.21851851851851853
0 0.6463541666666667 0.4671296296296297 0.11562499999999999 0.27685185185185185
0 0.6729166666666666 0.5018518518518519 0.17708333333333334 0.3277777777777778
0 0.7497395833333333 0.5949074074074074 0.2015625 0.4138888888888889
