1 0.9330729166666667 0.6824074074074075 0.0734375 0.10185185185185186
1 0.33671875 0.5115740740740741 0.021354166666666667 0.032407407407407406
1 0.29244791666666664 0.5041666666666667 0.0140625 0.026851851851851852
1 0.24296874999999998 0.4939814814814815 0.013020833333333334 0.015740740740740743
1 0.23828125 0.49953703703703706 0.009895833333333333 0.01388888888888889
1 0.178125 0.49444444444444446 0.011458333333333333 0.018518518518518517
0 0.9098958333333333 0.8175925925925926 0.18020833333333333 0.3648148148148148
0 0.23880208333333333 0.5518518518518519 0.04010416666666666 0.13518518518518519
0 0.3328125 0.5787037037037037 0.051041666666666666 0.16111111111111112
0 0.2916666666666667 0.5574074074074075 0.035416666666666666 0.12962962962962962
