1 0.5817708333333333 0.4615740740740741 0.040625 0.0712962962962963
1 0.5520833333333334 0.4620370370370371 0.028125 0.05740740740740741
1 0.5973958333333333 0.4046296296296297 0.02395833333333333 0.037037037037037035
1 0.5783854166666667 0.40972222222222227 0.0203125 0.036111111111111115
1 0.5572916666666666 0.39212962962962966 0.019791666666666666 0.032407407407407406
1 0.54140625 0.39675925925925926 0.019270833333333334 0.032407407407407406
1 0.4666666666666667 0.3824074074074074 0.021875 0.037037037037037035
1 0.4513020833333333 0.3893518518518519 0.0203125 0.03425925925925926
2 0.3125 0.3574074074074074 0.0125 0.022222222222222223
2 0.29921875 0.35185185185185186 0.011979166666666666 0.022222222222222223
2 0.07708333333333334 0.35833333333333334 0.011458333333333333 0.02592592592592593
2 0.06770833333333333 0.36388888888888893 0.013541666666666667 0.02777777777777778
0 0.303125 0.41250000000000003 0.04479166666666667 0.14351851851851852
0 0.5447916666666667 0.475462962962963 0.084375 0.19907407407407407
0 0.58359375 0.5041666666666667 0.09427083333333333 0.23425925925925928
0 0.4466145833333333 0.48842592592592593 0.07760416666666667 0.25092592592592594
0 0.5942708333333333 0.6708333333333334 0.20104166666666667 0.5064814814814815
0 0.07682291666666667 0.4342592592592593 0.049479166666666664 0.18333333333333335
