2 0.9270833333333334 0.45231481481481484 0.027083333333333334 0.05648148148148149
1 0.8932291666666666 0.4444444444444445 0.034375 0.044444444444444446
1 0.6041666666666666 0.45787037037037037 0.034375 0.07685185185185185
2 0.56796875 0.4532407407407408 0.0359375 0.0638888888888889
1 0.2984375 0.3902777777777778 0.02395833333333333 0.04351851851851852
2 0.13072916666666667 0.4226851851851852 0.029166666666666667 0.04166666666666667
0 0.8893229166666666 0.5694444444444444 0.15989583333333332 0.30185185185185187
0 0.31640625 0.49583333333333335 0.08177083333333333 0.25277777777777777
0 0.6158854166666666 0.6449074074074075 0.14947916666666666 0.4527777777777778
0 0.1359375 0.5574074074074075 0.07291666666666667 0.312962962962963
