1 0.20833333333333334 0.5472222222222223 0.025 0.044444444444444446
1 0.47421874999999997 0.5212962962962964 0.0140625 0.022222222222222223
1 0.3924479166666667 0.5185185185185185 0.0140625 0.02592592592592593
1 0.32916666666666666 0.5092592592592593 0.014583333333333334 0.02777777777777778
1 0.32109375 0.5194444444444445 0.013020833333333334 0.022222222222222223
1 0.284375 0.5226851851851853 0.015625 0.025
1 0.28671875 0.500925925925926 0.0140625 0.020370370370370372
1 0.184375 0.49444444444444446 0.011458333333333333 0.016666666666666666
1 0.14739583333333334 0.4828703703703704 0.009375 0.017592592592592594
1 0.09947916666666666 0.4865740740740741 0.010416666666666666 0.01388888888888889
1 0.08307291666666666 0.4791666666666667 0.009895833333333333 0.01388888888888889
0 0.3255208333333333 0.5773148148148148 0.052083333333333336 0.16574074074074074
0 0.3911458333333333 0.5773148148148148 0.042708333333333334 0.14351851851851852
0 0.28151041666666665 0.5888888888888889 0.050520833333333334 0.16481481481481483
0 0.47421874999999997 0.5949074074074074 0.0609375 0.17500000000000002
0 0.21145833333333333 0.6555555555555556 0.0625 0.26481481481481484
