1 0.4666666666666667 0.6685185185185185 0.06770833333333333 0.10370370370370371
1 0.29453125 0.5046296296296297 0.0109375 0.024074074074074074
1 0.2859375 0.5018518518518519 0.011458333333333333 0.016666666666666666
1 0.19739583333333333 0.4967592592592593 0.011458333333333333 0.019444444444444445
1 0.14635416666666667 0.4981481481481482 0.013541666666666667 0.016666666666666666
1 0.10234375 0.4828703703703704 0.0078125 0.012037037037037037
1 0.07005208333333333 0.475462962962963 0.008854166666666666 0.01388888888888889
0 0.196875 0.5453703703703704 0.040625 0.12407407407407407
0 0.29609375 0.5578703703703703 0.04114583333333333 0.13055555555555556
0 0.4713541666666667 0.8078703703703703 0.171875 0.3842592592592593
