1 0.8286458333333333 0.5592592592592592 0.03333333333333333 0.04259259259259259
1 0.7934895833333333 0.5597222222222222 0.0296875 0.036111111111111115
1 0.6447916666666667 0.5546296296296297 0.026041666666666668 0.044444444444444446
1 0.5049479166666666 0.5273148148148148 0.018229166666666668 0.026851851851851852
1 0.30885416666666665 0.5064814814814815 0.013541666666666667 0.022222222222222223
1 0.26171875 0.4990740740740741 0.011979166666666666 0.016666666666666666
1 0.21380208333333334 0.4962962962962963 0.008854166666666666 0.016666666666666666
1 0.20781249999999998 0.4962962962962963 0.008333333333333333 0.018518518518518517
1 0.04088541666666667 0.49212962962962964 0.009895833333333333 0.015740740740740743
0 0.20677083333333332 0.5509259259259259 0.03854166666666667 0.12592592592592594
0 0.2598958333333333 0.5513888888888889 0.036458333333333336 0.125
0 0.3078125 0.5712962962962963 0.042708333333333334 0.1537037037037037
0 0.5052083333333334 0.6180555555555556 0.06770833333333333 0.2064814814814815
0 0.7817708333333333 0.6685185185185185 0.15208333333333332 0.26296296296296295
0 0.6380208333333334 0.6731481481481482 0.10729166666666666 0.2796296296296296
