1 0.37916666666666665 0.5120370370370371 0.014583333333333334 0.020370370370370372
1 0.36354166666666665 0.5203703703703704 0.0125 0.022222222222222223
1 0.2609375 0.5361111111111111 0.017708333333333333 0.03333333333333333
1 0.2505208333333333 0.49583333333333335 0.010416666666666666 0.015740740740740743
1 0.18645833333333334 0.4916666666666667 0.013541666666666667 0.020370370370370372
1 0.159375 0.4861111111111111 0.009375 0.014814814814814815
1 0.14010416666666667 0.4865740740740741 0.008333333333333333 0.012037037037037037
0 0.2546875 0.5458333333333334 0.034375 0.1175925925925926
0 0.37083333333333335 0.5773148148148148 0.046875 0.15462962962962964
0 0.18489583333333334 0.5444444444444445 0.03854166666666667 0.12037037037037038
0 0.2643229166666667 0.6185185185185186 0.057812499999999996 0.20370370370370372
