1 0.4395833333333333 0.3037037037037037 0.022916666666666665 0.02592592592592593
1 0.35651041666666666 0.28703703703703703 0.015104166666666667 0.024074074074074074
1 0.20885416666666667 0.2625 0.0125 0.015740740740740743
1 0.1375 0.24722222222222223 0.011458333333333333 0.016666666666666666
1 0.12864583333333332 0.2476851851851852 0.009375 0.015740740740740743
0 0.12734375 0.30462962962962964 0.044270833333333336 0.1388888888888889
0 0.20625 0.32175925925925924 0.041666666666666664 0.1398148148148148
0 0.35546875 0.36203703703703705 0.06510416666666667 0.17777777777777778
0 0.43697916666666664 0.40185185185185185 0.08125 0.22777777777777777
0 0.35442708333333334 0.33981481481481485 0.05260416666666667 0.1537037037037037
