1 0.5734375 0.4361111111111111 0.025 0.044444444444444446
1 0.5651041666666666 0.4189814814814815 0.026041666666666668 0.03796296296296296
1 0.2669270833333333 0.3893518518518519 0.015104166666666667 0.030555555555555558
1 0.08671875 0.3560185185185185 0.0140625 0.028703703703703703
2 0.02421875 0.38287037037037036 0.025520833333333333 0.05092592592592593
0 0.278125 0.4236111111111111 0.03958333333333333 0.12685185185185185
0 0.5861979166666667 0.5601851851851852 0.11302083333333333 0.312962962962963
0 0.26848958333333334 0.4550925925925926 0.05572916666666666 0.19351851851851853
0 0.08723958333333333 0.42129629629629634 0.04739583333333333 0.1574074074074074
0 0.027604166666666666 0.47685185185185186 0.053125 0.22777777777777777
