1 0.8432291666666667 0.5569444444444445 0.028125 0.05462962962962963
1 0.5963541666666666 0.5361111111111111 0.02395833333333333 0.031481481481481485
1 0.565625 0.5537037037037037 0.022916666666666665 0.037037037037037035
1 0.30807291666666664 0.5703703703703704 0.022395833333333334 0.04814814814814815
1 0.4361979166666667 0.5203703703703704 0.01614583333333333 0.03333333333333333
1 0.3255208333333333 0.5037037037037038 0.014583333333333334 0.024074074074074074
1 0.29765625 0.5148148148148148 0.011979166666666666 0.020370370370370372
1 0.2908854166666667 0.5106481481481482 0.013020833333333334 0.021296296296296296
1 0.09739583333333333 0.4865740740740741 0.008333333333333333 0.012037037037037037
0 0.29296875 0.5777777777777778 0.0484375 0.15555555555555556
0 0.4322916666666667 0.5986111111111111 0.06041666666666667 0.18611111111111112
0 0.56796875 0.6476851851851853 0.10781249999999999 0.26203703703703707
0 0.8338541666666667 0.6967592592592593 0.16458333333333333 0.33055555555555555
0 0.31536458333333334 0.7041666666666667 0.0828125 0.3138888888888889
