2 0.45390625 0.5259259259259259 0.018229166666666668 0.03333333333333333
1 0.43776041666666665 0.5365740740740741 0.018229166666666668 0.03981481481481482
1 0.36640625 0.5199074074074074 0.0171875 0.026851851851851852
1 0.36015625 0.5175925925925926 0.013020833333333334 0.022222222222222223
1 0.28203125 0.5092592592592593 0.01614583333333333 0.022222222222222223
1 0.10052083333333334 0.487962962962963 0.010416666666666666 0.018518518518518517
1 0.13541666666666666 0.4810185185185185 0.007291666666666667 0.017592592592592594
1 0.10859375 0.4800925925925926 0.008854166666666666 0.015740740740740743
0 0.43697916666666664 0.6245370370370371 0.07291666666666667 0.22314814814814815
0 0.3515625 0.5925925925925926 0.05520833333333333 0.17592592592592593
