1 0.6390625 0.4365740740740741 0.03333333333333333 0.06574074074074074
1 0.6096354166666667 0.38981481481481484 0.0171875 0.02962962962962963
1 0.63125 0.39305555555555555 0.016666666666666666 0.03425925925925926
2 0.31953125 0.34953703703703703 0.0109375 0.021296296296296296
1 0.31354166666666666 0.34814814814814815 0.009375 0.020370370370370372
1 0.10416666666666667 0.3375 0.013541666666666667 0.026851851851851852
1 0.16744791666666667 0.32962962962962966 0.009895833333333333 0.012962962962962964
0 0.16848958333333333 0.3662037037037037 0.024479166666666666 0.08796296296296297
0 0.315625 0.4046296296296297 0.03958333333333333 0.13148148148148148
0 0.6033854166666667 0.4763888888888889 0.0734375 0.2064814814814815
0 0.10885416666666667 0.3861111111111111 0.040625 0.1388888888888889
0 0.64296875 0.5773148148148148 0.13177083333333334 0.33425925925925926
