1 0.7471354166666666 0.5171296296296296 0.021354166666666667 0.036111111111111115
1 0.7197916666666666 0.5087962962962963 0.01875 0.04351851851851852
1 0.6671875 0.5097222222222222 0.02395833333333333 0.04537037037037037
1 0.68203125 0.5143518518518518 0.028645833333333332 0.04722222222222222
1 0.5703125 0.49953703703703706 0.011458333333333333 0.028703703703703703
1 0.5578125 0.4962962962962963 0.017708333333333333 0.02777777777777778
1 0.37578125 0.5087962962962963 0.024479166666666666 0.049074074074074076
1 0.31640625 0.46944444444444444 0.0171875 0.02962962962962963
1 0.2622395833333333 0.4625 0.008854166666666666 0.017592592592592594
1 0.20182291666666666 0.45416666666666666 0.009895833333333333 0.012037037037037037
1 0.15286458333333333 0.4564814814814815 0.011979166666666666 0.018518518518518517
1 0.11119791666666666 0.45092592592592595 0.009895833333333333 0.016666666666666666
1 0.071875 0.4486111111111111 0.010416666666666666 0.012037037037037037
0 0.26197916666666665 0.5180555555555556 0.041666666666666664 0.13240740740740742
0 0.31197916666666664 0.5324074074074074 0.04583333333333333 0.15555555555555556
0 0.5606770833333333 0.5717592592592593 0.06510416666666667 0.18055555555555555
0 0.6794270833333333 0.6546296296296297 0.11510416666666666 0.34074074074074073
0 0.72109375 0.6162037037037037 0.09114583333333333 0.25092592592592594
0 0.3828125 0.6138888888888889 0.07291666666666667 0.2555555555555556
