1 0.8020833333333334 0.36944444444444446 0.027083333333333334 0.04814814814814815
2 0.6705729166666666 0.3740740740740741 0.018229166666666668 0.03518518518518519
1 0.6424479166666667 0.36064814814814816 0.021354166666666667 0.03796296296296296
1 0.5776041666666667 0.32222222222222224 0.017708333333333333 0.03333333333333333
1 0.5408854166666667 0.32731481481481484 0.018229166666666668 0.03425925925925926
1 0.44088541666666664 0.29583333333333334 0.018229166666666668 0.030555555555555558
2 0.45260416666666664 0.32083333333333336 0.016666666666666666 0.030555555555555558
2 0.33359375 0.29953703703703705 0.015104166666666667 0.028703703703703703
1 0.31666666666666665 0.28425925925925927 0.01875 0.03333333333333333
1 0.121875 0.24537037037037038 0.010416666666666666 0.020370370370370372
0 0.3151041666666667 0.3615740740740741 0.057291666666666664 0.18425925925925926
0 0.43671875 0.38703703703703707 0.0703125 0.20555555555555557
0 0.5395833333333333 0.4185185185185185 0.08958333333333333 0.21481481481481482
0 0.64140625 0.4638888888888889 0.1171875 0.24629629629629632
0 0.7877604166666666 0.4763888888888889 0.1296875 0.2601851851851852
