1 0.6815104166666667 0.4240740740740741 0.021354166666666667 0.03888888888888889
1 0.6466145833333333 0.4203703703703704 0.018229166666666668 0.03518518518518519
2 0.6640625 0.4273148148148148 0.017708333333333333 0.03425925925925926
1 0.21067708333333332 0.41481481481481486 0.03177083333333333 0.05740740740740741
1 0.3911458333333333 0.3791666666666667 0.011458333333333333 0.025
1 0.40182291666666664 0.3791666666666667 0.013020833333333334 0.026851851851851852
2 0.27317708333333335 0.362962962962963 0.0109375 0.016666666666666666
2 0.26067708333333334 0.362962962962963 0.0109375 0.020370370370370372
2 0.20078125 0.3462962962962963 0.009895833333333333 0.016666666666666666
1 0.19375 0.3458333333333333 0.007291666666666667 0.015740740740740743
1 0.15651041666666665 0.34120370370370373 0.009895833333333333 0.015740740740740743
0 0.39036458333333335 0.45972222222222225 0.058854166666666666 0.19166666666666668
0 0.6526041666666667 0.5120370370370371 0.096875 0.21481481481481482
0 0.22005208333333334 0.5648148148148149 0.09427083333333333 0.3592592592592593
