1 0.8546874999999999 0.4708333333333333 0.028125 0.04537037037037037
1 0.6997395833333333 0.4189814814814815 0.018229166666666668 0.030555555555555558
1 0.57890625 0.41250000000000003 0.0203125 0.030555555555555558
1 0.48333333333333334 0.40185185185185185 0.017708333333333333 0.031481481481481485
1 0.3731770833333333 0.3800925925925926 0.0140625 0.025
1 0.35859375 0.38101851851851853 0.015104166666666667 0.02314814814814815
2 0.2796875 0.3560185185185185 0.010416666666666666 0.019444444444444445
1 0.21692708333333333 0.3550925925925926 0.01614583333333333 0.021296296296296296
1 0.18203125 0.3476851851851852 0.0140625 0.025
0 0.3609375 0.46064814814814814 0.057291666666666664 0.1824074074074074
0 0.48203124999999997 0.4967592592592593 0.06822916666666666 0.22314814814814815
0 0.5755208333333334 0.500925925925926 0.071875 0.20740740740740743
0 0.8401041666666667 0.5833333333333334 0.13229166666666667 0.27037037037037037
0 0.6955729166666667 0.4967592592592593 0.0984375 0.18796296296296297
