1 0.49921875 0.4046296296296297 0.01614583333333333 0.02592592592592593
1 0.69921875 0.42129629629629634 0.019270833333333334 0.03333333333333333
1 0.36822916666666666 0.37592592592592594 0.0125 0.020370370370370372
1 0.2830729166666667 0.36435185185185187 0.0140625 0.026851851851851852
1 0.22109375 0.3550925925925926 0.0109375 0.025
1 0.21276041666666667 0.35555555555555557 0.011979166666666666 0.020370370370370372
2 0.17057291666666666 0.33981481481481485 0.0067708333333333336 0.012962962962962964
1 0.05182291666666666 0.3458333333333333 0.011979166666666666 0.02314814814814815
1 0.043229166666666666 0.3472222222222222 0.009375 0.020370370370370372
1 0.12291666666666666 0.3388888888888889 0.008333333333333333 0.016666666666666666
0 0.2828125 0.4240740740740741 0.04375 0.14444444444444446
0 0.37005208333333334 0.4393518518518519 0.049479166666666664 0.14907407407407408
0 0.49557291666666664 0.47824074074074074 0.0546875 0.17314814814814816
0 0.6934895833333333 0.4967592592592593 0.09635416666666667 0.18796296296296297
0 0.050520833333333334 0.40185185185185185 0.03958333333333333 0.13703703703703704
