2 0.6192708333333333 0.5953703703703704 0.06666666666666667 0.1685185185185185
1 0.9278645833333333 0.4916666666666667 0.0609375 0.13703703703703704
1 0.8781249999999999 0.4949074074074074 0.05625 0.11388888888888889
1 0.90703125 0.3736111111111111 0.0328125 0.06018518518518519
1 0.8684895833333334 0.40046296296296297 0.033854166666666664 0.0638888888888889
1 0.24609375 0.2851851851851852 0.01614583333333333 0.031481481481481485
0 0.8924479166666667 0.7171296296296297 0.21510416666666665 0.5657407407407408
0 0.5895833333333333 0.763888888888889 0.321875 0.47222222222222227
0 0.24166666666666667 0.3615740740740741 0.06145833333333333 0.18611111111111112
0 0.8541666666666666 0.5212962962962964 0.18958333333333333 0.35000000000000003
