1 0.81796875 0.4865740740740741 0.03697916666666667 0.07685185185185185
1 0.7924479166666667 0.48379629629629634 0.0296875 0.06759259259259259
1 0.7018229166666666 0.4152777777777778 0.0234375 0.04351851851851852
1 0.68125 0.40324074074074073 0.021875 0.04351851851851852
1 0.37526041666666665 0.36944444444444446 0.013020833333333334 0.022222222222222223
1 0.3638020833333333 0.3712962962962963 0.011979166666666666 0.024074074074074074
1 0.19817708333333334 0.3527777777777778 0.013020833333333334 0.022222222222222223
1 0.21588541666666666 0.3490740740740741 0.011979166666666666 0.018518518518518517
0 0.1921875 0.4101851851851852 0.04479166666666667 0.1462962962962963
0 0.3653645833333333 0.4328703703703704 0.057812499999999996 0.1527777777777778
0 0.6684895833333333 0.512962962962963 0.1046875 0.25925925925925924
0 0.8315104166666667 0.7138888888888889 0.2515625 0.5388888888888889
