2 0.9651041666666667 0.4550925925925926 0.028125 0.05277777777777778
2 0.9278645833333333 0.4537037037037037 0.027604166666666666 0.05
2 0.8273437499999999 0.4439814814814815 0.024479166666666666 0.03796296296296296
2 0.81484375 0.47314814814814815 0.015104166666666667 0.02592592592592593
2 0.7880208333333333 0.4337962962962963 0.020833333333333332 0.04351851851851852
1 0.5052083333333334 0.3995370370370371 0.021875 0.032407407407407406
1 0.38828125 0.375462962962963 0.0140625 0.025
1 0.37734375 0.3768518518518519 0.013020833333333334 0.022222222222222223
1 0.18697916666666667 0.3425925925925926 0.010416666666666666 0.016666666666666666
1 0.10703125 0.33425925925925926 0.0067708333333333336 0.011111111111111112
1 0.10390624999999999 0.3287037037037037 0.008854166666666666 0.012962962962962964
0 0.37473958333333335 0.44722222222222224 0.05677083333333333 0.17407407407407408
0 0.5018229166666667 0.48888888888888893 0.07760416666666667 0.20740740740740743
0 0.7791666666666667 0.5421296296296296 0.13958333333333334 0.25462962962962965
0 0.9059895833333333 0.5990740740740741 0.18489583333333334 0.3592592592592593
