1 0.4200520833333333 0.3944444444444445 0.013020833333333334 0.024074074074074074
1 0.4083333333333333 0.38796296296296295 0.013541666666666667 0.024074074074074074
2 0.30052083333333335 0.36342592592592593 0.013541666666666667 0.02314814814814815
1 0.22057291666666667 0.34861111111111115 0.011979166666666666 0.017592592592592594
2 0.19505208333333332 0.35370370370370374 0.009895833333333333 0.016666666666666666
1 0.16484375 0.34490740740740744 0.0078125 0.01388888888888889
1 0.12083333333333333 0.33935185185185185 0.010416666666666666 0.015740740740740743
2 0.18515625 0.3472222222222222 0.0078125 0.018518518518518517
0 0.2981770833333333 0.4240740740740741 0.043229166666666666 0.14444444444444446
0 0.4067708333333333 0.46481481481481485 0.06145833333333333 0.17407407407407408
