1 0.7729166666666667 0.46574074074074073 0.028125 0.044444444444444446
1 0.7723958333333333 0.4342592592592593 0.021875 0.037037037037037035
1 0.6075520833333333 0.42083333333333334 0.019270833333333334 0.032407407407407406
1 0.49114583333333334 0.40601851851851856 0.016666666666666666 0.025
1 0.4283854166666667 0.39537037037037037 0.0203125 0.031481481481481485
1 0.4109375 0.39861111111111114 0.01875 0.026851851851851852
1 0.3299479166666667 0.3680555555555556 0.013020833333333334 0.025
1 0.31875 0.36944444444444446 0.0125 0.022222222222222223
1 0.3442708333333333 0.37222222222222223 0.011458333333333333 0.018518518518518517
1 0.353125 0.37083333333333335 0.009375 0.019444444444444445
1 0.29296875 0.3615740740740741 0.013020833333333334 0.017592592592592594
1 0.2625 0.3615740740740741 0.011458333333333333 0.017592592592592594
1 0.23203125 0.35879629629629634 0.0109375 0.015740740740740743
0 0.34401041666666665 0.4305555555555556 0.04010416666666666 0.1388888888888889
0 0.2635416666666667 0.41944444444444445 0.040625 0.14074074074074075
0 0.3151041666666667 0.44027777777777777 0.051041666666666666 0.1712962962962963
0 0.40963541666666664 0.48240740740740745 0.07135416666666666 0.20925925925925926
0 0.48463541666666665 0.49074074074074076 0.0640625 0.1925925925925926
0 0.60234375 0.5046296296296297 0.07864583333333333 0.1962962962962963
0 0.75625 0.5967592592592593 0.146875 0.31203703703703706
0 0.7614583333333333 0.5597222222222222 0.12604166666666666 0.27870370370370373
