1 0.8 0.4652777777777778 0.025 0.04166666666666667
2 0.6427083333333333 0.43194444444444446 0.022916666666666665 0.04351851851851852
1 0.5494791666666666 0.41574074074074074 0.016666666666666666 0.03333333333333333
1 0.53515625 0.40185185185185185 0.01614583333333333 0.02592592592592593
1 0.46953125 0.39305555555555555 0.018229166666666668 0.03796296296296296
1 0.4549479166666667 0.3990740740740741 0.018229166666666668 0.03333333333333333
1 0.2640625 0.3888888888888889 0.016666666666666666 0.031481481481481485
1 0.3536458333333333 0.3740740740740741 0.014583333333333334 0.02962962962962963
1 0.10963541666666667 0.3513888888888889 0.011979166666666666 0.021296296296296296
0 0.25859375 0.4138888888888889 0.0359375 0.13148148148148148
0 0.3515625 0.4467592592592593 0.051041666666666666 0.17314814814814816
0 0.5265625 0.48935185185185187 0.07916666666666666 0.20833333333333334
0 0.44817708333333334 0.487962962962963 0.08072916666666667 0.22592592592592595
0 0.6403645833333333 0.5310185185185186 0.10989583333333333 0.23611111111111113
0 0.7861979166666666 0.5638888888888889 0.1296875 0.23333333333333334
0 0.2630208333333333 0.475462962962963 0.06458333333333333 0.2101851851851852
0 0.10677083333333333 0.40185185185185185 0.03958333333333333 0.13148148148148148
