1 0.83203125 0.44722222222222224 0.04739583333333333 0.0962962962962963
1 0.759375 0.3550925925925926 0.028125 0.03981481481481482
2 0.5986979166666666 0.33333333333333337 0.019270833333333334 0.024074074074074074
2 0.9841145833333333 0.3976851851851852 0.030729166666666665 0.062037037037037036
1 0.3013020833333333 0.28935185185185186 0.0171875 0.021296296296296296
1 0.2934895833333333 0.2777777777777778 0.015104166666666667 0.020370370370370372
1 0.18776041666666665 0.2550925925925926 0.0109375 0.015740740740740743
0 0.18723958333333332 0.3074074074074074 0.03697916666666667 0.12592592592592594
0 0.2908854166666667 0.3425925925925926 0.0484375 0.15555555555555556
0 0.59609375 0.41712962962962963 0.07864583333333333 0.19351851851851853
0 0.75390625 0.4625 0.12864583333333332 0.2564814814814815
0 0.9367187499999999 0.5513888888888889 0.1265625 0.3527777777777778
0 0.8591145833333333 0.6819444444444445 0.26510416666666664 0.5453703703703704
