2 0.16119791666666666 0.44351851851851853 0.034895833333333334 0.07407407407407407
1 0.33229166666666665 0.4101851851851852 0.029166666666666667 0.05925925925925926
1 0.42083333333333334 0.3592592592592593 0.019791666666666666 0.02962962962962963
1 0.30052083333333335 0.3476851851851852 0.014583333333333334 0.02314814814814815
1 0.5125 0.3726851851851852 0.016666666666666666 0.030555555555555558
1 0.49895833333333334 0.37222222222222223 0.013541666666666667 0.024074074074074074
1 0.5653645833333333 0.3893518518518519 0.0140625 0.032407407407407406
2 0.5731770833333333 0.39675925925925926 0.015104166666666667 0.036111111111111115
2 0.8294270833333334 0.41712962962962963 0.0265625 0.04351851851851852
0 0.23098958333333333 0.38657407407407407 0.027604166666666666 0.11944444444444445
0 0.22239583333333332 0.38333333333333336 0.03229166666666666 0.10370370370370371
0 0.30104166666666665 0.40555555555555556 0.041666666666666664 0.13518518518518519
0 0.41822916666666665 0.4217592592592593 0.04583333333333333 0.1527777777777778
0 0.4979166666666667 0.45 0.0625 0.18703703703703706
0 0.5606770833333333 0.4851851851851852 0.07760416666666667 0.22592592592592595
0 0.8273437499999999 0.5300925925925926 0.1265625 0.2638888888888889
0 0.3346354166666667 0.5532407407407408 0.0953125 0.33981481481481485
0 0.17291666666666666 0.6291666666666667 0.11458333333333333 0.4324074074074074
