2 0.4796875 0.4935185185185185 0.014583333333333334 0.02592592592592593
2 0.4544270833333333 0.5115740740740741 0.0109375 0.017592592592592594
1 0.4640625 0.48888888888888893 0.015625 0.02962962962962963
1 0.19557291666666665 0.46990740740740744 0.0109375 0.019444444444444445
1 0.09427083333333333 0.4620370370370371 0.009375 0.014814814814814815
1 0.046875 0.46944444444444444 0.013541666666666667 0.02777777777777778
0 0.09244791666666667 0.5101851851851852 0.0359375 0.11296296296296297
0 0.19739583333333333 0.5291666666666667 0.04375 0.1398148148148148
0 0.4653645833333333 0.5675925925925926 0.0671875 0.18703703703703706
0 0.04869791666666667 0.5259259259259259 0.03802083333333333 0.1388888888888889
