1 0.8408854166666666 0.49583333333333335 0.04635416666666667 0.0712962962962963
1 0.85234375 0.43194444444444446 0.025520833333333333 0.049074074074074076
1 0.7171875 0.4013888888888889 0.015625 0.030555555555555558
1 0.49557291666666664 0.3791666666666667 0.01614583333333333 0.025
1 0.5369791666666667 0.3717592592592593 0.015625 0.026851851851851852
1 0.5234375 0.375462962962963 0.0125 0.025
1 0.59921875 0.39212962962962966 0.019270833333333334 0.028703703703703703
1 0.58046875 0.38703703703703707 0.01614583333333333 0.02777777777777778
1 0.13177083333333334 0.3337962962962963 0.013541666666666667 0.025
0 0.5236979166666667 0.4430555555555556 0.06197916666666667 0.1712962962962963
0 0.5791666666666666 0.47500000000000003 0.078125 0.2
0 0.4981770833333333 0.4689814814814815 0.07239583333333333 0.2101851851851852
0 0.715625 0.48842592592592593 0.07291666666666667 0.20833333333333334
0 0.8434895833333333 0.549537037037037 0.13072916666666667 0.27870370370370373
0 0.8299479166666667 0.7282407407407407 0.17135416666666667 0.5435185185185185
0 0.13567708333333334 0.3814814814814815 0.0328125 0.11481481481481481
