1 0.21562499999999998 0.35324074074074074 0.015625 0.030555555555555558
1 0.2934895833333333 0.34675925925925927 0.013020833333333334 0.021296296296296296
1 0.3567708333333333 0.35833333333333334 0.010416666666666666 0.018518518518518517
1 0.3653645833333333 0.3578703703703704 0.008854166666666666 0.021296296296296296
1 0.3755208333333333 0.3523148148148148 0.0125 0.026851851851851852
1 0.43203125 0.3601851851851852 0.011979166666666666 0.022222222222222223
1 0.4747395833333333 0.37592592592592594 0.01614583333333333 0.02962962962962963
1 0.6296875 0.3842592592592593 0.017708333333333333 0.02777777777777778
1 0.7328125 0.40694444444444444 0.025 0.04166666666666667
1 0.6346354166666667 0.4375 0.025520833333333333 0.05277777777777778
1 0.6682291666666667 0.45092592592592595 0.03125 0.05925925925925926
1 0.9283854166666666 0.4361111111111111 0.022395833333333334 0.044444444444444446
1 0.9497395833333333 0.43333333333333335 0.0296875 0.04814814814814815
0 0.37057291666666664 0.40555555555555556 0.03697916666666667 0.12962962962962962
0 0.35833333333333334 0.4189814814814815 0.04583333333333333 0.14537037037037037
0 0.29244791666666664 0.40694444444444444 0.03802083333333333 0.14166666666666666
0 0.4356770833333333 0.41574074074074074 0.0390625 0.1277777777777778
0 0.47291666666666665 0.43194444444444446 0.04479166666666667 0.13240740740740742
0 0.6385416666666667 0.4708333333333333 0.0875 0.1953703703703704
0 0.7252604166666666 0.500462962962963 0.0890625 0.225
0 0.9221354166666667 0.5564814814814815 0.15572916666666667 0.2925925925925926
0 0.4765625 0.47731481481481486 0.07604166666666666 0.23611111111111113
0 0.63046875 0.5925925925925926 0.11927083333333333 0.3611111111111111
0 0.21666666666666667 0.42592592592592593 0.046875 0.1685185185185185
