1 0.5989583333333334 0.39583333333333337 0.020833333333333332 0.03796296296296296
2 0.6260416666666666 0.40694444444444444 0.014583333333333334 0.028703703703703703
1 0.27734375 0.34490740740740744 0.011979166666666666 0.019444444444444445
1 0.2716145833333333 0.3375 0.0109375 0.017592592592592594
0 0.21484375 0.37083333333333335 0.033854166666666664 0.09166666666666667
0 0.2713541666666667 0.38472222222222224 0.03125 0.11203703703703705
0 0.6325520833333333 0.48888888888888893 0.06822916666666666 0.19814814814814816
0 0.6098958333333333 0.5018518518518519 0.103125 0.24814814814814815
0 0.2778645833333333 0.3925925925925926 0.033854166666666664 0.11851851851851852
0 0.07083333333333333 0.38333333333333336 0.034375 0.12037037037037038
