1 0.915625 0.5319444444444444 0.03854166666666667 0.0638888888888889
1 0.49635416666666665 0.48379629629629634 0.016666666666666666 0.030555555555555558
2 0.365625 0.46805555555555556 0.014583333333333334 0.025
1 0.21770833333333334 0.4708333333333333 0.016666666666666666 0.03425925925925926
1 0.09166666666666666 0.45231481481481484 0.009375 0.017592592592592594
0 0.36666666666666664 0.5449074074074074 0.05 0.1787037037037037
0 0.4966145833333333 0.5699074074074074 0.06510416666666667 0.2064814814814815
0 0.9122395833333333 0.6953703703703704 0.15364583333333334 0.3666666666666667
0 0.22213541666666667 0.5328703703703704 0.0453125 0.1564814814814815
0 0.09348958333333333 0.4967592592592593 0.03177083333333333 0.11018518518518519
