1 0.9453125 0.6092592592592593 0.05416666666666667 0.11111111111111112
1 0.8888020833333333 0.6185185185185186 0.0421875 0.07962962962962963
1 0.43671875 0.5777777777777778 0.04114583333333333 0.08333333333333334
1 0.13255208333333332 0.4652777777777778 0.011979166666666666 0.02314814814814815
2 0.13151041666666666 0.48703703703703705 0.011979166666666666 0.022222222222222223
0 0.165625 0.4800925925925926 0.02395833333333333 0.08611111111111111
0 0.26875 0.4953703703703704 0.029166666666666667 0.1
0 0.3015625 0.5032407407407408 0.03229166666666666 0.11388888888888889
0 0.9286458333333333 0.7791666666666667 0.14270833333333333 0.4416666666666667
0 0.45338541666666665 0.7666666666666667 0.13489583333333333 0.4666666666666667
0 0.13489583333333333 0.5305555555555556 0.040625 0.15
