2 0.71875 0.41574074074074074 0.01875 0.03888888888888889
1 0.7424479166666667 0.41481481481481486 0.021354166666666667 0.03518518518518519
1 0.2877604166666667 0.3717592592592593 0.021354166666666667 0.03796296296296296
1 0.43333333333333335 0.37453703703703706 0.013541666666666667 0.026851851851851852
0 0.11822916666666666 0.3601851851851852 0.028125 0.08148148148148149
0 0.32421875 0.41064814814814815 0.049479166666666664 0.1398148148148148
0 0.4283854166666667 0.44212962962962965 0.050520833333333334 0.1527777777777778
0 0.74921875 0.512962962962963 0.07552083333333333 0.22592592592592595
0 0.7127604166666667 0.5259259259259259 0.10572916666666667 0.26481481481481484
0 0.28932291666666665 0.45231481481481484 0.0546875 0.19722222222222224
0 0.06901041666666667 0.40185185185185185 0.03697916666666667 0.14814814814814814
0 0.03854166666666667 0.3893518518518519 0.028125 0.1212962962962963
