1 0.3328125 0.6962962962962963 0.04583333333333333 0.09074074074074075
1 0.3208333333333333 0.6615740740740741 0.04895833333333333 0.08055555555555556
1 0.16979166666666667 0.5875 0.03125 0.058333333333333334
1 0.6145833333333334 0.5388888888888889 0.020833333333333332 0.031481481481481485
1 0.6359375 0.525462962962963 0.014583333333333334 0.030555555555555558
1 0.5049479166666666 0.5203703703703704 0.0203125 0.03333333333333333
0 0.4981770833333333 0.5981481481481482 0.06927083333333334 0.1851851851851852
0 0.6158854166666666 0.6328703703703704 0.07864583333333333 0.2138888888888889
0 0.35963541666666665 0.8106481481481482 0.1578125 0.3787037037037037
0 0.16979166666666667 0.7185185185185186 0.0875 0.3574074074074074
