1 0.77734375 0.5861111111111111 0.06822916666666666 0.13703703703703704
1 0.7794270833333333 0.4203703703703704 0.0296875 0.06851851851851852
1 0.809375 0.44537037037037036 0.034375 0.06481481481481481
1 0.5348958333333333 0.525 0.046875 0.10740740740740741
1 0.3403645833333333 0.38287037037037036 0.019270833333333334 0.032407407407407406
0 0.8229166666666666 0.5819444444444445 0.15729166666666666 0.38981481481481484
0 0.340625 0.48055555555555557 0.065625 0.23333333333333334
0 0.3403645833333333 0.4564814814814815 0.0609375 0.1962962962962963
0 0.5479166666666666 0.7361111111111112 0.2583333333333333 0.5277777777777778
0 0.79140625 0.7625000000000001 0.27239583333333334 0.47500000000000003
