1 0.18671875 0.5449074074074074 0.0234375 0.058333333333333334
1 0.1796875 0.5291666666666667 0.02395833333333333 0.04351851851851852
1 0.9416666666666667 0.5356481481481482 0.03229166666666666 0.05277777777777778
1 0.90234375 0.5439814814814815 0.030729166666666665 0.05092592592592593
1 0.6263020833333334 0.487962962962963 0.015104166666666667 0.02777777777777778
1 0.296875 0.46805555555555556 0.011458333333333333 0.019444444444444445
1 0.23046875 0.46851851851851856 0.011979166666666666 0.018518518518518517
1 0.21953124999999998 0.46296296296296297 0.0109375 0.016666666666666666
1 0.18359375 0.4615740740740741 0.009895833333333333 0.019444444444444445
0 0.10078125 0.48564814814814816 0.024479166666666666 0.08611111111111111
0 0.14036458333333332 0.5111111111111112 0.033854166666666664 0.11851851851851852
0 0.18203125 0.5078703703703704 0.0296875 0.11203703703703705
0 0.29270833333333335 0.5259259259259259 0.04791666666666666 0.13518518518518519
0 0.22838541666666667 0.5231481481481481 0.033854166666666664 0.12962962962962962
0 0.15859375 0.5060185185185185 0.0328125 0.10092592592592593
0 0.290625 0.5222222222222223 0.036458333333333336 0.12222222222222223
0 0.8903645833333333 0.6791666666666667 0.16510416666666666 0.33055555555555555
0 0.22343749999999998 0.5162037037037037 0.04479166666666667 0.11944444444444445
0 0.18385416666666665 0.675462962962963 0.08958333333333333 0.33981481481481485
