2 0.5533854166666666 0.600925925925926 0.019270833333333334 0.044444444444444446
1 0.5479166666666666 0.5504629629629629 0.02395833333333333 0.05277777777777778
1 0.2515625 0.5083333333333333 0.010416666666666666 0.018518518518518517
1 0.24869791666666666 0.5027777777777778 0.0078125 0.016666666666666666
1 0.19635416666666666 0.4898148148148148 0.008333333333333333 0.014814814814814815
1 0.19166666666666665 0.48935185185185187 0.007291666666666667 0.015740740740740743
1 0.14296875 0.48842592592592593 0.009895833333333333 0.015740740740740743
0 0.14114583333333333 0.5291666666666667 0.030208333333333334 0.10092592592592593
0 0.18932291666666667 0.5398148148148149 0.0328125 0.11296296296296297
0 0.24869791666666666 0.5537037037037037 0.043229166666666666 0.1277777777777778
0 0.5578125 0.6861111111111111 0.10416666666666667 0.32592592592592595
