1 0.42161458333333335 0.47824074074074074 0.01614583333333333 0.030555555555555558
1 0.3177083333333333 0.47870370370370374 0.013541666666666667 0.022222222222222223
1 0.32916666666666666 0.4740740740740741 0.010416666666666666 0.022222222222222223
1 0.31927083333333334 0.46990740740740744 0.011458333333333333 0.017592592592592594
1 0.25416666666666665 0.4671296296296297 0.013541666666666667 0.019444444444444445
1 0.21875 0.4671296296296297 0.013541666666666667 0.025
1 0.16588541666666667 0.4601851851851852 0.015104166666666667 0.02592592592592593
0 0.2544270833333333 0.5194444444444445 0.04114583333333333 0.13518518518518519
0 0.21640625 0.5171296296296296 0.0421875 0.13425925925925927
0 0.16276041666666666 0.5106481481481482 0.03177083333333333 0.1212962962962963
0 0.3184895833333333 0.5416666666666667 0.0546875 0.17222222222222222
0 0.42343749999999997 0.5476851851851852 0.05520833333333333 0.16944444444444445
