2 0.5109375 0.4916666666666667 0.013541666666666667 0.02592592592592593
1 0.071875 0.4703703703703704 0.014583333333333334 0.02592592592592593
1 0.08229166666666667 0.45092592592592595 0.008333333333333333 0.020370370370370372
1 0.10416666666666667 0.44583333333333336 0.007291666666666667 0.017592592592592594
1 0.1546875 0.45231481481481484 0.009375 0.017592592592592594
1 0.20651041666666667 0.45833333333333337 0.009895833333333333 0.016666666666666666
1 0.27447916666666666 0.4638888888888889 0.014583333333333334 0.020370370370370372
1 0.3109375 0.46805555555555556 0.014583333333333334 0.021296296296296296
1 0.3046875 0.46851851851851856 0.010416666666666666 0.018518518518518517
1 0.4934895833333333 0.47870370370370374 0.0171875 0.02962962962962963
1 0.5265625 0.4861111111111111 0.019791666666666666 0.02777777777777778
1 0.8268229166666666 0.5027777777777778 0.0234375 0.02962962962962963
1 0.8432291666666667 0.4981481481481482 0.019791666666666666 0.040740740740740744
1 0.9041666666666667 0.5370370370370371 0.03125 0.05555555555555556
0 0.1546875 0.49074074074074076 0.030208333333333334 0.0962962962962963
0 0.20677083333333332 0.5074074074074074 0.03125 0.11296296296296297
0 0.08385416666666666 0.48333333333333334 0.021875 0.09444444444444444
0 0.3065104166666667 0.5277777777777778 0.04635416666666667 0.1388888888888889
0 0.27630208333333334 0.5296296296296297 0.04739583333333333 0.1537037037037037
0 0.7583333333333333 0.5393518518518519 0.04479166666666667 0.1712962962962963
0 0.49244791666666665 0.5513888888888889 0.0515625 0.17314814814814816
0 0.5151041666666667 0.5777777777777778 0.07291666666666667 0.2111111111111111
0 0.8247395833333333 0.5902777777777778 0.07760416666666667 0.20462962962962963
0 0.8950520833333333 0.6597222222222222 0.1390625 0.28425925925925927
0 0.07369791666666667 0.5444444444444445 0.0453125 0.17037037037037037
