2 0.32369791666666664 0.45833333333333337 0.024479166666666666 0.06851851851851852
2 0.3091145833333333 0.45787037037037037 0.01614583333333333 0.04722222222222222
1 0.40651041666666665 0.3601851851851852 0.013020833333333334 0.02962962962962963
1 0.14973958333333334 0.3509259259259259 0.0140625 0.02777777777777778
1 0.22161458333333334 0.33287037037037037 0.0109375 0.015740740740740743
1 0.16484375 0.325 0.0078125 0.011111111111111112
0 0.16640625 0.35555555555555557 0.015104166666666667 0.07962962962962963
0 0.33098958333333334 0.638888888888889 0.1015625 0.4222222222222222
0 0.22317708333333333 0.3699074074074074 0.027604166666666666 0.09166666666666667
0 0.14791666666666667 0.3648148148148148 0.022916666666666665 0.08518518518518518
0 0.15625 0.41620370370370374 0.04583333333333333 0.15833333333333333
0 0.40546875 0.42592592592592593 0.049479166666666664 0.15555555555555556
0 0.062239583333333334 0.3592592592592593 0.025520833333333333 0.09814814814814815
