1 0.5736979166666667 0.49259259259259264 0.015104166666666667 0.03518518518518519
1 0.4236979166666667 0.4847222222222222 0.0140625 0.028703703703703703
1 0.39947916666666666 0.48703703703703705 0.016666666666666666 0.02962962962962963
2 0.2520833333333333 0.4726851851851852 0.010416666666666666 0.015740740740740743
1 0.09895833333333333 0.46342592592592596 0.0125 0.025
0 0.25026041666666665 0.5282407407407408 0.04010416666666666 0.13055555555555556
0 0.4276041666666667 0.5527777777777778 0.05 0.17222222222222222
0 0.40078125 0.563425925925926 0.057812499999999996 0.1824074074074074
0 0.09791666666666667 0.5171296296296296 0.03333333333333333 0.13055555555555556
0 0.5809895833333333 0.5865740740740741 0.0828125 0.21944444444444444
