1 0.6611979166666666 0.5587962962962963 0.0265625 0.03981481481481482
1 0.7161458333333334 0.5569444444444445 0.022916666666666665 0.03796296296296296
1 0.69921875 0.5537037037037037 0.019270833333333334 0.037037037037037035
1 0.39791666666666664 0.5212962962962964 0.0125 0.02777777777777778
1 0.3815104166666667 0.5180555555555556 0.0140625 0.028703703703703703
1 0.128125 0.4828703703703704 0.007291666666666667 0.01388888888888889
0 0.12708333333333333 0.5162037037037037 0.027083333333333334 0.08240740740740742
0 0.37994791666666666 0.5962962962962963 0.06197916666666667 0.18333333333333335
0 0.68515625 0.6365740740740741 0.09947916666666666 0.20277777777777778
0 0.6611979166666666 0.6680555555555556 0.09947916666666666 0.2564814814814815
