1 0.5122395833333333 0.4138888888888889 0.0265625 0.05925925925925926
1 0.5 0.40370370370370373 0.027083333333333334 0.05555555555555556
1 0.4421875 0.3814814814814815 0.016666666666666666 0.031481481481481485
1 0.4322916666666667 0.3842592592592593 0.017708333333333333 0.03518518518518519
1 0.29973958333333334 0.35879629629629634 0.011979166666666666 0.021296296296296296
1 0.24635416666666665 0.350462962962963 0.0125 0.019444444444444445
1 0.23697916666666666 0.3490740740740741 0.011458333333333333 0.020370370370370372
1 0.16510416666666666 0.3453703703703704 0.011458333333333333 0.016666666666666666
0 0.29921875 0.41111111111111115 0.0390625 0.12962962962962962
0 0.16692708333333334 0.3990740740740741 0.04114583333333333 0.13703703703703704
0 0.24140625 0.4083333333333333 0.043229166666666666 0.15
0 0.4348958333333333 0.45972222222222225 0.057291666666666664 0.18611111111111112
0 0.49635416666666665 0.5425925925925926 0.109375 0.3277777777777778
