1 0.7833333333333333 0.4222222222222222 0.035416666666666666 0.053703703703703705
1 0.66640625 0.39583333333333337 0.025520833333333333 0.03981481481481482
1 0.65703125 0.40370370370370373 0.022395833333333334 0.03888888888888889
2 0.5658854166666667 0.41574074074074074 0.0234375 0.05
2 0.5536458333333333 0.4666666666666667 0.01875 0.044444444444444446
1 0.54296875 0.412962962962963 0.024479166666666666 0.05740740740740741
1 0.3338541666666667 0.3712962962962963 0.015625 0.031481481481481485
1 0.32395833333333335 0.3731481481481482 0.016666666666666666 0.02962962962962963
1 0.14192708333333334 0.34444444444444444 0.0171875 0.02592592592592593
1 0.13020833333333334 0.3453703703703704 0.0125 0.024074074074074074
0 0.08385416666666666 0.3837962962962963 0.03125 0.12685185185185185
0 0.13307291666666665 0.41064814814814815 0.0484375 0.16944444444444445
0 0.32526041666666666 0.4527777777777778 0.0609375 0.1962962962962963
0 0.5317708333333333 0.5513888888888889 0.12708333333333333 0.3287037037037037
0 0.6466145833333333 0.5 0.09635416666666667 0.24629629629629632
0 0.7705729166666666 0.5722222222222223 0.1515625 0.35555555555555557
