1 0.6848958333333334 0.6555555555555556 0.07708333333333334 0.1574074074074074
1 0.5583333333333333 0.4365740740740741 0.025 0.05648148148148149
1 0.5427083333333333 0.437962962962963 0.025 0.0462962962962963
1 0.3403645833333333 0.3976851851851852 0.0171875 0.03981481481481482
1 0.24453125 0.37453703703703706 0.015104166666666667 0.030555555555555558
1 0.16927083333333334 0.3416666666666667 0.0125 0.020370370370370372
2 0.23307291666666666 0.3578703703703704 0.008854166666666666 0.021296296296296296
1 0.09817708333333333 0.34953703703703703 0.015104166666666667 0.028703703703703703
0 0.7177083333333333 0.7912037037037037 0.25 0.4175925925925926
0 0.5671875 0.5740740740740741 0.128125 0.3314814814814815
0 0.3411458333333333 0.4800925925925926 0.06041666666666667 0.20833333333333334
0 0.24895833333333334 0.4486111111111111 0.057291666666666664 0.1824074074074074
0 0.10208333333333333 0.40694444444444444 0.042708333333333334 0.14537037037037037
0 0.019010416666666665 0.3685185185185185 0.025520833333333333 0.10370370370370371
0 0.23229166666666667 0.4 0.034375 0.10555555555555556
0 0.1625 0.3944444444444445 0.0375 0.12962962962962962
