1 0.5140625 0.5532407407407408 0.025 0.05462962962962963
1 0.34609375 0.5412037037037037 0.021354166666666667 0.04351851851851852
1 0.23177083333333334 0.5037037037037038 0.0125 0.02777777777777778
1 0.18229166666666666 0.5041666666666667 0.013541666666666667 0.030555555555555558
1 0.17421875 0.5018518518518519 0.0109375 0.02777777777777778
0 0.5265625 0.6782407407407408 0.09166666666666666 0.3027777777777778
0 0.009114583333333334 0.6203703703703703 0.018229166666666668 0.2111111111111111
0 0.3609375 0.649537037037037 0.07395833333333333 0.2657407407407408
0 0.23515624999999998 0.5657407407407408 0.04114583333333333 0.15185185185185185
0 0.18385416666666665 0.5675925925925926 0.040625 0.16481481481481483
