1 0.7442708333333333 0.6851851851851852 0.09375 0.14814814814814814
1 0.8294270833333334 0.5013888888888889 0.0546875 0.10092592592592593
1 0.203125 0.34490740740740744 0.010416666666666666 0.017592592592592594
1 0.16458333333333333 0.34120370370370373 0.011458333333333333 0.019444444444444445
1 0.15807291666666667 0.34814814814814815 0.009895833333333333 0.012962962962962964
1 0.1015625 0.337037037037037 0.007291666666666667 0.014814814814814815
1 0.0953125 0.33842592592592596 0.008333333333333333 0.015740740740740743
0 0.7557291666666667 0.800462962962963 0.2677083333333333 0.3990740740740741
0 0.8468749999999999 0.7018518518518518 0.20625 0.46111111111111114
0 0.09088541666666666 0.37824074074074077 0.0296875 0.09722222222222222
0 0.15989583333333332 0.38333333333333336 0.030208333333333334 0.11111111111111112
0 0.20208333333333334 0.3962962962962963 0.03229166666666666 0.12592592592592594
