1 0.3885416666666667 0.4449074074074074 0.041666666666666664 0.08796296296296297
1 0.36796875 0.42592592592592593 0.04010416666666666 0.08703703703703704
2 0.44427083333333334 0.3060185185185185 0.014583333333333334 0.028703703703703703
1 0.15807291666666667 0.27685185185185185 0.015104166666666667 0.04259259259259259
1 0.14921875 0.2689814814814815 0.0140625 0.03425925925925926
0 0.44088541666666664 0.38657407407407407 0.0640625 0.18981481481481483
0 0.0828125 0.27685185185185185 0.030208333333333334 0.10925925925925926
0 0.3875 0.6805555555555556 0.15833333333333333 0.5907407407407408
0 0.16119791666666666 0.36388888888888893 0.0515625 0.21666666666666667
0 0.03203125 0.2888888888888889 0.043229166666666666 0.14444444444444446
