1 0.7986979166666667 0.6370370370370371 0.08489583333333334 0.1685185185185185
1 0.7338541666666667 0.6027777777777777 0.07291666666666667 0.1574074074074074
1 0.35911458333333335 0.3337962962962963 0.022395833333333334 0.058333333333333334
1 0.36328125 0.3143518518518519 0.021354166666666667 0.05277777777777778
1 0.14166666666666666 0.27083333333333337 0.0125 0.026851851851851852
2 0.16276041666666666 0.2537037037037037 0.008854166666666666 0.020370370370370372
0 0.16197916666666667 0.3037037037037037 0.034375 0.1277777777777778
0 0.7966145833333333 0.7675925925925926 0.2953125 0.46481481481481485
0 0.3653645833333333 0.46111111111111114 0.09739583333333333 0.32222222222222224
0 0.14088541666666665 0.3351851851851852 0.0546875 0.20185185185185187
