1 0.6700520833333333 0.4236111111111111 0.027604166666666666 0.05092592592592593
1 0.35494791666666664 0.37592592592592594 0.0140625 0.02962962962962963
1 0.3502604166666667 0.3666666666666667 0.018229166666666668 0.02592592592592593
1 0.3098958333333333 0.3601851851851852 0.013541666666666667 0.02962962962962963
1 0.2994791666666667 0.36435185185185187 0.0125 0.025
1 0.18697916666666667 0.35185185185185186 0.011458333333333333 0.024074074074074074
1 0.14765625 0.3314814814814815 0.011979166666666666 0.020370370370370372
0 0.15104166666666666 0.37962962962962965 0.03333333333333333 0.12222222222222223
0 0.190625 0.412962962962963 0.03958333333333333 0.14814814814814814
0 0.35546875 0.4550925925925926 0.058854166666666666 0.2064814814814815
0 0.3104166666666667 0.4328703703703704 0.05 0.17314814814814816
0 0.6828125 0.5638888888888889 0.11875 0.32407407407407407
