1 0.8234374999999999 0.8013888888888889 0.10729166666666666 0.26944444444444443
2 0.50703125 0.41620370370370374 0.021354166666666667 0.036111111111111115
2 0.3807291666666667 0.37453703703703706 0.0125 0.025
1 0.3684895833333333 0.3740740740740741 0.015104166666666667 0.02592592592592593
2 0.17578125 0.43703703703703706 0.018229166666666668 0.037037037037037035
1 0.1703125 0.37962962962962965 0.02395833333333333 0.04259259259259259
1 0.15651041666666665 0.3699074074074074 0.019270833333333334 0.032407407407407406
0 0.5072916666666667 0.5 0.06875 0.20740740740740743
0 0.36953125 0.4388888888888889 0.05572916666666666 0.15185185185185185
0 0.17239583333333333 0.4930555555555556 0.07604166666666666 0.275
