1 0.9562499999999999 0.6865740740740741 0.08645833333333333 0.18796296296296297
1 0.7356770833333334 0.4199074074074074 0.0234375 0.04351851851851852
1 0.61953125 0.40324074074074073 0.019270833333333334 0.03425925925925926
2 0.33489583333333334 0.362962962962963 0.0125 0.02592592592592593
1 0.05546875 0.34351851851851856 0.013020833333333334 0.02962962962962963
2 0.096875 0.3416666666666667 0.008333333333333333 0.018518518518518517
2 0.13619791666666667 0.337037037037037 0.011979166666666666 0.014814814814814815
0 0.09765625 0.3814814814814815 0.027604166666666666 0.0962962962962963
0 0.13072916666666667 0.3773148148148148 0.030208333333333334 0.09537037037037037
0 0.3338541666666667 0.4375 0.04895833333333333 0.1675925925925926
0 0.05520833333333333 0.3995370370370371 0.04375 0.13796296296296298
0 0.61796875 0.49259259259259264 0.08072916666666667 0.21296296296296297
0 0.71171875 0.5370370370370371 0.13697916666666665 0.28703703703703703
