2 0.66953125 0.5328703703703704 0.0140625 0.030555555555555558
1 0.271875 0.5055555555555555 0.010416666666666666 0.020370370370370372
1 0.26067708333333334 0.500462962962963 0.011979166666666666 0.017592592592592594
1 0.22343749999999998 0.49444444444444446 0.009375 0.016666666666666666
1 0.20416666666666666 0.49768518518518523 0.013541666666666667 0.021296296296296296
1 0.18802083333333333 0.49074074074074076 0.014583333333333334 0.020370370370370372
0 0.15026041666666667 0.5365740740740741 0.033854166666666664 0.11203703703703705
0 0.22604166666666667 0.5453703703703704 0.035416666666666666 0.11851851851851852
0 0.2046875 0.5486111111111112 0.028125 0.125
0 0.26328125 0.5550925925925926 0.04114583333333333 0.13240740740740742
0 0.68125 0.6129629629629629 0.10416666666666667 0.19444444444444445
