1 0.6872395833333333 0.6425925925925926 0.07135416666666666 0.1425925925925926
1 0.68671875 0.47824074074074074 0.04635416666666667 0.08055555555555556
1 0.790625 0.4703703703703704 0.028125 0.04814814814814815
1 0.7364583333333333 0.4430555555555556 0.022916666666666665 0.032407407407407406
2 0.8106770833333333 0.4444444444444445 0.025520833333333333 0.03888888888888889
1 0.22994791666666667 0.38333333333333336 0.018229166666666668 0.040740740740740744
1 0.19296875 0.34953703703703703 0.011979166666666666 0.021296296296296296
0 0.13880208333333333 0.3824074074074074 0.024479166666666666 0.09814814814814815
0 0.19322916666666667 0.3990740740740741 0.029166666666666667 0.11481481481481481
0 0.2677083333333333 0.4273148148148148 0.05625 0.13425925925925927
0 0.77578125 0.5675925925925926 0.1484375 0.2851851851851852
0 0.7744791666666666 0.5925925925925926 0.15416666666666667 0.3
0 0.70625 0.7861111111111111 0.25625 0.4277777777777778
0 0.234375 0.4740740740740741 0.065625 0.21851851851851853
0 0.7036458333333333 0.674074074074074 0.18333333333333332 0.4537037037037037
