1 0.9421875 0.7263888888888889 0.11041666666666666 0.18425925925925926
1 0.38958333333333334 0.34953703703703703 0.015625 0.026851851851851852
1 0.2596354166666667 0.34120370370370373 0.011979166666666666 0.019444444444444445
1 0.17890625 0.33472222222222225 0.008854166666666666 0.01388888888888889
1 0.12994791666666666 0.3226851851851852 0.008854166666666666 0.017592592592592594
1 0.021354166666666667 0.33425925925925926 0.010416666666666666 0.020370370370370372
0 0.1296875 0.3625 0.020833333333333332 0.08611111111111111
0 0.17838541666666666 0.3717592592592593 0.024479166666666666 0.08796296296296297
0 0.3828125 0.40370370370370373 0.0375 0.12962962962962962
0 0.2604166666666667 0.3888888888888889 0.03333333333333333 0.11481481481481481
0 0.390625 0.4087962962962963 0.08333333333333333 0.1287037037037037
0 0.023177083333333334 0.3842592592592593 0.033854166666666664 0.12407407407407407
