2 0.14635416666666667 0.40555555555555556 0.025 0.040740740740740744
1 0.05572916666666666 0.33981481481481485 0.011458333333333333 0.02592592592592593
1 0.13489583333333333 0.3231481481481482 0.00625 0.011111111111111112
1 0.18098958333333334 0.3287037037037037 0.0067708333333333336 0.014814814814814815
1 0.3875 0.35000000000000003 0.0125 0.018518518518518517
0 0.3833333333333333 0.4046296296296297 0.03854166666666667 0.1277777777777778
0 0.18203125 0.3615740740740741 0.019270833333333334 0.08055555555555556
0 0.1359375 0.3615740740740741 0.025 0.09166666666666667
0 0.15078125 0.5236111111111111 0.0734375 0.2916666666666667
0 0.05677083333333333 0.39537037037037037 0.03958333333333333 0.13703703703703704
