1 0.9609375 0.5902777777777778 0.03958333333333333 0.06574074074074074
1 0.7432291666666666 0.5532407407407408 0.025 0.03796296296296296
1 0.7239583333333334 0.5388888888888889 0.021875 0.037037037037037035
1 0.5666666666666667 0.5268518518518519 0.017708333333333333 0.02962962962962963
2 0.2721354166666667 0.5199074074074074 0.019270833333333334 0.032407407407407406
1 0.19114583333333332 0.48888888888888893 0.009375 0.018518518518518517
0 0.18776041666666665 0.5337962962962963 0.033854166666666664 0.11018518518518519
0 0.2739583333333333 0.575462962962963 0.04479166666666667 0.14351851851851852
0 0.5700520833333333 0.6148148148148148 0.07552083333333333 0.20370370370370372
0 0.94140625 0.7555555555555555 0.1171875 0.37962962962962965
0 0.7213541666666666 0.6342592592592593 0.09375 0.22222222222222224
