1 0.62578125 0.39537037037037037 0.0203125 0.031481481481481485
1 0.23411458333333332 0.36574074074074076 0.013020833333333334 0.02962962962962963
1 0.36484375 0.35462962962962963 0.013020833333333334 0.022222222222222223
1 0.3536458333333333 0.3564814814814815 0.009375 0.020370370370370372
1 0.18567708333333333 0.33240740740740743 0.0078125 0.012962962962962964
0 0.09375 0.350462962962963 0.021875 0.08425925925925926
0 0.18671875 0.36712962962962964 0.025520833333333333 0.09351851851851853
0 0.2375 0.4393518518518519 0.053125 0.18611111111111112
0 0.3559895833333333 0.41620370370370374 0.043229166666666666 0.14907407407407408
0 0.62734375 0.4851851851851852 0.07864583333333333 0.21481481481481482
0 0.15 0.3625 0.026041666666666668 0.08796296296296297
