1 0.8351562499999999 0.5222222222222223 0.024479166666666666 0.044444444444444446
1 0.47630208333333335 0.5152777777777778 0.0265625 0.049074074074074076
1 0.34270833333333334 0.47870370370370374 0.013541666666666667 0.03333333333333333
1 0.3645833333333333 0.48379629629629634 0.017708333333333333 0.03425925925925926
1 0.012239583333333333 0.4513888888888889 0.008854166666666666 0.015740740740740743
1 0.16354166666666667 0.46805555555555556 0.008333333333333333 0.017592592592592594
1 0.15130208333333334 0.4638888888888889 0.009895833333333333 0.018518518518518517
1 0.19296875 0.4620370370370371 0.009895833333333333 0.020370370370370372
0 0.49453125 0.6490740740740741 0.15052083333333333 0.312962962962963
0 0.15130208333333334 0.5097222222222222 0.0421875 0.10833333333333334
0 0.3729166666666667 0.5513888888888889 0.11145833333333333 0.1824074074074074
0 0.19453125 0.5064814814814815 0.03697916666666667 0.10925925925925926
0 0.8236979166666667 0.6351851851851852 0.1390625 0.2740740740740741
