1 0.6317708333333333 0.42824074074074076 0.022916666666666665 0.03796296296296296
1 0.4440104166666667 0.3925925925925926 0.01614583333333333 0.022222222222222223
2 0.24114583333333334 0.3712962962962963 0.010416666666666666 0.020370370370370372
2 0.23098958333333333 0.37083333333333335 0.011979166666666666 0.025
2 0.16875 0.3490740740740741 0.009375 0.022222222222222223
0 0.11875 0.3768518518518519 0.022916666666666665 0.08518518518518518
0 0.15989583333333332 0.40231481481481485 0.03958333333333333 0.125
0 0.228125 0.42685185185185187 0.046875 0.13703703703703704
0 0.43906249999999997 0.4675925925925926 0.0625 0.17777777777777778
0 0.6299479166666666 0.5162037037037037 0.0890625 0.21203703703703705
