1 0.9098958333333333 0.5685185185185185 0.04791666666666666 0.10185185185185186
1 0.8799479166666666 0.5550925925925926 0.04010416666666666 0.09537037037037037
1 0.4809895833333333 0.5444444444444445 0.034895833333333334 0.061111111111111116
1 0.17994791666666665 0.6180555555555556 0.05364583333333333 0.10092592592592593
1 0.058854166666666666 0.6958333333333334 0.06041666666666667 0.11203703703703705
2 0.1578125 0.47500000000000003 0.0125 0.02962962962962963
1 0.28854166666666664 0.4740740740740741 0.011458333333333333 0.018518518518518517
2 0.09869791666666666 0.46574074074074073 0.009895833333333333 0.022222222222222223
2 0.027083333333333334 0.4967592592592593 0.019791666666666666 0.036111111111111115
2 0.012239583333333333 0.49583333333333335 0.0171875 0.036111111111111115
0 0.28828125 0.525 0.0390625 0.12222222222222223
0 0.9028645833333333 0.7597222222222223 0.19427083333333334 0.48055555555555557
0 0.4942708333333333 0.6861111111111111 0.121875 0.34444444444444444
0 0.1609375 0.5476851851851852 0.051041666666666666 0.1787037037037037
0 0.09713541666666667 0.524537037037037 0.04114583333333333 0.14907407407407408
0 0.16822916666666665 0.7856481481481482 0.16145833333333334 0.4287037037037037
0 0.08828125 0.8175925925925926 0.17239583333333333 0.3648148148148148
