1 0.9364583333333333 0.6125 0.051041666666666666 0.09351851851851853
1 0.5200520833333333 0.48842592592592593 0.015104166666666667 0.032407407407407406
1 0.5033854166666667 0.49212962962962964 0.0203125 0.036111111111111115
2 0.4427083333333333 0.5324074074074074 0.022916666666666665 0.06296296296296297
2 0.2981770833333333 0.4981481481481482 0.0171875 0.03888888888888889
2 0.13932291666666666 0.5208333333333334 0.015104166666666667 0.032407407407407406
2 0.11901041666666666 0.5189814814814815 0.0171875 0.04166666666666667
1 0.12343749999999999 0.5796296296296296 0.035416666666666666 0.06666666666666667
1 0.08671875 0.7208333333333333 0.059895833333333336 0.1175925925925926
1 0.16119791666666666 0.46481481481481485 0.011979166666666666 0.012962962962962964
1 0.0515625 0.46296296296296297 0.014583333333333334 0.02592592592592593
1 0.9114583333333334 0.5425925925925926 0.030208333333333334 0.05555555555555556
0 0.16119791666666666 0.4990740740740741 0.03177083333333333 0.09814814814814815
0 0.9166666666666666 0.7837962962962963 0.16666666666666666 0.4324074074074074
0 0.44687499999999997 0.6824074074074075 0.10208333333333333 0.35555555555555557
0 0.29791666666666666 0.6074074074074074 0.07083333333333333 0.25925925925925924
0 0.1296875 0.6143518518518519 0.08333333333333333 0.25462962962962965
0 0.10520833333333333 0.7671296296296296 0.14583333333333334 0.4416666666666667
0 0.096875 0.8314814814814815 0.18229166666666666 0.337037037037037
0 0.50859375 0.5796296296296296 0.08385416666666666 0.22222222222222224
0 0.053385416666666664 0.5185185185185185 0.03802083333333333 0.14074074074074075
0 0.8953125 0.6810185185185186 0.13125 0.33055555555555555
