1 0.8338541666666667 0.5152777777777778 0.020833333333333332 0.04166666666666667
1 0.75234375 0.5083333333333333 0.0265625 0.0462962962962963
1 0.7278645833333334 0.5152777777777778 0.027604166666666666 0.04166666666666667
1 0.5802083333333333 0.5041666666666667 0.016666666666666666 0.028703703703703703
1 0.4427083333333333 0.48750000000000004 0.013541666666666667 0.025
1 0.11354166666666667 0.6310185185185185 0.04583333333333333 0.0712962962962963
1 0.10130208333333333 0.5032407407407408 0.022395833333333334 0.04351851851851852
1 0.2752604166666667 0.5162037037037037 0.024479166666666666 0.05648148148148149
2 0.37265625 0.47962962962962963 0.0109375 0.02592592592592593
1 0.36223958333333334 0.4763888888888889 0.011979166666666666 0.021296296296296296
2 0.33125 0.4703703703703704 0.008333333333333333 0.016666666666666666
2 0.23932291666666666 0.4671296296296297 0.013020833333333334 0.02314814814814815
1 0.21692708333333333 0.46342592592592596 0.009895833333333333 0.015740740740740743
0 0.09713541666666667 0.5953703703703704 0.0703125 0.22592592592592595
0 0.11380208333333333 0.7949074074074074 0.13385416666666666 0.4101851851851852
0 0.11588541666666667 0.4916666666666667 0.0328125 0.10185185185185186
0 0.2833333333333333 0.6291666666666667 0.07708333333333334 0.28240740740740744
0 0.21666666666666667 0.5162037037037037 0.03229166666666666 0.1212962962962963
0 0.24088541666666666 0.5263888888888889 0.0390625 0.14907407407407408
0 0.36015625 0.5347222222222222 0.04739583333333333 0.14351851851851852
0 0.44375 0.5712962962962963 0.06875 0.19814814814814816
0 0.58125 0.5916666666666667 0.084375 0.20555555555555557
0 0.7283854166666667 0.6217592592592592 0.11302083333333333 0.27870370370370373
0 0.8354166666666667 0.6171296296296297 0.12291666666666666 0.24351851851851852
0 0.32890625 0.5171296296296296 0.05364583333333333 0.1175925925925926
