1 0.778125 0.5291666666666667 0.03229166666666666 0.049074074074074076
1 0.5111979166666667 0.49074074074074076 0.01614583333333333 0.03333333333333333
1 0.49583333333333335 0.487962962962963 0.015625 0.02777777777777778
1 0.3723958333333333 0.5083333333333333 0.03125 0.044444444444444446
1 0.19270833333333334 0.47685185185185186 0.017708333333333333 0.03888888888888889
1 0.035416666666666666 0.4537037037037037 0.010416666666666666 0.016666666666666666
1 0.026822916666666665 0.4537037037037037 0.009895833333333333 0.020370370370370372
0 0.37994791666666666 0.6208333333333333 0.08802083333333333 0.28240740740740744
0 0.9653645833333333 0.5990740740740741 0.06927083333333334 0.21666666666666667
0 0.19557291666666665 0.5652777777777778 0.058854166666666666 0.21944444444444444
0 0.49296875 0.5750000000000001 0.07447916666666667 0.19814814814814816
0 0.7778645833333333 0.6648148148148149 0.12343749999999999 0.32222222222222224
0 0.035416666666666666 0.5027777777777778 0.03854166666666667 0.13148148148148148
