1 0.8802083333333334 0.5546296296296297 0.05625 0.08703703703703704
1 0.46901041666666665 0.5074074074074074 0.0265625 0.05555555555555556
1 0.4080729166666667 0.4828703703703704 0.0171875 0.030555555555555558
1 0.12317708333333333 0.47361111111111115 0.013020833333333334 0.026851851851851852
1 0.11119791666666666 0.4638888888888889 0.013020833333333334 0.02592592592592593
1 0.23333333333333334 0.4638888888888889 0.011458333333333333 0.018518518518518517
1 0.22578125 0.4587962962962963 0.008854166666666666 0.019444444444444445
0 0.8989583333333333 0.7523148148148149 0.20208333333333334 0.46944444444444444
0 0.9653645833333333 0.5990740740740741 0.06927083333333334 0.21666666666666667
0 0.4744791666666667 0.65 0.121875 0.34444444444444444
0 0.22708333333333333 0.512962962962963 0.036458333333333336 0.12592592592592594
0 0.4083333333333333 0.5601851851851852 0.053125 0.17962962962962964
0 0.12317708333333333 0.5361111111111111 0.05260416666666667 0.17777777777777778
