2 0.8463541666666666 0.5685185185185185 0.022916666666666665 0.05555555555555556
1 0.8364583333333333 0.5111111111111112 0.029166666666666667 0.05740740740740741
1 0.41770833333333335 0.47685185185185186 0.014583333333333334 0.024074074074074074
1 0.40729166666666666 0.47222222222222227 0.011458333333333333 0.020370370370370372
1 0.2515625 0.4638888888888889 0.013541666666666667 0.037037037037037035
1 0.23932291666666666 0.46296296296296297 0.011979166666666666 0.02962962962962963
0 0.25729166666666664 0.4962962962962963 0.028125 0.10185185185185186
0 0.24921875 0.5314814814814816 0.0484375 0.17222222222222222
0 0.4080729166666667 0.5333333333333333 0.049479166666666664 0.1462962962962963
0 0.825 0.6782407407407408 0.146875 0.3824074074074074
