1 0.7971354166666667 0.5583333333333333 0.0421875 0.0962962962962963
1 0.7528645833333333 0.55 0.03802083333333333 0.07037037037037037
1 0.6559895833333333 0.4981481481481482 0.018229166666666668 0.031481481481481485
1 0.6364583333333333 0.49768518518518523 0.019791666666666666 0.026851851851851852
1 0.46432291666666664 0.4666666666666667 0.011979166666666666 0.022222222222222223
1 0.45260416666666664 0.4791666666666667 0.014583333333333334 0.025
2 0.21536458333333333 0.46481481481481485 0.008854166666666666 0.016666666666666666
1 0.21432291666666667 0.4481481481481482 0.008854166666666666 0.014814814814814815
0 0.8036458333333333 0.7541666666666667 0.19895833333333332 0.4916666666666667
0 0.18046875 0.4814814814814815 0.025520833333333333 0.08333333333333334
0 0.2140625 0.49444444444444446 0.03229166666666666 0.11296296296296297
0 0.453125 0.5305555555555556 0.04479166666666667 0.14814814814814814
0 0.6359375 0.575462962962963 0.07604166666666666 0.19166666666666668
