1 0.9541666666666666 0.576388888888889 0.027083333333333334 0.05092592592592593
1 0.6104166666666666 0.5351851851851852 0.03333333333333333 0.0462962962962963
1 0.4505208333333333 0.5300925925925926 0.017708333333333333 0.021296296296296296
1 0.3111979166666667 0.5083333333333333 0.015104166666666667 0.02777777777777778
1 0.271875 0.5060185185185185 0.0125 0.021296296296296296
1 0.21875 0.49722222222222223 0.010416666666666666 0.014814814814814815
1 0.24375 0.49583333333333335 0.008333333333333333 0.017592592592592594
1 0.18619791666666666 0.48703703703703705 0.008854166666666666 0.016666666666666666
1 0.25234375 0.5018518518518519 0.008854166666666666 0.018518518518518517
0 0.24453125 0.5375 0.0328125 0.10092592592592593
0 0.18515625 0.5314814814814816 0.028645833333333332 0.10925925925925926
0 0.21796875 0.5481481481481482 0.03177083333333333 0.11851851851851852
0 0.27317708333333335 0.5611111111111111 0.0359375 0.1277777777777778
0 0.31197916666666664 0.5726851851851852 0.04583333333333333 0.1527777777777778
0 0.45416666666666666 0.6194444444444445 0.07083333333333333 0.20740740740740743
0 0.6002604166666666 0.6365740740740741 0.10364583333333333 0.23981481481481481
0 0.9322916666666666 0.6935185185185185 0.13541666666666666 0.2851851851851852
