1 0.6046875 0.34953703703703703 0.028125 0.04722222222222222
1 0.5083333333333333 0.3148148148148148 0.030208333333333334 0.040740740740740744
1 0.36692708333333335 0.2837962962962963 0.0171875 0.02314814814814815
1 0.2661458333333333 0.2837962962962963 0.020833333333333332 0.03425925925925926
1 0.13515625 0.24722222222222223 0.018229166666666668 0.022222222222222223
1 0.08619791666666667 0.24675925925925926 0.011979166666666666 0.021296296296296296
1 0.09192708333333333 0.23564814814814816 0.013020833333333334 0.019444444444444445
0 0.08463541666666667 0.29814814814814816 0.03177083333333333 0.12592592592592594
0 0.12864583333333332 0.2967592592592593 0.036458333333333336 0.13055555555555556
0 0.3651041666666667 0.3560185185185185 0.059375 0.17685185185185187
0 0.26536458333333335 0.3680555555555556 0.06197916666666667 0.21203703703703705
0 0.49765624999999997 0.39675925925925926 0.0796875 0.21203703703703705
0 0.596875 0.47731481481481486 0.11666666666666667 0.30462962962962964
