1 0.38567708333333334 0.3717592592592593 0.01614583333333333 0.03981481481481482
1 0.42343749999999997 0.39166666666666666 0.017708333333333333 0.04259259259259259
1 0.43645833333333334 0.4 0.0125 0.03888888888888889
1 0.45234375 0.40231481481481485 0.0171875 0.03981481481481482
2 0.46953125 0.4027777777777778 0.0203125 0.04814814814814815
2 0.5859375 0.4226851851851852 0.021875 0.03981481481481482
1 0.6346354166666667 0.4277777777777778 0.0234375 0.05
1 0.6604166666666667 0.44212962962962965 0.022916666666666665 0.04351851851851852
1 0.72421875 0.43472222222222223 0.021354166666666667 0.03981481481481482
1 0.75 0.4328703703703704 0.027083333333333334 0.04351851851851852
2 0.9307291666666666 0.475462962962963 0.020833333333333332 0.03796296296296296
0 0.3815104166666667 0.4388888888888889 0.0484375 0.16481481481481483
0 0.42343749999999997 0.46296296296296297 0.057291666666666664 0.17407407407407408
0 0.46067708333333335 0.4930555555555556 0.06614583333333333 0.22314814814814815
0 0.5807291666666666 0.5115740740740741 0.08541666666666667 0.21574074074074076
0 0.6364583333333333 0.5425925925925926 0.09791666666666667 0.2740740740740741
0 0.7296875 0.5277777777777778 0.1 0.23703703703703705
