1 0.2830729166666667 0.46481481481481485 0.01614583333333333 0.02962962962962963
1 0.43828125 0.538425925925926 0.04635416666666667 0.08981481481481482
1 0.51953125 0.4967592592592593 0.0234375 0.04537037037037037
1 0.6111979166666667 0.5115740740740741 0.025520833333333333 0.05462962962962963
1 0.8833333333333333 0.5407407407407407 0.027083333333333334 0.053703703703703705
1 0.9166666666666666 0.5398148148148149 0.034375 0.061111111111111116
1 0.7880208333333333 0.6425925925925926 0.06145833333333333 0.1388888888888889
1 0.8536458333333333 0.6611111111111111 0.059375 0.1462962962962963
0 0.86796875 0.788425925925926 0.2640625 0.42314814814814816
0 0.45807291666666666 0.7421296296296297 0.1578125 0.500925925925926
0 0.5166666666666666 0.5768518518518518 0.078125 0.2
0 0.5997395833333333 0.6037037037037037 0.0890625 0.23703703703703705
0 0.8752604166666667 0.6652777777777779 0.1578125 0.31203703703703706
0 0.2875 0.513425925925926 0.03854166666666667 0.12685185185185185
