1 0.2713541666666667 0.46851851851851856 0.016666666666666666 0.02777777777777778
1 0.2869791666666667 0.47361111111111115 0.010416666666666666 0.03425925925925926
1 0.30494791666666665 0.4671296296296297 0.0109375 0.025
1 0.37786458333333334 0.48564814814814816 0.015104166666666667 0.036111111111111115
1 0.3924479166666667 0.48194444444444445 0.013020833333333334 0.036111111111111115
1 0.5380208333333333 0.49259259259259264 0.0125 0.03333333333333333
1 0.5494791666666666 0.5069444444444444 0.016666666666666666 0.03981481481481482
1 0.5690104166666666 0.5023148148148149 0.022395833333333334 0.04351851851851852
1 0.7341145833333333 0.5226851851851853 0.0234375 0.04722222222222222
1 0.7651041666666667 0.5259259259259259 0.02395833333333333 0.05
0 0.284375 0.5328703703703704 0.04791666666666666 0.15092592592592594
0 0.37864583333333335 0.5564814814814815 0.06354166666666666 0.1851851851851852
0 0.5518229166666666 0.6032407407407407 0.0953125 0.24722222222222223
0 0.7354166666666666 0.6277777777777778 0.11145833333333333 0.2574074074074074
0 0.30885416666666665 0.5194444444444445 0.036458333333333336 0.13148148148148148
