1 0.3833333333333333 0.5120370370370371 0.015625 0.031481481481481485
1 0.5768229166666666 0.5287037037037037 0.0171875 0.037037037037037035
1 0.5989583333333334 0.5356481481481482 0.019791666666666666 0.03796296296296296
1 0.6895833333333333 0.5537037037037037 0.029166666666666667 0.05
1 0.75546875 0.5467592592592593 0.0265625 0.05092592592592593
1 0.73046875 0.5532407407407408 0.028645833333333332 0.05277777777777778
0 0.3828125 0.5717592592592593 0.046875 0.15092592592592594
0 0.58359375 0.6217592592592592 0.0765625 0.21203703703703705
0 0.73203125 0.6652777777777779 0.10989583333333333 0.28055555555555556
0 0.67890625 0.675462962962963 0.13072916666666667 0.2935185185185185
