1 0.12057291666666667 0.3236111111111111 0.009895833333333333 0.015740740740740743
1 0.18932291666666667 0.33194444444444443 0.0109375 0.025
1 0.26484375 0.34351851851851856 0.015104166666666667 0.022222222222222223
1 0.29713541666666665 0.3560185185185185 0.011979166666666666 0.02314814814814815
1 0.31145833333333334 0.3541666666666667 0.013541666666666667 0.025
1 0.3424479166666667 0.3592592592592593 0.013020833333333334 0.02777777777777778
1 0.33671875 0.35694444444444445 0.009895833333333333 0.025
1 0.2942708333333333 0.34444444444444444 0.009375 0.020370370370370372
1 0.49921875 0.38796296296296295 0.027604166666666666 0.05
1 0.7481770833333333 0.43194444444444446 0.0328125 0.0638888888888889
0 0.26666666666666666 0.3962962962962963 0.03958333333333333 0.1277777777777778
0 0.19036458333333334 0.38472222222222224 0.0359375 0.125
0 0.3390625 0.41620370370370374 0.03958333333333333 0.13796296296296298
0 0.29661458333333335 0.4185185185185185 0.04635416666666667 0.15555555555555556
0 0.50078125 0.4800925925925926 0.07239583333333333 0.22314814814814815
0 0.74140625 0.5569444444444445 0.11302083333333333 0.3027777777777778
