2 0.09869791666666666 0.3375 0.013020833333333334 0.026851851851851852
2 0.20833333333333334 0.4361111111111111 0.03125 0.06481481481481481
2 0.23880208333333333 0.4273148148148148 0.025520833333333333 0.05648148148148149
1 0.25859375 0.4328703703703704 0.0203125 0.05277777777777778
1 0.23333333333333334 0.3550925925925926 0.015625 0.036111111111111115
2 0.24609375 0.3675925925925926 0.01614583333333333 0.031481481481481485
1 0.4739583333333333 0.4101851851851852 0.017708333333333333 0.04814814814814815
1 0.49114583333333334 0.4050925925925926 0.021875 0.05277777777777778
1 0.52265625 0.39583333333333337 0.0234375 0.04722222222222222
2 0.5375 0.42083333333333334 0.014583333333333334 0.03425925925925926
2 0.5588541666666667 0.40740740740740744 0.02395833333333333 0.044444444444444446
2 0.5885416666666666 0.4138888888888889 0.02395833333333333 0.04814814814814815
0 0.09895833333333333 0.3763888888888889 0.029166666666666667 0.10277777777777779
0 0.23906249999999998 0.4226851851851852 0.04791666666666666 0.16018518518518518
0 0.5265625 0.4763888888888889 0.10833333333333334 0.1953703703703704
0 0.2526041666666667 0.5541666666666667 0.13854166666666667 0.3101851851851852
0 0.46901041666666665 0.5083333333333333 0.09114583333333333 0.25
0 0.9010416666666666 0.6361111111111112 0.19791666666666666 0.4462962962962963
0 0.5518229166666666 0.5013888888888889 0.1015625 0.23240740740740742
