1 0.8703124999999999 0.4361111111111111 0.022916666666666665 0.05555555555555556
1 0.8890625 0.4481481481481482 0.022916666666666665 0.04259259259259259
1 0.9106770833333333 0.4462962962962963 0.0265625 0.053703703703703705
2 0.40911458333333334 0.375 0.0203125 0.02777777777777778
2 0.3953125 0.3763888888888889 0.013541666666666667 0.030555555555555558
2 0.35182291666666665 0.3717592592592593 0.01614583333333333 0.026851851851851852
2 0.3299479166666667 0.3703703703703704 0.013020833333333334 0.024074074074074074
2 0.3380208333333333 0.3731481481481482 0.013541666666666667 0.02592592592592593
2 0.25104166666666666 0.38842592592592595 0.017708333333333333 0.03796296296296296
2 0.23723958333333334 0.3875 0.018229166666666668 0.03425925925925926
1 0.1796875 0.34861111111111115 0.014583333333333334 0.025
1 0.09557291666666666 0.33194444444444443 0.013020833333333334 0.021296296296296296
1 0.071875 0.33796296296296297 0.016666666666666666 0.024074074074074074
0 0.23177083333333334 0.46805555555555556 0.078125 0.2064814814814815
0 0.06796875 0.3731481481481482 0.033854166666666664 0.1
0 0.09114583333333333 0.3851851851851852 0.035416666666666666 0.13333333333333333
0 0.18020833333333333 0.40092592592592596 0.03854166666666667 0.13148148148148148
0 0.33151041666666664 0.4324074074074074 0.0546875 0.1574074074074074
0 0.3890625 0.44722222222222224 0.06041666666666667 0.17962962962962964
0 0.8666666666666667 0.537962962962963 0.128125 0.2537037037037037
