1 0.21484375 0.5222222222222223 0.019270833333333334 0.0462962962962963
1 0.27057291666666666 0.5078703703703704 0.013020833333333334 0.026851851851851852
1 0.38307291666666665 0.5157407407407407 0.0171875 0.044444444444444446
1 0.7598958333333333 0.5643518518518519 0.028125 0.05462962962962963
1 0.7864583333333334 0.5625 0.026041666666666668 0.049074074074074076
1 0.8640625 0.5949074074074074 0.034375 0.06944444444444445
0 0.27317708333333335 0.5564814814814815 0.03697916666666667 0.12962962962962962
0 0.3833333333333333 0.5898148148148148 0.059375 0.18703703703703706
0 0.21614583333333334 0.5990740740740741 0.05520833333333333 0.2
0 0.7598958333333333 0.6574074074074074 0.10833333333333334 0.23703703703703705
0 0.8596354166666667 0.7462962962962963 0.13697916666666665 0.3666666666666667
