2 0.9354166666666667 0.47453703703703703 0.027083333333333334 0.05092592592592593
1 0.7286458333333333 0.4986111111111111 0.03854166666666667 0.075
1 0.6833333333333333 0.45787037037037037 0.028125 0.05462962962962963
1 0.7174479166666666 0.45925925925925926 0.0296875 0.0462962962962963
1 0.7052083333333333 0.40925925925925927 0.02395833333333333 0.04259259259259259
1 0.3625 0.4046296296296297 0.021875 0.03888888888888889
1 0.12708333333333333 0.34074074074074073 0.013541666666666667 0.022222222222222223
1 0.10651041666666666 0.32916666666666666 0.009895833333333333 0.028703703703703703
1 0.08255208333333333 0.3282407407407408 0.0078125 0.017592592592592594
0 0.1046875 0.3666666666666667 0.030208333333333334 0.09444444444444444
0 0.12864583333333332 0.37962962962962965 0.027083333333333334 0.10185185185185186
0 0.7447916666666666 0.6699074074074074 0.15104166666666666 0.4175925925925926
0 0.5153645833333333 0.48379629629629634 0.06614583333333333 0.17500000000000002
0 0.35651041666666666 0.4912037037037037 0.0828125 0.21574074074074076
0 0.6809895833333334 0.5143518518518518 0.10989583333333333 0.25462962962962965
0 0.67421875 0.5611111111111111 0.13072916666666667 0.27222222222222225
