2 0.9356770833333333 0.4689814814814815 0.0203125 0.05092592592592593
1 0.9713541666666666 0.49444444444444446 0.03229166666666666 0.07222222222222223
2 0.8080729166666667 0.47175925925925927 0.021354166666666667 0.05277777777777778
1 0.7885416666666667 0.4564814814814815 0.026041666666666668 0.05555555555555556
1 0.6921875 0.44907407407407407 0.026041666666666668 0.05555555555555556
2 0.7065104166666667 0.4740740740740741 0.028645833333333332 0.061111111111111116
1 0.42526041666666664 0.3699074074074074 0.018229166666666668 0.03796296296296296
1 0.41302083333333334 0.3805555555555556 0.019791666666666666 0.04259259259259259
1 0.3494791666666667 0.3893518518518519 0.019791666666666666 0.03796296296296296
1 0.3307291666666667 0.3856481481481482 0.016666666666666666 0.04166666666666667
1 0.1375 0.3560185185185185 0.014583333333333334 0.032407407407407406
1 0.09557291666666666 0.33101851851851855 0.011979166666666666 0.019444444444444445
1 0.08203125 0.3287037037037037 0.009895833333333333 0.020370370370370372
1 0.06848958333333333 0.3226851851851852 0.009895833333333333 0.019444444444444445
0 0.32005208333333335 0.4300925925925926 0.0421875 0.13240740740740742
0 0.13515625 0.4152777777777778 0.0421875 0.14166666666666666
0 0.40963541666666664 0.4481481481481482 0.06927083333333334 0.1925925925925926
0 0.6802083333333333 0.5675925925925926 0.12395833333333334 0.29814814814814816
0 0.7760416666666666 0.5615740740740741 0.109375 0.25092592592592594
0 0.9328124999999999 0.6472222222222223 0.134375 0.3740740740740741
0 0.33177083333333335 0.46296296296296297 0.06979166666666667 0.19074074074074074
