1 0.44114583333333335 0.3875 0.017708333333333333 0.032407407407407406
1 0.4263020833333333 0.3861111111111111 0.0171875 0.031481481481481485
1 0.3247395833333333 0.3787037037037037 0.019270833333333334 0.02962962962962963
1 0.2703125 0.36712962962962964 0.017708333333333333 0.025
1 0.19973958333333333 0.3523148148148148 0.009895833333333333 0.019444444444444445
2 0.20260416666666667 0.3601851851851852 0.008333333333333333 0.014814814814814815
1 0.16510416666666666 0.34814814814814815 0.0125 0.018518518518518517
1 0.14817708333333332 0.33055555555555555 0.013020833333333334 0.016666666666666666
1 0.05807291666666667 0.33287037037037037 0.008854166666666666 0.019444444444444445
0 0.19583333333333333 0.39814814814814814 0.03125 0.11296296296296297
0 0.1625 0.4013888888888889 0.041666666666666664 0.125
0 0.2669270833333333 0.41712962962962963 0.0421875 0.12685185185185185
0 0.42604166666666665 0.4518518518518519 0.059375 0.1574074074074074
0 0.3221354166666667 0.4430555555555556 0.04635416666666667 0.15462962962962964
