1 0.5484375 0.4800925925925926 0.02395833333333333 0.032407407407407406
2 0.44166666666666665 0.4708333333333333 0.019791666666666666 0.04166666666666667
1 0.2916666666666667 0.45787037037037037 0.014583333333333334 0.026851851851851852
1 0.21901041666666665 0.45231481481481484 0.015104166666666667 0.02314814814814815
1 0.19505208333333332 0.4481481481481482 0.011979166666666666 0.022222222222222223
1 0.10911458333333333 0.4569444444444445 0.01614583333333333 0.026851851851851852
0 0.19635416666666666 0.48055555555555557 0.02395833333333333 0.08518518518518518
0 0.22083333333333333 0.49074074074074076 0.03229166666666666 0.10185185185185186
0 0.2942708333333333 0.5032407407407408 0.034375 0.11203703703703705
0 0.5481770833333334 0.5532407407407408 0.0609375 0.1787037037037037
0 0.440625 0.5412037037037037 0.05520833333333333 0.17685185185185187
0 0.10833333333333334 0.500925925925926 0.03125 0.11296296296296297
