1 0.11692708333333333 0.4388888888888889 0.011979166666666666 0.016666666666666666
1 0.14322916666666666 0.4430555555555556 0.0125 0.021296296296296296
1 0.10260416666666666 0.43703703703703706 0.007291666666666667 0.016666666666666666
2 0.20520833333333333 0.4476851851851852 0.013541666666666667 0.02314814814814815
1 0.26979166666666665 0.45555555555555555 0.0125 0.02592592592592593
2 0.4828125 0.47453703703703703 0.014583333333333334 0.026851851851851852
1 0.22760416666666666 0.5027777777777778 0.021875 0.05
0 0.26953125 0.49583333333333335 0.027604166666666666 0.10462962962962963
0 0.20651041666666667 0.4814814814814815 0.0265625 0.09814814814814815
0 0.47552083333333334 0.538425925925926 0.04791666666666666 0.1638888888888889
0 0.22838541666666667 0.5888888888888889 0.05677083333333333 0.22222222222222224
