1 0.07708333333333334 0.44907407407407407 0.015625 0.022222222222222223
1 0.12916666666666665 0.46111111111111114 0.0125 0.02777777777777778
2 0.15390625 0.48935185185185187 0.018229166666666668 0.04166666666666667
1 0.18723958333333332 0.44583333333333336 0.009895833333333333 0.021296296296296296
1 0.21119791666666665 0.4527777777777778 0.015104166666666667 0.020370370370370372
2 0.7171875 0.5166666666666667 0.022916666666666665 0.053703703703703705
2 0.7463541666666667 0.5370370370370371 0.02395833333333333 0.040740740740740744
2 0.7260416666666667 0.5638888888888889 0.017708333333333333 0.03518518518518519
1 0.9260416666666667 0.5180555555555556 0.034375 0.0638888888888889
0 0.15598958333333332 0.5620370370370371 0.0515625 0.19074074074074074
0 0.12838541666666667 0.5074074074074074 0.03177083333333333 0.12037037037037038
0 0.20989583333333334 0.49259259259259264 0.028125 0.10185185185185186
0 0.7052083333333333 0.637962962962963 0.12916666666666665 0.2962962962962963
0 0.07838541666666667 0.48703703703703705 0.03177083333333333 0.09814814814814815
0 0.9140625 0.6106481481481482 0.121875 0.23981481481481481
