2 0.9549479166666667 0.5217592592592593 0.027604166666666666 0.05092592592592593
2 0.9864583333333333 0.5231481481481481 0.02395833333333333 0.07222222222222223
2 0.29609375 0.5370370370370371 0.0296875 0.05555555555555556
1 0.590625 0.4842592592592593 0.022916666666666665 0.040740740740740744
1 0.5231770833333333 0.4851851851851852 0.0203125 0.03888888888888889
1 0.5114583333333333 0.4759259259259259 0.017708333333333333 0.037037037037037035
2 0.3932291666666667 0.48194444444444445 0.014583333333333334 0.026851851851851852
2 0.3807291666666667 0.47222222222222227 0.014583333333333334 0.02777777777777778
2 0.3828125 0.500925925925926 0.019791666666666666 0.02777777777777778
1 0.28802083333333334 0.48333333333333334 0.02395833333333333 0.05185185185185186
1 0.13645833333333332 0.45972222222222225 0.015625 0.032407407407407406
1 0.1515625 0.4425925925925926 0.009375 0.016666666666666666
0 0.30364583333333334 0.675 0.084375 0.32962962962962966
0 0.29010416666666666 0.5601851851851852 0.053125 0.1814814814814815
0 0.37916666666666665 0.5407407407407407 0.05 0.16666666666666669
0 0.13958333333333334 0.5106481481481482 0.03854166666666667 0.1287037037037037
0 0.5059895833333333 0.5606481481481481 0.07135416666666666 0.20092592592592592
0 0.5859375 0.5546296296296297 0.065625 0.17592592592592593
0 0.9388020833333334 0.6435185185185185 0.12239583333333333 0.29444444444444445
