1 0.86953125 0.576388888888889 0.050520833333333334 0.09351851851851853
1 0.10182291666666667 0.4393518518518519 0.0109375 0.019444444444444445
1 0.11458333333333333 0.4393518518518519 0.008333333333333333 0.015740740740740743
2 0.23333333333333334 0.45462962962962966 0.011458333333333333 0.020370370370370372
1 0.25729166666666664 0.47685185185185186 0.017708333333333333 0.040740740740740744
1 0.33307291666666666 0.4652777777777778 0.011979166666666666 0.028703703703703703
1 0.41562499999999997 0.46574074074074073 0.014583333333333334 0.02777777777777778
2 0.5236979166666667 0.47870370370370374 0.015104166666666667 0.03333333333333333
2 0.51328125 0.475462962962963 0.015104166666666667 0.028703703703703703
2 0.24114583333333334 0.4652777777777778 0.009375 0.019444444444444445
2 0.23229166666666667 0.47453703703703703 0.009375 0.017592592592592594
0 0.8937499999999999 0.7675925925925926 0.2125 0.46481481481481485
0 0.23177083333333334 0.5041666666666667 0.03854166666666667 0.11944444444444445
0 0.2604166666666667 0.5486111111111112 0.053125 0.18425925925925926
0 0.3294270833333333 0.5180555555555556 0.043229166666666666 0.14351851851851852
0 0.4166666666666667 0.5199074074074074 0.042708333333333334 0.13425925925925927
0 0.5130208333333334 0.549537037037037 0.06145833333333333 0.17685185185185187
