2 0.44921875 0.5314814814814816 0.0234375 0.044444444444444446
1 0.3260416666666667 0.5027777777777778 0.013541666666666667 0.02777777777777778
1 0.21979166666666666 0.513425925925926 0.022916666666666665 0.036111111111111115
1 0.13541666666666666 0.500925925925926 0.015625 0.02962962962962963
1 0.20546875 0.4865740740740741 0.011979166666666666 0.026851851851851852
0 0.4479166666666667 0.625925925925926 0.06770833333333333 0.2240740740740741
0 0.20416666666666666 0.5342592592592593 0.034375 0.11851851851851852
0 0.32578125 0.5625 0.04635416666666667 0.1398148148148148
0 0.22369791666666666 0.5814814814814815 0.049479166666666664 0.17222222222222222
0 0.13932291666666666 0.5537037037037037 0.03802083333333333 0.13333333333333333
