1 0.5973958333333333 0.524537037037037 0.03125 0.062037037037037036
1 0.4067708333333333 0.48564814814814816 0.021875 0.04351851851851852
1 0.3966145833333333 0.4935185185185185 0.0203125 0.04259259259259259
1 0.29192708333333334 0.4763888888888889 0.0171875 0.028703703703703703
1 0.26510416666666664 0.4708333333333333 0.0125 0.032407407407407406
1 0.18541666666666667 0.4652777777777778 0.014583333333333334 0.02314814814814815
1 0.13333333333333333 0.45833333333333337 0.0125 0.024074074074074074
1 0.09010416666666667 0.45601851851851855 0.010416666666666666 0.017592592592592594
1 0.0625 0.4486111111111111 0.010416666666666666 0.019444444444444445
1 0.035416666666666666 0.4527777777777778 0.010416666666666666 0.020370370370370372
1 0.01614583333333333 0.44722222222222224 0.009375 0.016666666666666666
0 0.08854166666666667 0.49259259259259264 0.027083333333333334 0.09444444444444444
0 0.8559895833333333 0.6069444444444445 0.08489583333333334 0.225
0 0.1328125 0.5018518518518519 0.030208333333333334 0.10740740740740741
0 0.26484375 0.5231481481481481 0.03802083333333333 0.13333333333333333
0 0.29296875 0.5342592592592593 0.0484375 0.1462962962962963
0 0.18333333333333332 0.5180555555555556 0.036458333333333336 0.13055555555555556
0 0.40625 0.5458333333333334 0.05416666666666667 0.16018518518518518
0 0.3997395833333333 0.5680555555555555 0.06510416666666667 0.1953703703703704
0 0.5940104166666667 0.6092592592592593 0.09947916666666666 0.2388888888888889
0 0.5953125 0.6509259259259259 0.125 0.31666666666666665
