1 0.853125 0.475462962962963 0.019791666666666666 0.03796296296296296
1 0.022395833333333334 0.4486111111111111 0.010416666666666666 0.017592592592592594
1 0.039322916666666666 0.44722222222222224 0.0078125 0.018518518518518517
1 0.08151041666666667 0.45416666666666666 0.0109375 0.021296296296296296
1 0.11328125 0.45092592592592595 0.008854166666666666 0.014814814814814815
1 0.13489583333333333 0.46111111111111114 0.011458333333333333 0.022222222222222223
1 0.12395833333333334 0.46064814814814814 0.008333333333333333 0.017592592592592594
1 0.17734375 0.4615740740740741 0.009895833333333333 0.015740740740740743
1 0.190625 0.4666666666666667 0.010416666666666666 0.024074074074074074
1 0.19869791666666667 0.4675925925925926 0.013020833333333334 0.022222222222222223
0 0.85234375 0.5486111111111112 0.0734375 0.1787037037037037
0 0.17864583333333334 0.5027777777777778 0.03125 0.10370370370370371
0 0.196875 0.5171296296296296 0.03333333333333333 0.12314814814814816
0 0.13645833333333332 0.5120370370370371 0.03125 0.12407407407407407
