1 0.7677083333333333 0.7046296296296296 0.05520833333333333 0.11111111111111112
2 0.93359375 0.5435185185185185 0.022395833333333334 0.04814814814814815
2 0.9625 0.5416666666666667 0.01875 0.03518518518518519
2 0.98984375 0.5291666666666667 0.019270833333333334 0.04722222222222222
1 0.76328125 0.5407407407407407 0.019270833333333334 0.037037037037037035
1 0.7424479166666667 0.549074074074074 0.022395833333333334 0.040740740740740744
2 0.6640625 0.5532407407407408 0.020833333333333332 0.03981481481481482
2 0.590625 0.5476851851851852 0.01875 0.030555555555555558
2 0.5713541666666666 0.5509259259259259 0.013541666666666667 0.02962962962962963
1 0.49140625 0.549074074074074 0.027604166666666666 0.040740740740740744
2 0.3182291666666667 0.5731481481481482 0.016666666666666666 0.03518518518518519
2 0.30078125 0.5708333333333333 0.0171875 0.030555555555555558
1 0.0171875 0.6486111111111111 0.030208333333333334 0.06018518518518519
0 0.2984375 0.6351851851851852 0.08125 0.1574074074074074
0 0.4942708333333333 0.6138888888888889 0.08020833333333333 0.1462962962962963
0 0.571875 0.600462962962963 0.07604166666666666 0.13796296296296298
0 0.4848958333333333 0.6375000000000001 0.1125 0.20833333333333334
0 0.6609375 0.611574074074074 0.09270833333333334 0.14907407407407408
0 0.7447916666666666 0.6236111111111111 0.11666666666666667 0.18055555555555555
0 0.9270833333333334 0.6222222222222222 0.13541666666666666 0.1962962962962963
0 0.8252604166666666 0.825462962962963 0.3078125 0.3490740740740741
0 0.0390625 0.7689814814814815 0.078125 0.28611111111111115
