1 0.10572916666666667 0.6824074074074075 0.0375 0.06851851851851852
1 0.14322916666666666 0.6800925925925926 0.035416666666666666 0.06574074074074074
2 0.16875 0.7449074074074075 0.03958333333333333 0.04722222222222222
1 0.23906249999999998 0.625462962962963 0.03125 0.04722222222222222
1 0.27057291666666666 0.6231481481481481 0.03177083333333333 0.06481481481481481
1 0.2942708333333333 0.5699074074074074 0.011458333333333333 0.028703703703703703
1 0.30755208333333334 0.5703703703703704 0.011979166666666666 0.02777777777777778
1 0.4518229166666667 0.7046296296296296 0.05572916666666666 0.09814814814814815
2 0.47942708333333334 0.8087962962962963 0.034895833333333334 0.06574074074074074
1 0.7236979166666666 0.6180555555555556 0.0421875 0.06944444444444445
1 0.7713541666666667 0.6143518518518519 0.040625 0.0787037037037037
1 0.8153645833333333 0.6416666666666667 0.04739583333333333 0.10740740740740741
0 0.29375 0.6162037037037037 0.057291666666666664 0.12314814814814816
0 0.7986979166666667 0.7587962962962963 0.20885416666666667 0.3675925925925926
0 0.8614583333333333 0.8023148148148148 0.27708333333333335 0.39351851851851855
0 0.5065104166666666 0.8342592592592593 0.2484375 0.3314814814814815
0 0.29296875 0.7523148148148149 0.1640625 0.33055555555555555
0 0.1703125 0.8208333333333334 0.18854166666666666 0.3564814814814815
