1 0.4388020833333333 0.5083333333333333 0.0234375 0.044444444444444446
1 0.40703125 0.5152777777777778 0.0265625 0.04166666666666667
1 0.24583333333333332 0.5356481481481482 0.028125 0.05462962962962963
1 0.22109375 0.5416666666666667 0.025520833333333333 0.06296296296296297
1 0.09739583333333333 0.5583333333333333 0.03125 0.05
1 0.06640625 0.5625 0.028645833333333332 0.049074074074074076
0 0.45598958333333334 0.5958333333333333 0.12760416666666666 0.2212962962962963
0 0.26953125 0.6564814814814816 0.1453125 0.2851851851851852
0 0.10911458333333333 0.6796296296296297 0.12864583333333332 0.3037037037037037
0 0.11536458333333333 0.6273148148148149 0.10572916666666667 0.2564814814814815
