1 0.3567708333333333 0.6708333333333334 0.04479166666666667 0.08981481481481482
2 0.5828125 0.6620370370370371 0.034375 0.07777777777777778
1 0.6291666666666667 0.625462962962963 0.042708333333333334 0.07685185185185185
2 0.6536458333333334 0.6925925925925926 0.029166666666666667 0.05555555555555556
2 0.12447916666666667 0.5837962962962964 0.017708333333333333 0.025
2 0.090625 0.5796296296296296 0.014583333333333334 0.02592592592592593
2 0.07942708333333333 0.5805555555555556 0.0109375 0.022222222222222223
0 0.07838541666666667 0.625925925925926 0.0515625 0.11851851851851852
0 0.12213541666666666 0.6236111111111111 0.04739583333333333 0.11018518518518519
0 0.6640625 0.7787037037037038 0.21875 0.37962962962962965
0 0.39088541666666665 0.8125 0.2484375 0.375
