1 0.44505208333333335 0.5578703703703703 0.01614583333333333 0.03425925925925926
2 0.47161458333333334 0.5625 0.019270833333333334 0.049074074074074076
2 0.58515625 0.5791666666666667 0.018229166666666668 0.03796296296296296
2 0.60390625 0.6018518518518519 0.021354166666666667 0.037037037037037035
2 0.6265625 0.5722222222222223 0.019791666666666666 0.040740740740740744
2 0.6453125 0.6027777777777777 0.020833333333333332 0.037037037037037035
2 0.51015625 0.5569444444444445 0.015104166666666667 0.032407407407407406
2 0.5419270833333333 0.5583333333333333 0.022395833333333334 0.03518518518518519
2 0.525 0.5592592592592592 0.015625 0.02592592592592593
0 0.6505208333333333 0.6828703703703703 0.16354166666666667 0.2564814814814815
0 0.44036458333333334 0.638425925925926 0.10572916666666667 0.19351851851851853
0 0.5151041666666667 0.6287037037037038 0.08645833333333333 0.17777777777777778
