1 0.6622395833333333 0.6041666666666667 0.033854166666666664 0.06018518518518519
1 0.2515625 0.6527777777777778 0.03229166666666666 0.06666666666666667
2 0.27265625 0.6962962962962963 0.024479166666666666 0.053703703703703705
2 0.22057291666666667 0.6601851851851852 0.0234375 0.05
2 0.20078125 0.6592592592592593 0.021354166666666667 0.061111111111111116
2 0.23958333333333334 0.5731481481481482 0.019791666666666666 0.04814814814814815
2 0.3494791666666667 0.5671296296296297 0.0125 0.025
2 0.3690104166666667 0.5587962962962963 0.013020833333333334 0.02314814814814815
2 0.35859375 0.5638888888888889 0.011979166666666666 0.02962962962962963
0 0.34921875 0.6106481481481482 0.06510416666666667 0.1287037037037037
0 0.23697916666666666 0.6444444444444445 0.08854166666666667 0.18333333333333335
0 0.35885416666666664 0.6333333333333333 0.1 0.17592592592592593
0 0.70234375 0.7240740740740741 0.18802083333333333 0.3148148148148148
0 0.2640625 0.7810185185185186 0.15520833333333334 0.3175925925925926
