1 0.7174479166666666 0.41064814814814815 0.0296875 0.0638888888888889
1 0.7515625 0.5166666666666667 0.04791666666666666 0.10185185185185186
1 0.48125 0.4351851851851852 0.02395833333333333 0.05740740740740741
1 0.4440104166666667 0.44351851851851853 0.024479166666666666 0.05555555555555556
1 0.09895833333333333 0.38981481481481484 0.021875 0.044444444444444446
1 0.146875 0.3976851851851852 0.020833333333333332 0.04166666666666667
1 0.19244791666666666 0.48240740740740745 0.0359375 0.07222222222222223
0 0.7385416666666667 0.5236111111111111 0.165625 0.28055555555555556
0 0.5002604166666667 0.5453703703703704 0.15052083333333333 0.2777777777777778
0 0.21302083333333333 0.6245370370370371 0.16875 0.36203703703703705
0 0.1421875 0.48379629629629634 0.06979166666666667 0.2175925925925926
0 0.7989583333333333 0.725925925925926 0.3145833333333333 0.5166666666666667
0 0.09192708333333333 0.46111111111111114 0.06197916666666667 0.1851851851851852
