1 0.02421875 0.42638888888888893 0.033854166666666664 0.06944444444444445
1 0.22239583333333332 0.44537037037037036 0.029166666666666667 0.07037037037037037
1 0.33098958333333334 0.4226851851851852 0.0265625 0.058333333333333334
1 0.6096354166666667 0.4356481481481482 0.04010416666666666 0.06944444444444445
1 0.65546875 0.4601851851851852 0.03802083333333333 0.07592592592592592
1 0.9622395833333334 0.5976851851851852 0.05572916666666666 0.11018518518518519
0 0.6796875 0.5875 0.20625 0.3731481481481482
0 0.9143229166666667 0.7712962962962964 0.1703125 0.4537037037037037
0 0.3453125 0.5444444444444445 0.1375 0.3
0 0.24270833333333333 0.5907407407407408 0.165625 0.3574074074074074
0 0.048177083333333336 0.538425925925926 0.0953125 0.28425925925925927
