1 0.04895833333333333 0.4990740740740741 0.011458333333333333 0.018518518518518517
1 0.008854166666666666 0.5032407407407408 0.010416666666666666 0.017592592592592594
1 0.303125 0.48240740740740745 0.011458333333333333 0.024074074074074074
2 0.315625 0.47962962962962963 0.009375 0.024074074074074074
1 0.3794270833333333 0.47870370370370374 0.0140625 0.022222222222222223
1 0.5638020833333334 0.4638888888888889 0.0171875 0.03333333333333333
1 0.6856770833333333 0.4486111111111111 0.0171875 0.03796296296296296
1 0.7020833333333333 0.45 0.016666666666666666 0.02962962962962963
0 0.014322916666666666 0.5467592592592593 0.027604166666666666 0.11203703703703705
0 0.04583333333333333 0.5467592592592593 0.040625 0.1175925925925926
0 0.30026041666666664 0.5333333333333333 0.06197916666666667 0.13333333333333333
0 0.69921875 0.5189814814814815 0.09427083333333333 0.15833333333333333
