2 0.09010416666666667 0.5810185185185185 0.030208333333333334 0.06018518518518519
1 0.12526041666666665 0.5712962962962963 0.03177083333333333 0.06851851851851852
1 0.14895833333333333 0.5287037037037037 0.03229166666666666 0.05555555555555556
1 0.26119791666666664 0.48842592592592593 0.013020833333333334 0.030555555555555558
1 0.4440104166666667 0.47314814814814815 0.018229166666666668 0.031481481481481485
1 0.67421875 0.5925925925925926 0.05260416666666667 0.09074074074074075
0 0.7317708333333334 0.7722222222222223 0.2895833333333333 0.45
0 0.146875 0.7032407407407407 0.15208333333333332 0.33425925925925926
0 0.17317708333333334 0.6263888888888889 0.08802083333333333 0.24351851851851852
0 0.2630208333333333 0.5388888888888889 0.0625 0.1277777777777778
0 0.43333333333333335 0.5300925925925926 0.05625 0.14166666666666666
