1 0.30885416666666665 0.6175925925925926 0.040625 0.07962962962962963
1 0.3690104166666667 0.6069444444444445 0.03802083333333333 0.08240740740740742
1 0.6255208333333333 0.5180555555555556 0.03229166666666666 0.07685185185185185
1 0.7299479166666667 0.4564814814814815 0.0265625 0.05
1 0.7544270833333333 0.4527777777777778 0.0171875 0.037037037037037035
1 0.76875 0.5736111111111112 0.041666666666666664 0.08611111111111111
2 0.8375 0.5416666666666667 0.051041666666666666 0.0925925925925926
2 0.78203125 0.5263888888888889 0.033854166666666664 0.0787037037037037
0 0.7247395833333333 0.5314814814814816 0.12343749999999999 0.19444444444444445
0 0.6565104166666667 0.6370370370370371 0.1734375 0.2962962962962963
0 0.8822916666666667 0.6856481481481482 0.23541666666666666 0.3990740740740741
0 0.8322916666666667 0.7657407407407407 0.28541666666666665 0.4666666666666667
0 0.4041666666666667 0.7787037037037038 0.23124999999999998 0.4203703703703704
