1 0.7919270833333333 0.6111111111111112 0.0671875 0.1277777777777778
1 0.49374999999999997 0.5842592592592593 0.04583333333333333 0.08888888888888889
1 0.5932291666666667 0.4666666666666667 0.022916666666666665 0.03888888888888889
1 0.36953125 0.4842592592592593 0.0234375 0.03333333333333333
1 0.3450520833333333 0.48240740740740745 0.0234375 0.0462962962962963
1 0.2794270833333333 0.5425925925925926 0.0359375 0.06481481481481481
0 0.34479166666666666 0.5509259259259259 0.10104166666666667 0.17592592592592593
0 0.57890625 0.5231481481481481 0.07135416666666666 0.14814814814814814
0 0.83984375 0.774537037037037 0.3203125 0.45092592592592595
0 0.5309895833333333 0.725 0.2171875 0.37222222222222223
0 0.296875 0.6680555555555556 0.159375 0.31203703703703706
