1 0.9078125 0.5157407407407407 0.021875 0.03518518518518519
2 0.8815104166666666 0.5282407407407408 0.018229166666666668 0.036111111111111115
2 0.7359375 0.5407407407407407 0.013541666666666667 0.02777777777777778
2 0.7192708333333333 0.5430555555555556 0.015625 0.026851851851851852
1 0.54375 0.55 0.0125 0.02777777777777778
1 0.31614583333333335 0.5699074074074074 0.017708333333333333 0.032407407407407406
1 0.2994791666666667 0.5685185185185185 0.014583333333333334 0.02777777777777778
2 0.26197916666666665 0.575462962962963 0.013541666666666667 0.021296296296296296
1 0.24427083333333333 0.5694444444444444 0.013541666666666667 0.02777777777777778
1 0.009114583333333334 0.5875 0.009895833333333333 0.021296296296296296
1 0.5346354166666667 0.5694444444444444 0.013020833333333334 0.024074074074074074
1 0.56875 0.5657407407407408 0.015625 0.022222222222222223
0 0.5432291666666667 0.6101851851851852 0.08541666666666667 0.1462962962962963
0 0.29192708333333334 0.6180555555555556 0.06822916666666666 0.13611111111111113
