1 0.146875 0.6842592592592592 0.03333333333333333 0.06666666666666667
1 0.1765625 0.6865740740740741 0.03854166666666667 0.06944444444444445
1 0.33697916666666666 0.6055555555555556 0.026041666666666668 0.05740740740740741
1 0.3692708333333333 0.6101851851851852 0.026041666666666668 0.053703703703703705
1 0.8039062499999999 0.5393518518518519 0.022395833333333334 0.04166666666666667
1 0.8236979166666667 0.5333333333333333 0.015104166666666667 0.03333333333333333
1 0.8583333333333333 0.5337962962962963 0.021875 0.03981481481481482
1 0.87734375 0.5277777777777778 0.021354166666666667 0.0462962962962963
1 0.34088541666666666 0.5625 0.0140625 0.025
1 0.3520833333333333 0.5537037037037037 0.011458333333333333 0.022222222222222223
2 0.42109375 0.5611111111111111 0.015104166666666667 0.02592592592592593
2 0.44140625 0.5601851851851852 0.015104166666666667 0.02777777777777778
2 0.37395833333333334 0.5615740740740741 0.013541666666666667 0.02314814814814815
0 0.3403645833333333 0.6129629629629629 0.06510416666666667 0.14444444444444446
0 0.7981770833333334 0.5953703703703704 0.09114583333333333 0.16481481481481483
0 0.8536458333333333 0.5962962962962963 0.10625 0.17962962962962964
0 0.42265625 0.6055555555555556 0.0734375 0.13703703703703704
0 0.3846354166666667 0.7138888888888889 0.1453125 0.2796296296296296
0 0.209375 0.825925925925926 0.1875 0.34814814814814815
