1 0.15989583333333332 0.6305555555555555 0.046875 0.07962962962962963
1 0.4361979166666667 0.5949074074074074 0.04010416666666666 0.08611111111111111
1 0.6497395833333334 0.6722222222222223 0.06510416666666667 0.12962962962962962
1 0.4653645833333333 0.47175925925925927 0.018229166666666668 0.03425925925925926
1 0.48020833333333335 0.4861111111111111 0.020833333333333332 0.03518518518518519
1 0.5221354166666666 0.4675925925925926 0.0140625 0.02777777777777778
1 0.5390625 0.46990740740740744 0.011458333333333333 0.030555555555555558
0 0.45859374999999997 0.5416666666666667 0.08697916666666666 0.17407407407407408
0 0.5268229166666667 0.5231481481481481 0.06197916666666667 0.1425925925925926
0 0.4671875 0.7578703703703704 0.21041666666666667 0.41574074074074074
0 0.70625 0.8032407407407408 0.3020833333333333 0.39351851851851855
0 0.18984375 0.7967592592592593 0.19947916666666665 0.4046296296296297
