1 0.14609375 0.5550925925925926 0.03177083333333333 0.062037037037037036
1 0.12057291666666667 0.5625 0.0234375 0.04351851851851852
1 0.19375 0.4930555555555556 0.015625 0.03425925925925926
1 0.4588541666666667 0.4851851851851852 0.020833333333333332 0.03518518518518519
1 0.48411458333333335 0.4791666666666667 0.0203125 0.03981481481481482
2 0.53671875 0.6370370370370371 0.04114583333333333 0.11481481481481481
1 0.6802083333333333 0.5791666666666667 0.04583333333333333 0.075
1 0.7158854166666666 0.4532407407407408 0.018229166666666668 0.026851851851851852
1 0.9111979166666666 0.4462962962962963 0.018229166666666668 0.03518518518518519
1 0.9296875 0.43842592592592594 0.021875 0.03796296296296296
1 0.6627604166666666 0.5226851851851853 0.033854166666666664 0.0712962962962963
0 0.19921875 0.5393518518518519 0.05677083333333333 0.12314814814814816
0 0.4591145833333333 0.5625 0.10572916666666667 0.19722222222222224
0 0.7153645833333333 0.5120370370370371 0.07760416666666667 0.13703703703703704
0 0.9046875 0.5106481481481482 0.10625 0.1787037037037037
0 0.7380208333333333 0.7657407407407407 0.28125 0.46111111111111114
0 0.16354166666666667 0.6773148148148148 0.14166666666666666 0.30833333333333335
0 0.7026041666666667 0.687962962962963 0.24791666666666667 0.38703703703703707
