1 0.22057291666666667 0.5458333333333334 0.028645833333333332 0.05648148148148149
1 0.40859375 0.5504629629629629 0.030729166666666665 0.058333333333333334
1 0.4388020833333333 0.5365740740740741 0.0390625 0.075
1 0.321875 0.4800925925925926 0.011458333333333333 0.02314814814814815
1 0.7838541666666666 0.45 0.016666666666666666 0.037037037037037035
1 0.8059895833333334 0.44583333333333336 0.0234375 0.04351851851851852
0 0.18723958333333332 0.5648148148148149 0.08177083333333333 0.17037037037037037
0 0.3234375 0.5263888888888889 0.052083333333333336 0.1212962962962963
0 0.2778645833333333 0.5351851851851852 0.05572916666666666 0.1277777777777778
0 0.4609375 0.6902777777777778 0.20833333333333334 0.3768518518518519
0 0.23671875 0.6583333333333333 0.13697916666666665 0.2796296296296296
