1 0.009895833333333333 0.5995370370370371 0.017708333333333333 0.05277777777777778
1 0.04505208333333333 0.5745370370370371 0.03177083333333333 0.05462962962962963
1 0.44296874999999997 0.49259259259259264 0.0265625 0.04814814814814815
1 0.48411458333333335 0.5439814814814815 0.0359375 0.06018518518518519
1 0.61640625 0.5560185185185186 0.043229166666666666 0.08425925925925926
1 0.8333333333333334 0.549074074074074 0.051041666666666666 0.08888888888888889
0 0.45625 0.5796296296296296 0.125 0.21481481481481482
0 0.6583333333333333 0.7194444444444444 0.23020833333333332 0.40370370370370373
0 0.8546874999999999 0.750462962962963 0.290625 0.4990740740740741
0 0.50625 0.6712962962962963 0.1625 0.312962962962963
0 0.0734375 0.6875 0.125 0.28055555555555556
