1 0.03046875 0.6175925925925926 0.033854166666666664 0.06851851851851852
1 0.16302083333333334 0.5402777777777777 0.03229166666666666 0.05462962962962963
1 0.3734375 0.5620370370370371 0.03854166666666667 0.06666666666666667
1 0.41953124999999997 0.5643518518518519 0.04635416666666667 0.07685185185185185
1 0.49921875 0.5402777777777777 0.04010416666666666 0.06574074074074074
1 0.58046875 0.4587962962962963 0.013020833333333334 0.028703703703703703
1 0.6364583333333333 0.4625 0.017708333333333333 0.036111111111111115
1 0.6565104166666667 0.45462962962962966 0.0171875 0.031481481481481485
0 0.5776041666666667 0.5157407407407407 0.075 0.12962962962962962
0 0.6315104166666666 0.5189814814814815 0.09010416666666667 0.16574074074074074
0 0.5463541666666667 0.6773148148148148 0.17708333333333334 0.33981481481481485
0 0.44687499999999997 0.7157407407407408 0.203125 0.3703703703703704
0 0.18802083333333333 0.6458333333333334 0.12083333333333333 0.2601851851851852
0 0.06197916666666667 0.7824074074074074 0.12395833333333334 0.3907407407407408
