2 0.571875 0.549537037037037 0.013541666666666667 0.036111111111111115
2 0.5875 0.5532407407407408 0.016666666666666666 0.030555555555555558
2 0.2713541666666667 0.5699074074074074 0.020833333333333332 0.032407407407407406
1 0.12630208333333334 0.6347222222222223 0.033854166666666664 0.05648148148148149
2 0.05182291666666666 0.5828703703703704 0.015104166666666667 0.030555555555555558
1 0.13229166666666667 0.5773148148148148 0.010416666666666666 0.032407407407407406
1 0.14765625 0.5777777777777778 0.0171875 0.02592592592592593
0 0.05078125 0.6333333333333333 0.05677083333333333 0.13518518518518519
0 0.13177083333333334 0.6240740740740741 0.06041666666666667 0.12962962962962962
0 0.2643229166666667 0.6282407407407408 0.07864583333333333 0.15833333333333333
0 0.5684895833333333 0.6171296296296297 0.09322916666666667 0.17314814814814816
0 0.14869791666666665 0.7555555555555555 0.15364583333333334 0.30185185185185187
