2 0.3377604166666667 0.5625 0.009895833333333333 0.02314814814814815
1 0.34791666666666665 0.5611111111111111 0.013541666666666667 0.022222222222222223
2 0.4473958333333333 0.5574074074074075 0.011458333333333333 0.02962962962962963
2 0.45338541666666665 0.5611111111111111 0.013020833333333334 0.024074074074074074
1 0.5638020833333334 0.5578703703703703 0.019270833333333334 0.03981481481481482
2 0.5830729166666666 0.5564814814814815 0.011979166666666666 0.02962962962962963
1 0.5216145833333333 0.6333333333333333 0.03177083333333333 0.07222222222222223
1 0.49244791666666665 0.6236111111111111 0.028645833333333332 0.05462962962962963
1 0.38828125 0.6069444444444445 0.0296875 0.05462962962962963
0 0.3385416666666667 0.6157407407407408 0.07083333333333333 0.1425925925925926
0 0.44505208333333335 0.6138888888888889 0.06927083333333334 0.1425925925925926
0 0.5583333333333333 0.6171296296296297 0.09583333333333333 0.16203703703703703
0 0.55703125 0.7726851851851853 0.20781249999999998 0.3490740740740741
0 0.4119791666666667 0.7231481481481482 0.13541666666666666 0.2888888888888889
