1 0.15625 0.6240740740740741 0.019791666666666666 0.0462962962962963
1 0.17604166666666665 0.638888888888889 0.030208333333333334 0.05740740740740741
2 0.47421874999999997 0.6273148148148149 0.0296875 0.062037037037037036
1 0.5205729166666666 0.6226851851851852 0.04114583333333333 0.07685185185185185
2 0.53515625 0.787962962962963 0.04010416666666666 0.08703703703703704
2 0.590625 0.7444444444444445 0.04375 0.10370370370370371
2 0.6408854166666667 0.8115740740740741 0.0453125 0.10648148148148148
0 0.5322916666666666 0.750925925925926 0.16354166666666667 0.32962962962962966
0 0.6255208333333333 0.8467592592592593 0.24583333333333332 0.30648148148148147
0 0.19921875 0.7319444444444445 0.13489583333333333 0.2638888888888889
