1 0.0265625 0.513425925925926 0.016666666666666666 0.032407407407407406
1 0.045572916666666664 0.5097222222222222 0.0203125 0.03425925925925926
1 0.24322916666666666 0.5083333333333333 0.01875 0.037037037037037035
1 0.30546875 0.4898148148148148 0.018229166666666668 0.031481481481481485
1 0.4984375 0.48194444444444445 0.019791666666666666 0.03425925925925926
1 0.5677083333333334 0.4666666666666667 0.014583333333333334 0.02777777777777778
1 0.5893229166666667 0.46111111111111114 0.0140625 0.03333333333333333
2 0.5763020833333333 0.47731481481481486 0.009895833333333333 0.025
0 0.4984375 0.5643518518518519 0.11354166666666667 0.20092592592592592
0 0.29921875 0.5671296296296297 0.08802083333333333 0.19907407407407407
0 0.038802083333333334 0.5773148148148148 0.0734375 0.17500000000000002
0 0.240625 0.5898148148148148 0.11562499999999999 0.20740740740740743
0 0.5619791666666667 0.5240740740740741 0.07083333333333333 0.1574074074074074
0 0.0375 0.5555555555555556 0.0375 0.12592592592592594
