1 0.20781249999999998 0.625462962962963 0.034375 0.05648148148148149
1 0.24453125 0.6962962962962963 0.04114583333333333 0.07592592592592592
2 0.9450520833333333 0.6171296296296297 0.033854166666666664 0.0712962962962963
2 0.6091145833333333 0.5523148148148148 0.009895833333333333 0.02314814814814815
2 0.6192708333333333 0.5527777777777778 0.009375 0.022222222222222223
2 0.6338541666666666 0.5537037037037037 0.014583333333333334 0.024074074074074074
2 0.6721354166666667 0.5462962962962963 0.018229166666666668 0.037037037037037035
2 0.6908854166666667 0.549074074074074 0.0203125 0.03333333333333333
0 0.6091145833333333 0.6013888888888889 0.0765625 0.13796296296296298
0 0.66640625 0.6064814814814815 0.08697916666666666 0.1537037037037037
0 0.19479166666666667 0.7476851851851852 0.07083333333333333 0.2953703703703704
0 0.26953125 0.826388888888889 0.1953125 0.3453703703703704
