2 0.08463541666666667 0.6194444444444445 0.024479166666666666 0.053703703703703705
2 0.10781249999999999 0.6305555555555555 0.02395833333333333 0.05185185185185186
2 0.06927083333333334 0.5819444444444445 0.008333333333333333 0.019444444444444445
2 0.07890625 0.5814814814814815 0.0078125 0.020370370370370372
1 0.41770833333333335 0.6430555555555556 0.0375 0.06759259259259259
1 0.4614583333333333 0.6550925925925927 0.03125 0.07314814814814816
1 0.5859375 0.6777777777777778 0.041666666666666664 0.08518518518518518
1 0.6221354166666666 0.674537037037037 0.043229166666666666 0.08240740740740742
0 0.07291666666666667 0.6208333333333333 0.03958333333333333 0.09907407407407408
0 0.6638020833333333 0.812962962962963 0.2661458333333333 0.3740740740740741
0 0.7984375 0.5995370370370371 0.0625 0.16574074074074074
0 0.47109375 0.7870370370370371 0.1640625 0.3592592592592593
0 0.13098958333333333 0.7282407407407407 0.12447916666666667 0.27314814814814814
