2 0.06848958333333333 0.6245370370370371 0.021354166666666667 0.04537037037037037
1 0.0890625 0.6185185185185186 0.025 0.05
1 0.1828125 0.6458333333333334 0.021875 0.058333333333333334
2 0.21770833333333334 0.6375000000000001 0.022916666666666665 0.06018518518518519
2 0.23854166666666665 0.675462962962963 0.03229166666666666 0.05648148148148149
2 0.3658854166666667 0.5648148148148149 0.0109375 0.024074074074074074
2 0.3815104166666667 0.5648148148148149 0.011979166666666666 0.024074074074074074
2 0.7388020833333333 0.7782407407407408 0.03802083333333333 0.10462962962962963
1 0.6174479166666667 0.7189814814814816 0.050520833333333334 0.10277777777777779
1 0.6973958333333333 0.7268518518518519 0.06458333333333333 0.10370370370370371
1 0.029427083333333333 0.575925925925926 0.013020833333333334 0.02777777777777778
0 0.3640625 0.6152777777777778 0.06875 0.13796296296296298
0 0.721875 0.8361111111111111 0.3020833333333333 0.3277777777777778
0 0.23828125 0.7597222222222223 0.15572916666666667 0.2972222222222222
0 0.10182291666666667 0.7115740740740741 0.11302083333333333 0.23611111111111113
