1 0.055989583333333336 0.6694444444444445 0.022395833333333334 0.06851851851851852
2 0.08515625 0.674074074074074 0.0328125 0.06851851851851852
2 0.18046875 0.5782407407407407 0.011979166666666666 0.026851851851851852
2 0.19765625 0.5712962962962963 0.013020833333333334 0.020370370370370372
2 0.3776041666666667 0.5606481481481481 0.009375 0.02314814814814815
2 0.359375 0.5625 0.010416666666666666 0.02314814814814815
1 0.32786458333333335 0.6180555555555556 0.03177083333333333 0.062037037037037036
2 0.4552083333333333 0.6518518518518519 0.03125 0.06481481481481481
2 0.5033854166666667 0.6643518518518519 0.03697916666666667 0.06574074074074074
2 0.7385416666666667 0.5726851851851852 0.021875 0.04537037037037037
2 0.7609375 0.5745370370370371 0.019791666666666666 0.04722222222222222
1 0.78359375 0.5541666666666667 0.030729166666666665 0.06018518518518519
1 0.9171874999999999 0.5824074074074075 0.03333333333333333 0.06666666666666667
1 0.9682291666666667 0.5828703703703704 0.0375 0.07685185185185185
0 0.36276041666666664 0.6143518518518519 0.05260416666666667 0.13796296296296298
0 0.8046875 0.6671296296296296 0.178125 0.27685185185185185
0 0.9372395833333333 0.7208333333333333 0.12552083333333333 0.34351851851851856
0 0.534375 0.8092592592592593 0.21666666666666667 0.3814814814814815
0 0.3541666666666667 0.7462962962962963 0.16041666666666665 0.3277777777777778
0 0.10286458333333333 0.8185185185185185 0.15677083333333333 0.362962962962963
0 0.18072916666666666 0.6180555555555556 0.05625 0.12314814814814816
