1 0.5333333333333333 0.3861111111111111 0.017708333333333333 0.031481481481481485
1 0.4731770833333333 0.48194444444444445 0.049479166666666664 0.06944444444444445
1 0.34088541666666666 0.5351851851851852 0.057812499999999996 0.08888888888888889
1 0.026822916666666665 0.37222222222222223 0.021354166666666667 0.02962962962962963
1 0.2609375 0.39212962962962966 0.020833333333333332 0.03796296296296296
1 0.284375 0.5175925925925926 0.051041666666666666 0.08148148148148149
1 0.2203125 0.4601851851851852 0.034375 0.05740740740740741
1 0.18385416666666665 0.4240740740740741 0.029166666666666667 0.05925925925925926
0 0.029947916666666668 0.42314814814814816 0.0421875 0.11851851851851852
0 0.25859375 0.4342592592592593 0.06197916666666667 0.12407407407407407
0 0.5309895833333333 0.4481481481481482 0.08489583333333334 0.15185185185185185
0 0.5104166666666666 0.6578703703703704 0.22604166666666667 0.4305555555555556
0 0.37057291666666664 0.7240740740740741 0.2453125 0.49259259259259264
0 0.24375 0.5824074074074075 0.09270833333333334 0.32037037037037036
0 0.16770833333333332 0.5444444444444445 0.07916666666666666 0.29074074074074074
