1 0.10859375 0.5643518518518519 0.027604166666666666 0.0638888888888889
1 0.16015625 0.5782407407407407 0.024479166666666666 0.058333333333333334
1 0.18854166666666666 0.5777777777777778 0.03333333333333333 0.08148148148148149
1 0.3614583333333333 0.5597222222222222 0.03125 0.058333333333333334
1 0.5388020833333333 0.5888888888888889 0.0390625 0.08703703703703704
1 0.5778645833333333 0.611574074074074 0.04739583333333333 0.09722222222222222
0 0.61171875 0.7657407407407407 0.2640625 0.4314814814814815
0 0.3890625 0.688425925925926 0.15729166666666666 0.31203703703703706
0 0.209375 0.7217592592592593 0.16145833333333334 0.3564814814814815
0 0.10989583333333333 0.6708333333333334 0.08229166666666667 0.25833333333333336
