2 0.06432291666666666 0.5111111111111112 0.022395833333333334 0.03518518518518519
1 0.11119791666666666 0.5828703703703704 0.027604166666666666 0.058333333333333334
1 0.146875 0.5837962962962964 0.028125 0.0638888888888889
1 0.17161458333333332 0.5083333333333333 0.018229166666666668 0.044444444444444446
1 0.22760416666666666 0.5074074074074074 0.017708333333333333 0.0462962962962963
1 0.24947916666666667 0.4935185185185185 0.010416666666666666 0.024074074074074074
1 0.24036458333333333 0.4990740740740741 0.0109375 0.02592592592592593
1 0.19427083333333334 0.5037037037037038 0.0125 0.02592592592592593
2 0.26484375 0.5018518518518519 0.011979166666666666 0.022222222222222223
0 0.06588541666666667 0.5768518518518518 0.0640625 0.16296296296296298
0 0.17265625 0.5791666666666667 0.06927083333333334 0.1675925925925926
0 0.22786458333333334 0.575925925925926 0.08072916666666667 0.18333333333333335
0 0.15546875 0.6976851851851852 0.1296875 0.2990740740740741
