1 0.06276041666666667 0.513425925925926 0.024479166666666666 0.04351851851851852
1 0.17239583333333333 0.5101851851851852 0.020833333333333332 0.037037037037037035
1 0.29192708333333334 0.6296296296296297 0.0484375 0.09074074074074075
1 0.22630208333333332 0.5041666666666667 0.021354166666666667 0.04537037037037037
1 0.24453125 0.4949074074074074 0.015104166666666667 0.025
1 0.15885416666666666 0.5087962962962963 0.011458333333333333 0.025
1 0.09244791666666667 0.5064814814814815 0.011979166666666666 0.024074074074074074
1 0.10963541666666667 0.5087962962962963 0.0109375 0.021296296296296296
1 0.07994791666666666 0.5148148148148148 0.013020833333333334 0.024074074074074074
0 0.065625 0.5768518518518518 0.06458333333333333 0.16296296296296298
0 0.17317708333333334 0.5791666666666667 0.06927083333333334 0.1675925925925926
0 0.22786458333333334 0.5768518518518518 0.08072916666666667 0.1851851851851852
0 0.32526041666666666 0.7935185185185185 0.22343749999999998 0.41111111111111115
