1 0.06432291666666666 0.5087962962962963 0.0234375 0.03796296296296296
1 0.16536458333333334 0.5166666666666667 0.022395833333333334 0.037037037037037035
1 0.22578125 0.5055555555555555 0.019270833333333334 0.03333333333333333
1 0.296875 0.49259259259259264 0.015625 0.03333333333333333
1 0.8864583333333333 0.46944444444444444 0.015625 0.02962962962962963
1 0.9091145833333333 0.4703703703703704 0.0171875 0.037037037037037035
1 0.7416666666666667 0.649537037037037 0.06041666666666667 0.10833333333333334
1 0.5802083333333333 0.5819444444444445 0.05416666666666667 0.0787037037037037
1 0.51484375 0.5509259259259259 0.0296875 0.06666666666666667
1 0.48593749999999997 0.5467592592592593 0.035416666666666666 0.06574074074074074
1 0.32265625 0.4962962962962963 0.0109375 0.020370370370370372
1 0.33619791666666665 0.4967592592592593 0.0109375 0.025
1 0.34609375 0.49768518518518523 0.013020833333333334 0.021296296296296296
0 0.06640625 0.5777777777777778 0.0640625 0.16296296296296298
0 0.17369791666666667 0.5791666666666667 0.06927083333333334 0.1675925925925926
0 0.22760416666666666 0.5773148148148148 0.08020833333333333 0.18611111111111112
0 0.8911458333333333 0.5273148148148148 0.08020833333333333 0.1564814814814815
0 0.7854166666666667 0.7986111111111112 0.325 0.40092592592592596
0 0.6052083333333333 0.7245370370370371 0.19791666666666666 0.36203703703703705
0 0.5028645833333333 0.6648148148148149 0.11822916666666666 0.29814814814814816
