2 0.44895833333333335 0.5689814814814815 0.017708333333333333 0.028703703703703703
2 0.43723958333333335 0.5685185185185185 0.0140625 0.02962962962962963
1 0.27109375 0.5675925925925926 0.011979166666666666 0.024074074074074074
2 0.2908854166666667 0.5643518518518519 0.009895833333333333 0.026851851851851852
1 0.18072916666666666 0.5722222222222223 0.016666666666666666 0.02777777777777778
1 0.053385416666666664 0.5800925925925926 0.013020833333333334 0.017592592592592594
1 0.0453125 0.5805555555555556 0.010416666666666666 0.022222222222222223
0 0.05 0.6375000000000001 0.06041666666666667 0.14351851851851852
0 0.184375 0.6356481481481482 0.06875 0.16018518518518518
0 0.2747395833333333 0.6203703703703703 0.058854166666666666 0.1277777777777778
0 0.43072916666666666 0.6337962962962963 0.08229166666666667 0.16574074074074074
