2 0.20677083333333332 0.736574074074074 0.03854166666666667 0.06574074074074074
2 0.6244791666666667 0.5476851851851852 0.01875 0.032407407407407406
2 0.6864583333333333 0.537962962962963 0.017708333333333333 0.02777777777777778
2 0.7033854166666667 0.5324074074074074 0.015104166666666667 0.037037037037037035
2 0.11171874999999999 0.5828703703703704 0.009895833333333333 0.017592592592592594
2 0.09296875 0.5837962962962964 0.011979166666666666 0.017592592592592594
2 0.0859375 0.6013888888888889 0.008333333333333333 0.017592592592592594
2 0.10234375 0.5893518518518519 0.0078125 0.015740740740740743
0 0.6229166666666667 0.6050925925925926 0.08958333333333333 0.1527777777777778
0 0.5169270833333334 0.6060185185185185 0.0796875 0.14537037037037037
0 0.6885416666666666 0.5925925925925926 0.07916666666666666 0.1425925925925926
0 0.09348958333333333 0.6273148148148149 0.058854166666666666 0.11203703703703705
0 0.24088541666666666 0.8458333333333333 0.12760416666666666 0.2898148148148148
