1 0.2903645833333333 0.5560185185185186 0.018229166666666668 0.03796296296296296
1 0.5252604166666667 0.5550925925925926 0.019270833333333334 0.03425925925925926
2 0.55859375 0.5592592592592592 0.018229166666666668 0.037037037037037035
2 0.5377604166666666 0.5782407407407407 0.013020833333333334 0.026851851851851852
1 0.7276041666666666 0.5365740740740741 0.028125 0.03981481481481482
1 0.83203125 0.5342592592592593 0.024479166666666666 0.044444444444444446
1 0.8557291666666667 0.5361111111111111 0.022916666666666665 0.04814814814814815
1 0.97265625 0.5333333333333333 0.019270833333333334 0.05
1 0.9934895833333334 0.5268518518518519 0.011979166666666666 0.03888888888888889
0 0.28463541666666664 0.6157407407407408 0.0671875 0.1425925925925926
0 0.7161458333333334 0.6138888888888889 0.11979166666666667 0.19814814814814816
0 0.8515625 0.6162037037037037 0.13645833333333332 0.21203703703703705
0 0.5315104166666667 0.6263888888888889 0.0984375 0.17500000000000002
0 0.9552083333333333 0.5888888888888889 0.08958333333333333 0.15925925925925927
