2 0.41562499999999997 0.5564814814814815 0.015625 0.024074074074074074
2 0.4041666666666667 0.5597222222222222 0.010416666666666666 0.026851851851851852
2 0.39348958333333334 0.5643518518518519 0.015104166666666667 0.026851851851851852
2 0.28802083333333334 0.5685185185185185 0.013541666666666667 0.02592592592592593
2 0.27630208333333334 0.5712962962962963 0.011979166666666666 0.02777777777777778
2 0.2591145833333333 0.5717592592592593 0.01614583333333333 0.032407407407407406
1 0.18880208333333334 0.5680555555555555 0.015104166666666667 0.028703703703703703
1 0.17317708333333334 0.5750000000000001 0.01614583333333333 0.02592592592592593
0 0.2796875 0.611574074074074 0.0625 0.11944444444444445
0 0.3950520833333333 0.6226851851851852 0.0828125 0.1564814814814815
0 0.25625 0.6458333333333334 0.096875 0.18981481481481483
