1 0.24375 0.3824074074074074 0.017708333333333333 0.031481481481481485
1 0.32890625 0.3851851851851852 0.015104166666666667 0.037037037037037035
1 0.04479166666666667 0.375 0.013541666666666667 0.03333333333333333
2 0.34609375 0.3912037037037037 0.0203125 0.03425925925925926
1 0.59453125 0.38703703703703707 0.019270833333333334 0.03518518518518519
1 0.6135416666666667 0.38796296296296295 0.021875 0.040740740740740744
1 0.7299479166666667 0.3842592592592593 0.019270833333333334 0.04259259259259259
0 0.24322916666666666 0.4351851851851852 0.0625 0.12592592592592594
0 0.32317708333333334 0.46574074074074073 0.1046875 0.19074074074074074
0 0.5888020833333333 0.4518518518518519 0.0890625 0.16111111111111112
0 0.7231770833333333 0.45416666666666666 0.10572916666666667 0.17314814814814816
