1 0.56015625 0.7689814814814815 0.0453125 0.09907407407407408
1 0.5192708333333333 0.5527777777777778 0.016666666666666666 0.031481481481481485
1 0.409375 0.6291666666666667 0.03125 0.06018518518518519
1 0.29791666666666666 0.6708333333333334 0.0375 0.06759259259259259
1 0.21953124999999998 0.6509259259259259 0.03177083333333333 0.05925925925925926
1 0.02005208333333333 0.6398148148148148 0.024479166666666666 0.053703703703703705
0 0.6010416666666667 0.8560185185185185 0.21354166666666666 0.287962962962963
0 0.5169270833333334 0.6092592592592593 0.08177083333333333 0.15185185185185185
0 0.04973958333333333 0.7564814814814815 0.0953125 0.2888888888888889
0 0.4276041666666667 0.750925925925926 0.16145833333333334 0.312962962962963
0 0.32421875 0.8185185185185185 0.19114583333333332 0.362962962962963
0 0.2171875 0.7689814814814815 0.10520833333333333 0.2990740740740741
