1 0.39479166666666665 0.5537037037037037 0.014583333333333334 0.02777777777777778
2 0.005208333333333333 0.6291666666666667 0.010416666666666666 0.030555555555555558
1 0.09348958333333333 0.5791666666666667 0.0109375 0.019444444444444445
1 0.04479166666666667 0.5796296296296296 0.010416666666666666 0.018518518518518517
1 0.0296875 0.5814814814814815 0.008333333333333333 0.016666666666666666
1 0.01640625 0.5902777777777778 0.0078125 0.021296296296296296
1 0.0609375 0.5796296296296296 0.008333333333333333 0.016666666666666666
2 0.37604166666666666 0.5592592592592592 0.008333333333333333 0.018518518518518517
0 0.01614583333333333 0.6333333333333333 0.029166666666666667 0.11111111111111112
0 0.043229166666666666 0.6291666666666667 0.042708333333333334 0.12314814814814816
0 0.09010416666666667 0.6231481481481481 0.04583333333333333 0.11111111111111112
0 0.3716145833333333 0.6083333333333334 0.05260416666666667 0.1277777777777778
0 0.39166666666666666 0.6134259259259259 0.07083333333333333 0.14722222222222223
