2 0.8119791666666667 0.5361111111111111 0.011458333333333333 0.02962962962962963
2 0.8291666666666666 0.538425925925926 0.013541666666666667 0.03425925925925926
2 0.83984375 0.5263888888888889 0.015104166666666667 0.025
1 0.30703125 0.5657407407407408 0.011979166666666666 0.024074074074074074
1 0.29921875 0.5671296296296297 0.013020833333333334 0.026851851851851852
1 0.07708333333333334 0.575925925925926 0.010416666666666666 0.020370370370370372
1 0.04583333333333333 0.5800925925925926 0.010416666666666666 0.021296296296296296
1 0.0390625 0.5833333333333334 0.009375 0.020370370370370372
1 0.01796875 0.5902777777777778 0.009895833333333333 0.015740740740740743
0 0.015364583333333333 0.6314814814814815 0.027604166666666666 0.11296296296296297
0 0.04296875 0.6277777777777778 0.04114583333333333 0.12037037037037038
0 0.07916666666666666 0.6245370370370371 0.040625 0.1175925925925926
0 0.2953125 0.6171296296296297 0.05520833333333333 0.13240740740740742
0 0.5328125 0.6101851851851852 0.06770833333333333 0.1537037037037037
0 0.8145833333333333 0.5930555555555556 0.096875 0.16018518518518518
