1 0.5494791666666666 0.6347222222222223 0.03229166666666666 0.05648148148148149
1 0.6244791666666667 0.5449074074074074 0.017708333333333333 0.032407407407407406
1 0.29010416666666666 0.6541666666666667 0.025 0.05648148148148149
1 0.3533854166666667 0.5574074074074075 0.009895833333333333 0.020370370370370372
1 0.26484375 0.5587962962962963 0.015104166666666667 0.02314814814814815
1 0.2015625 0.5643518518518519 0.0125 0.019444444444444445
0 0.26536458333333335 0.6166666666666667 0.06822916666666666 0.1462962962962963
0 0.61875 0.6106481481481482 0.09166666666666666 0.1564814814814815
0 0.2046875 0.6148148148148148 0.06145833333333333 0.13148148148148148
0 0.5838541666666667 0.7837962962962963 0.20833333333333334 0.36388888888888893
0 0.303125 0.7962962962962963 0.16979166666666667 0.34444444444444444
