2 0.0296875 0.4861111111111111 0.026041666666666668 0.05740740740740741
1 0.03802083333333333 0.44583333333333336 0.028125 0.06018518518518519
1 0.2828125 0.5268518518518519 0.03854166666666667 0.08333333333333334
1 0.36796875 0.4412037037037037 0.025520833333333333 0.05092592592592593
1 0.31875 0.39305555555555555 0.015625 0.04537037037037037
2 0.2981770833333333 0.39490740740740743 0.018229166666666668 0.03981481481481482
1 0.8856770833333333 0.5305555555555556 0.05677083333333333 0.10555555555555556
0 0.8794270833333333 0.7319444444444445 0.24114583333333334 0.4953703703703704
0 0.7268229166666667 0.4527777777777778 0.0953125 0.16481481481481483
0 0.39557291666666666 0.5541666666666667 0.1390625 0.287962962962963
0 0.3145833333333333 0.7087962962962964 0.23124999999999998 0.4620370370370371
0 0.31276041666666665 0.4615740740740741 0.08072916666666667 0.1953703703703704
0 0.07630208333333333 0.5731481481481482 0.10677083333333333 0.32222222222222224
0 0.055989583333333336 0.637962962962963 0.1109375 0.3666666666666667
