1 0.7190104166666667 0.39305555555555555 0.0171875 0.030555555555555558
1 0.3520833333333333 0.38703703703703707 0.010416666666666666 0.024074074074074074
1 0.2734375 0.3819444444444445 0.010416666666666666 0.02314814814814815
1 0.190625 0.3912037037037037 0.016666666666666666 0.030555555555555558
1 0.17239583333333333 0.38842592592592595 0.014583333333333334 0.028703703703703703
1 0.012760416666666666 0.3787037037037037 0.0078125 0.018518518518518517
1 0.00390625 0.37777777777777777 0.0067708333333333336 0.018518518518518517
0 0.34791666666666665 0.4388888888888889 0.06666666666666667 0.1388888888888889
0 0.2786458333333333 0.4314814814814815 0.04479166666666667 0.13333333333333333
0 0.16979166666666667 0.4532407407407408 0.08229166666666667 0.17685185185185187
0 0.7184895833333333 0.4513888888888889 0.07760416666666667 0.15833333333333333
