1 0.09505208333333333 0.6527777777777778 0.030729166666666665 0.07407407407407407
2 0.062239583333333334 0.5902777777777778 0.0234375 0.05648148148148149
2 0.1 0.5976851851851852 0.022916666666666665 0.05092592592592593
1 0.17708333333333334 0.5467592592592593 0.020833333333333332 0.04166666666666667
1 0.26328125 0.48564814814814816 0.008854166666666666 0.02314814814814815
1 0.1828125 0.48842592592592593 0.011458333333333333 0.025
1 0.16692708333333334 0.4916666666666667 0.0171875 0.02592592592592593
1 0.042708333333333334 0.5027777777777778 0.010416666666666666 0.022222222222222223
1 0.03359375 0.5023148148148149 0.009895833333333333 0.019444444444444445
2 0.2 0.49259259259259264 0.009375 0.018518518518518517
1 0.2552083333333333 0.49259259259259264 0.008333333333333333 0.016666666666666666
0 0.18645833333333334 0.6458333333333334 0.11666666666666667 0.2564814814814815
0 0.1328125 0.8046296296296297 0.16666666666666666 0.38333333333333336
0 0.121875 0.7212962962962963 0.17604166666666665 0.31851851851851853
0 0.03828125 0.5472222222222223 0.04010416666666666 0.12407407407407407
0 0.16979166666666667 0.5444444444444445 0.0625 0.1388888888888889
0 0.2609375 0.5402777777777777 0.06458333333333333 0.13611111111111113
