1 0.6885416666666666 0.5569444444444445 0.02395833333333333 0.03796296296296296
1 0.7174479166666666 0.5476851851851852 0.0203125 0.04166666666666667
2 0.5778645833333333 0.5476851851851852 0.0140625 0.028703703703703703
1 0.5619791666666667 0.5541666666666667 0.016666666666666666 0.032407407407407406
2 0.54453125 0.5601851851851852 0.0109375 0.024074074074074074
2 0.5328125 0.5601851851851852 0.011458333333333333 0.022222222222222223
2 0.5158854166666667 0.563425925925926 0.013020833333333334 0.02314814814814815
1 0.4934895833333333 0.5555555555555556 0.0109375 0.02962962962962963
2 0.5059895833333333 0.5625 0.0171875 0.028703703703703703
1 0.06041666666666667 0.5787037037037037 0.011458333333333333 0.024074074074074074
1 0.13333333333333333 0.576388888888889 0.013541666666666667 0.025
1 0.11927083333333333 0.5824074074074075 0.009375 0.014814814814814815
0 0.6934895833333333 0.6412037037037037 0.13489583333333333 0.225
0 0.0609375 0.6337962962962963 0.05625 0.125
0 0.50390625 0.625 0.0921875 0.16666666666666669
0 0.5653645833333333 0.6138888888888889 0.057812499999999996 0.15925925925925927
0 0.48932291666666666 0.612037037037037 0.0765625 0.1462962962962963
0 0.8606770833333334 0.600462962962963 0.10572916666666667 0.17314814814814816
