2 0.50625 0.5583333333333333 0.009375 0.02592592592592593
2 0.5177083333333333 0.5625 0.0125 0.028703703703703703
2 0.5325520833333334 0.5620370370370371 0.011979166666666666 0.024074074074074074
2 0.5440104166666666 0.5606481481481481 0.0109375 0.026851851851851852
1 0.5596354166666666 0.5537037037037037 0.013020833333333334 0.02962962962962963
2 0.5760416666666667 0.5527777777777778 0.0125 0.02777777777777778
1 0.2796875 0.5666666666666667 0.0125 0.022222222222222223
1 0.29322916666666665 0.5685185185185185 0.009375 0.020370370370370372
1 0.061718749999999996 0.5796296296296296 0.009895833333333333 0.022222222222222223
2 0.07916666666666666 0.5893518518518519 0.010416666666666666 0.01388888888888889
1 0.11354166666666667 0.5814814814814815 0.010416666666666666 0.018518518518518517
1 0.12213541666666666 0.5782407407407407 0.009895833333333333 0.021296296296296296
0 0.06067708333333333 0.6337962962962963 0.05677083333333333 0.125
0 0.5036458333333333 0.625 0.09270833333333334 0.16666666666666669
0 0.5661458333333333 0.6138888888888889 0.058333333333333334 0.16111111111111112
0 0.284375 0.6171296296296297 0.04791666666666666 0.12685185185185185
0 0.7455729166666667 0.6041666666666667 0.1015625 0.16574074074074074
