1 0.013802083333333333 0.5347222222222222 0.01614583333333333 0.03981481481481482
1 0.031510416666666666 0.538425925925926 0.021354166666666667 0.04351851851851852
1 0.1984375 0.5574074074074075 0.026041666666666668 0.05
1 0.46510416666666665 0.5884259259259259 0.029166666666666667 0.05648148148148149
2 0.48593749999999997 0.512962962962963 0.019791666666666666 0.04814814814814815
1 0.5145833333333333 0.5212962962962964 0.019791666666666666 0.05185185185185186
0 0.5265625 0.6078703703703704 0.13229166666666667 0.23796296296296296
0 0.5015625 0.7412037037037037 0.19791666666666666 0.3731481481481482
0 0.23072916666666665 0.6847222222222222 0.16354166666666667 0.30833333333333335
0 0.05286458333333333 0.6444444444444445 0.10364583333333333 0.2611111111111111
