1 0.6471354166666666 0.4916666666666667 0.013020833333333334 0.02777777777777778
1 0.6575520833333334 0.487962962962963 0.0140625 0.03333333333333333
1 0.9864583333333333 0.625462962962963 0.026041666666666668 0.06944444444444445
1 0.06380208333333333 0.6055555555555556 0.030729166666666665 0.05555555555555556
1 0.09713541666666667 0.612037037037037 0.034895833333333334 0.07222222222222223
1 0.22057291666666667 0.5888888888888889 0.0296875 0.06296296296296297
1 0.10729166666666666 0.5037037037037038 0.017708333333333333 0.037037037037037035
1 0.12630208333333334 0.5092592592592593 0.0171875 0.040740740740740744
0 0.64296875 0.5518518518518519 0.09010416666666667 0.15555555555555556
0 0.1375 0.5810185185185185 0.09895833333333333 0.20277777777777778
0 0.23229166666666667 0.7055555555555556 0.146875 0.3037037037037037
0 0.1265625 0.7648148148148148 0.1875 0.3925925925925926
