1 0.24010416666666667 0.6212962962962963 0.019791666666666666 0.040740740740740744
1 0.27838541666666666 0.6236111111111111 0.0203125 0.04166666666666667
1 0.30494791666666665 0.6199074074074075 0.022395833333333334 0.049074074074074076
1 0.031510416666666666 0.5740740740740741 0.011979166666666666 0.018518518518518517
1 0.02109375 0.5768518518518518 0.0109375 0.022222222222222223
1 0.52109375 0.6287037037037038 0.0265625 0.05555555555555556
1 0.5557291666666666 0.6476851851851853 0.03333333333333333 0.06759259259259259
1 0.6026041666666666 0.6152777777777778 0.022916666666666665 0.05277777777777778
1 0.6372395833333333 0.6041666666666667 0.027604166666666666 0.058333333333333334
1 0.7223958333333333 0.6791666666666667 0.034375 0.0787037037037037
0 0.7604166666666666 0.8148148148148149 0.259375 0.3703703703703704
0 0.02265625 0.6171296296296297 0.044270833333333336 0.11018518518518519
0 0.6356770833333333 0.7060185185185186 0.12447916666666667 0.26944444444444443
0 0.5796875 0.7833333333333333 0.19166666666666665 0.3740740740740741
0 0.3216145833333333 0.7333333333333334 0.14427083333333332 0.29074074074074074
0 0.22447916666666667 0.7111111111111111 0.07395833333333333 0.22962962962962963
