1 0.4578125 0.7037037037037037 0.03958333333333333 0.07407407407407407
1 0.5927083333333333 0.7462962962962963 0.04791666666666666 0.0962962962962963
1 0.6671875 0.6638888888888889 0.035416666666666666 0.07222222222222223
1 0.6760416666666667 0.7495370370370371 0.058333333333333334 0.10833333333333334
1 0.7361979166666667 0.5425925925925926 0.011979166666666666 0.02777777777777778
1 0.7575520833333333 0.5402777777777777 0.0203125 0.032407407407407406
1 0.5416666666666666 0.5504629629629629 0.014583333333333334 0.028703703703703703
0 0.5372395833333333 0.6083333333333334 0.07760416666666667 0.15185185185185185
0 0.7263020833333333 0.6060185185185185 0.09635416666666667 0.1712962962962963
0 0.73359375 0.8101851851851852 0.1890625 0.37962962962962965
0 0.68984375 0.8467592592592593 0.27760416666666665 0.30648148148148147
0 0.46848958333333335 0.8296296296296297 0.19322916666666667 0.34074074074074073
