1 0.515625 0.48333333333333334 0.020833333333333332 0.040740740740740744
1 0.5627604166666667 0.4726851851851852 0.015104166666666667 0.036111111111111115
1 0.5927083333333333 0.47175925925925927 0.017708333333333333 0.030555555555555558
1 0.6158854166666666 0.46990740740740744 0.0171875 0.03425925925925926
1 0.78515625 0.5027777777777778 0.0328125 0.061111111111111116
1 0.8268229166666666 0.4916666666666667 0.028645833333333332 0.05925925925925926
1 0.6096354166666667 0.5944444444444444 0.04739583333333333 0.08518518518518518
1 0.6619791666666667 0.6217592592592592 0.042708333333333334 0.0787037037037037
0 0.5122395833333333 0.5643518518518519 0.11302083333333333 0.2064814814814815
0 0.5919270833333333 0.5486111111111112 0.09635416666666667 0.19907407407407407
0 0.715625 0.7717592592592593 0.30833333333333335 0.45462962962962966
0 0.7830729166666667 0.6337962962962963 0.15677083333333333 0.34351851851851856
