1 0.14635416666666667 0.549537037037037 0.025 0.05462962962962963
1 0.4544270833333333 0.4865740740740741 0.0171875 0.03796296296296296
1 0.5151041666666667 0.48194444444444445 0.017708333333333333 0.036111111111111115
1 0.59140625 0.4740740740740741 0.01614583333333333 0.03333333333333333
1 0.6143229166666666 0.47361111111111115 0.015104166666666667 0.032407407407407406
1 0.7255208333333333 0.46064814814814814 0.019791666666666666 0.04166666666666667
0 0.5122395833333333 0.5643518518518519 0.11197916666666667 0.2064814814814815
0 0.5911458333333334 0.549537037037037 0.096875 0.20092592592592592
0 0.45729166666666665 0.5699074074074074 0.11770833333333333 0.21574074074074076
0 0.72109375 0.5546296296296297 0.1359375 0.23148148148148148
0 0.16510416666666666 0.6680555555555556 0.13854166666666667 0.2953703703703704
