1 0.3421875 0.49259259259259264 0.01875 0.03518518518518519
1 0.5140625 0.48333333333333334 0.017708333333333333 0.03333333333333333
1 0.5877604166666667 0.4740740740740741 0.0140625 0.03518518518518519
1 0.6158854166666666 0.47222222222222227 0.022395833333333334 0.03888888888888889
1 0.9317708333333333 0.4449074074074074 0.020833333333333332 0.04166666666666667
0 0.5125 0.5643518518518519 0.11145833333333333 0.2064814814814815
0 0.59140625 0.549537037037037 0.09635416666666667 0.20092592592592592
0 0.3453125 0.5712962962962963 0.09583333333333333 0.1962962962962963
0 0.6216145833333333 0.5564814814814815 0.1296875 0.22592592592592595
0 0.9213541666666667 0.5324074074074074 0.13541666666666666 0.21851851851851853
