2 0.015364583333333333 0.6189814814814815 0.01614583333333333 0.03796296296296296
1 0.026822916666666665 0.5893518518518519 0.015104166666666667 0.032407407407407406
1 0.051041666666666666 0.5935185185185186 0.013541666666666667 0.031481481481481485
1 0.06536458333333334 0.6287037037037038 0.019270833333333334 0.044444444444444446
1 0.1 0.6342592592592593 0.01875 0.04814814814814815
1 0.0859375 0.6199074074074075 0.020833333333333332 0.03981481481481482
2 0.2838541666666667 0.5898148148148148 0.016666666666666666 0.03333333333333333
2 0.7838541666666666 0.5699074074074074 0.021875 0.04722222222222222
2 0.8346354166666666 0.5745370370370371 0.0234375 0.05648148148148149
1 0.9817708333333334 0.612037037037037 0.035416666666666666 0.07962962962962963
0 0.8606770833333334 0.7064814814814815 0.2046875 0.3314814814814815
0 0.29635416666666664 0.6726851851851852 0.11666666666666667 0.2212962962962963
0 0.10625 0.7324074074074074 0.13333333333333333 0.27222222222222225
0 0.028125 0.6990740740740741 0.05416666666666667 0.20555555555555557
