1 0.01614583333333333 0.7245370370370371 0.030208333333333334 0.06944444444444445
2 0.2669270833333333 0.5722222222222223 0.008854166666666666 0.022222222222222223
2 0.2778645833333333 0.5694444444444444 0.011979166666666666 0.020370370370370372
1 0.34322916666666664 0.625462962962963 0.026041666666666668 0.05462962962962963
1 0.37005208333333334 0.6217592592592592 0.027604166666666666 0.05092592592592593
1 0.3880208333333333 0.6819444444444445 0.025 0.05277777777777778
1 0.48359375 0.575462962962963 0.0234375 0.05092592592592593
2 0.49947916666666664 0.6199074074074075 0.0125 0.030555555555555558
2 0.7346354166666667 0.6458333333333334 0.030729166666666665 0.06018518518518519
2 0.78828125 0.6439814814814815 0.033854166666666664 0.06018518518518519
2 0.7994791666666666 0.5361111111111111 0.014583333333333334 0.02962962962962963
1 0.8278645833333333 0.537962962962963 0.0140625 0.02592592592592593
1 0.8598958333333333 0.5337962962962963 0.013541666666666667 0.028703703703703703
0 0.26536458333333335 0.6208333333333333 0.057812499999999996 0.12314814814814816
0 0.8283854166666667 0.8009259259259259 0.2911458333333333 0.39814814814814814
0 0.5088541666666666 0.6768518518518519 0.15104166666666666 0.25925925925925924
0 0.7802083333333333 0.5912037037037037 0.06666666666666667 0.14351851851851852
0 0.8302083333333333 0.5925925925925926 0.09479166666666666 0.15555555555555556
0 0.4010416666666667 0.7555555555555555 0.17708333333333334 0.3351851851851852
0 0.06354166666666666 0.8402777777777778 0.12604166666666666 0.3194444444444445
