1 0.5151041666666667 0.500462962962963 0.015625 0.036111111111111115
1 0.5411458333333333 0.49722222222222223 0.017708333333333333 0.040740740740740744
1 0.6510416666666666 0.5037037037037038 0.020833333333333332 0.03888888888888889
1 0.6723958333333333 0.5092592592592593 0.016666666666666666 0.03888888888888889
1 0.8177083333333334 0.4986111111111111 0.019791666666666666 0.04537037037037037
1 0.6934895833333333 0.48842592592592593 0.013020833333333334 0.030555555555555558
0 0.5208333333333334 0.5828703703703704 0.11875 0.2138888888888889
0 0.809375 0.5995370370370371 0.153125 0.25462962962962965
0 0.6489583333333333 0.5953703703703704 0.13020833333333334 0.22777777777777777
0 0.7046875 0.5462962962962963 0.052083333333333336 0.14814814814814814
