1 0.4848958333333333 0.5157407407407407 0.021875 0.0462962962962963
1 0.0109375 0.6050925925925926 0.019791666666666666 0.05462962962962963
1 0.02421875 0.6583333333333333 0.021354166666666667 0.044444444444444446
1 0.27421875 0.5 0.011979166666666666 0.024074074074074074
1 0.025260416666666667 0.5162037037037037 0.008854166666666666 0.021296296296296296
1 0.04505208333333333 0.5092592592592593 0.008854166666666666 0.020370370370370372
1 0.17005208333333333 0.5074074074074074 0.0109375 0.024074074074074074
1 0.038802083333333334 0.5055555555555555 0.0109375 0.014814814814814815
0 0.509375 0.6217592592592592 0.14270833333333333 0.275
0 0.046875 0.7402777777777778 0.09166666666666666 0.33240740740740743
