1 0.9229166666666666 0.674074074074074 0.03854166666666667 0.08333333333333334
1 0.91171875 0.6245370370370371 0.04114583333333333 0.08240740740740742
1 0.2643229166666667 0.7087962962962964 0.034895833333333334 0.06574074074074074
1 0.3703125 0.5597222222222222 0.009375 0.021296296296296296
1 0.22291666666666665 0.7037037037037037 0.03333333333333333 0.06481481481481481
1 0.15572916666666667 0.5888888888888889 0.01875 0.04259259259259259
0 0.3658854166666667 0.6078703703703704 0.057812499999999996 0.11944444444444445
0 0.9109375 0.7708333333333334 0.178125 0.3805555555555556
0 0.8989583333333333 0.8157407407407408 0.20208333333333334 0.3685185185185185
0 0.30364583333333334 0.8351851851851853 0.22916666666666666 0.32962962962962966
0 0.16067708333333333 0.6712962962962963 0.08802083333333333 0.19814814814814816
