1 0.22369791666666666 0.563425925925926 0.013020833333333334 0.026851851851851852
1 0.13125 0.6592592592592593 0.028125 0.05
1 0.27682291666666664 0.6175925925925926 0.0234375 0.040740740740740744
1 0.30963541666666666 0.6245370370370371 0.025520833333333333 0.04722222222222222
1 0.41354166666666664 0.5615740740740741 0.015625 0.03425925925925926
1 0.9203125 0.6476851851851853 0.036458333333333336 0.07314814814814816
1 0.5783854166666667 0.6412037037037037 0.034895833333333334 0.062037037037037036
1 0.5255208333333333 0.7143518518518519 0.03333333333333333 0.07685185185185185
0 0.22369791666666666 0.6157407407407408 0.058854166666666666 0.11851851851851852
0 0.40651041666666665 0.6143518518518519 0.07135416666666666 0.13796296296296298
0 0.9367187499999999 0.8060185185185186 0.1265625 0.38796296296296295
0 0.6078125 0.7944444444444445 0.20208333333333334 0.37222222222222223
0 0.5458333333333333 0.8328703703703704 0.2760416666666667 0.33425925925925926
0 0.31927083333333334 0.7328703703703704 0.15208333333333332 0.2898148148148148
0 0.1515625 0.7814814814814816 0.15416666666666667 0.3055555555555556
