1 0.07838541666666667 0.6953703703703704 0.034895833333333334 0.06481481481481481
1 0.11041666666666666 0.7152777777777778 0.03333333333333333 0.0712962962962963
1 0.6645833333333333 0.6861111111111111 0.042708333333333334 0.08888888888888889
1 0.7424479166666667 0.6875 0.03802083333333333 0.08055555555555556
2 0.7057291666666666 0.7541666666666667 0.03125 0.058333333333333334
1 0.11432291666666666 0.5736111111111112 0.013020833333333334 0.025
2 0.1625 0.5680555555555555 0.008333333333333333 0.028703703703703703
2 0.17630208333333333 0.5689814814814815 0.011979166666666666 0.021296296296296296
0 0.13020833333333334 0.8277777777777778 0.184375 0.3425925925925926
0 0.11171874999999999 0.6185185185185186 0.05260416666666667 0.11481481481481481
0 0.1609375 0.6152777777777778 0.052083333333333336 0.1287037037037037
0 0.7638020833333333 0.8203703703703704 0.2994791666666667 0.3592592592592593
