2 0.3072916666666667 0.612037037037037 0.020833333333333332 0.03888888888888889
2 0.3419270833333333 0.5972222222222222 0.018229166666666668 0.03888888888888889
2 0.40989583333333335 0.5564814814814815 0.011458333333333333 0.020370370370370372
1 0.42734374999999997 0.5574074074074075 0.009895833333333333 0.02592592592592593
1 0.54609375 0.5481481481481482 0.013020833333333334 0.02592592592592593
2 0.55703125 0.5347222222222222 0.009895833333333333 0.019444444444444445
1 0.6065104166666666 0.5481481481481482 0.013020833333333334 0.02592592592592593
1 0.2921875 0.5680555555555555 0.011458333333333333 0.015740740740740743
1 0.21953124999999998 0.5861111111111111 0.0140625 0.02962962962962963
2 0.15520833333333334 0.6407407407407407 0.01875 0.05
2 0.1265625 0.6416666666666667 0.019791666666666666 0.04259259259259259
1 0.1046875 0.6439814814814815 0.016666666666666666 0.03796296296296296
1 0.19973958333333333 0.5810185185185185 0.01614583333333333 0.030555555555555558
1 0.16197916666666667 0.5685185185185185 0.010416666666666666 0.024074074074074074
1 0.15 0.5773148148148148 0.011458333333333333 0.02314814814814815
1 0.12734375 0.5782407407407407 0.0109375 0.021296296296296296
1 0.1125 0.5847222222222223 0.010416666666666666 0.021296296296296296
2 0.013802083333333333 0.5824074074074075 0.011979166666666666 0.020370370370370372
0 0.1609375 0.762962962962963 0.14270833333333333 0.3074074074074074
0 0.35963541666666665 0.7050925925925926 0.1359375 0.2657407407407408
0 0.10963541666666667 0.6236111111111111 0.05572916666666666 0.11203703703703705
0 0.017447916666666667 0.6337962962962963 0.034895833333333334 0.13611111111111113
0 0.15416666666666667 0.5856481481481481 0.03229166666666666 0.062037037037037036
0 0.2908854166666667 0.6138888888888889 0.057812499999999996 0.12222222222222223
0 0.4296875 0.6083333333333334 0.053125 0.13148148148148148
0 0.19453125 0.6509259259259259 0.08177083333333333 0.17222222222222222
0 0.4080729166666667 0.6166666666666667 0.07760416666666667 0.1537037037037037
0 0.5403645833333334 0.6106481481481482 0.07864583333333333 0.14351851851851852
0 0.6072916666666667 0.6013888888888889 0.07291666666666667 0.14166666666666666
