2 0.2671875 0.49212962962962964 0.016666666666666666 0.030555555555555558
2 0.5877604166666667 0.4666666666666667 0.011979166666666666 0.02592592592592593
2 0.6127604166666667 0.4625 0.013020833333333334 0.021296296296296296
1 0.3302083333333333 0.5569444444444445 0.026041666666666668 0.04351851851851852
1 0.37135416666666665 0.5462962962962963 0.03229166666666666 0.06481481481481481
2 0.40260416666666665 0.5226851851851853 0.02395833333333333 0.05277777777777778
1 0.42916666666666664 0.5412037037037037 0.022916666666666665 0.049074074074074076
1 0.006510416666666667 0.5425925925925926 0.008854166666666666 0.037037037037037035
1 0.60859375 0.5893518518518519 0.04010416666666666 0.07685185185185185
1 0.8955729166666666 0.5194444444444445 0.033854166666666664 0.07037037037037037
1 0.9234375 0.524537037037037 0.035416666666666666 0.07685185185185185
0 0.9091145833333333 0.6791666666666667 0.18177083333333333 0.4027777777777778
0 0.2546875 0.5365740740740741 0.046875 0.12685185185185185
0 0.66796875 0.7708333333333334 0.28489583333333335 0.4564814814814815
0 0.465625 0.6513888888888889 0.159375 0.3212962962962963
0 0.39427083333333335 0.6962962962962963 0.17916666666666667 0.3648148148148148
0 0.5927083333333333 0.48842592592592593 0.0625 0.08796296296296297
