1 0.0484375 0.65 0.03854166666666667 0.07037037037037037
1 0.20260416666666667 0.5787037037037037 0.020833333333333332 0.04814814814814815
1 0.22916666666666666 0.5726851851851852 0.025 0.05462962962962963
1 0.45468749999999997 0.4703703703703704 0.010416666666666666 0.022222222222222223
1 0.5471354166666667 0.4689814814814815 0.013020833333333334 0.021296296296296296
1 0.6309895833333333 0.46111111111111114 0.011979166666666666 0.024074074074074074
1 0.6479166666666667 0.46805555555555556 0.011458333333333333 0.025
0 0.2635416666666667 0.7041666666666667 0.17708333333333334 0.325
0 0.08255208333333333 0.8046296296296297 0.16197916666666667 0.3907407407407408
0 0.44687499999999997 0.5236111111111111 0.065625 0.13055555555555556
0 0.5424479166666667 0.5263888888888889 0.08489583333333334 0.15092592592592594
0 0.6268229166666667 0.5203703703703704 0.0859375 0.1462962962962963
