1 0.06666666666666667 0.5013888888888889 0.009375 0.017592592592592594
1 0.13072916666666667 0.49768518518518523 0.009375 0.019444444444444445
1 0.14375 0.5013888888888889 0.009375 0.017592592592592594
1 0.15442708333333333 0.4935185185185185 0.009895833333333333 0.018518518518518517
1 0.5247395833333334 0.5199074074074074 0.025520833333333333 0.04722222222222222
1 0.6184895833333334 0.45601851851851855 0.011979166666666666 0.025
1 0.5739583333333333 0.5537037037037037 0.028125 0.05555555555555556
1 0.7609375 0.5791666666666667 0.042708333333333334 0.075
0 0.8153645833333333 0.7685185185185186 0.28802083333333334 0.46111111111111114
0 0.5091145833333334 0.6412037037037037 0.0859375 0.30462962962962964
0 0.6046875 0.6990740740740741 0.19479166666666667 0.3666666666666667
0 0.6140625 0.5282407407407408 0.08958333333333333 0.1712962962962963
0 0.15651041666666665 0.5342592592592593 0.034895833333333334 0.10370370370370371
0 0.06458333333333333 0.5453703703703704 0.05416666666666667 0.11481481481481481
0 0.12864583333333332 0.5402777777777777 0.051041666666666666 0.11574074074074074
