2 0.34661458333333334 0.5615740740740741 0.013020833333333334 0.025
2 0.3671875 0.562962962962963 0.009375 0.020370370370370372
2 0.47031249999999997 0.5569444444444445 0.009375 0.017592592592592594
2 0.48411458333333335 0.5541666666666667 0.008854166666666666 0.017592592592592594
2 0.6440104166666667 0.5564814814814815 0.015104166666666667 0.02962962962962963
2 0.6674479166666667 0.55 0.01614583333333333 0.02962962962962963
2 0.8846354166666667 0.5791666666666667 0.015104166666666667 0.028703703703703703
2 0.9140625 0.537962962962963 0.017708333333333333 0.03518518518518519
2 0.9518229166666666 0.537962962962963 0.0171875 0.03518518518518519
0 0.34453125 0.6212962962962963 0.08802083333333333 0.15185185185185185
0 0.46979166666666666 0.6129629629629629 0.07395833333333333 0.1425925925925926
0 0.6317708333333333 0.6412037037037037 0.13645833333333332 0.23055555555555557
0 0.9026041666666667 0.6435185185185185 0.171875 0.2611111111111111
