1 0.12343749999999999 0.6462962962962964 0.028125 0.05
1 0.6611979166666666 0.6851851851851852 0.028645833333333332 0.06296296296296297
1 0.6947916666666667 0.6976851851851852 0.036458333333333336 0.08240740740740742
1 0.8583333333333333 0.6546296296296297 0.03229166666666666 0.06851851851851852
1 0.9166666666666666 0.6722222222222223 0.03229166666666666 0.061111111111111116
1 0.18489583333333334 0.5740740740740741 0.013541666666666667 0.02592592592592593
1 0.23203125 0.5736111111111112 0.0109375 0.021296296296296296
1 0.04635416666666667 0.5768518518518518 0.00625 0.012962962962962964
1 0.03958333333333333 0.5773148148148148 0.00625 0.01388888888888889
0 0.9122395833333333 0.8074074074074075 0.17552083333333332 0.3851851851851852
0 0.7494791666666667 0.8203703703703704 0.2677083333333333 0.3592592592592593
0 0.1390625 0.7731481481481481 0.140625 0.3092592592592593
0 0.18203125 0.6370370370370371 0.07447916666666667 0.1574074074074074
0 0.2375 0.6208333333333333 0.041666666666666664 0.12314814814814816
0 0.038802083333333334 0.6143518518518519 0.0359375 0.09351851851851853
0 0.5770833333333333 0.6138888888888889 0.06041666666666667 0.15555555555555556
