1 0.9604166666666667 0.5291666666666667 0.016666666666666666 0.03425925925925926
2 0.96953125 0.5092592592592593 0.011979166666666666 0.02592592592592593
2 0.9934895833333334 0.5231481481481481 0.009895833333333333 0.022222222222222223
1 0.48203124999999997 0.6310185185185185 0.024479166666666666 0.05277777777777778
1 0.4348958333333333 0.5601851851851852 0.011458333333333333 0.022222222222222223
1 0.42213541666666665 0.563425925925926 0.011979166666666666 0.019444444444444445
2 0.3911458333333333 0.5615740740740741 0.011458333333333333 0.017592592592592594
1 0.3776041666666667 0.5578703703703703 0.0125 0.02314814814814815
1 0.11692708333333333 0.5796296296296296 0.011979166666666666 0.024074074074074074
2 0.12630208333333334 0.5907407407407408 0.0109375 0.024074074074074074
2 0.13802083333333334 0.5814814814814815 0.009375 0.020370370370370372
2 0.14817708333333332 0.5875 0.0109375 0.02314814814814815
0 0.50546875 0.7787037037037038 0.20677083333333332 0.3648148148148148
0 0.11953124999999999 0.6472222222222223 0.0828125 0.16481481481481483
0 0.13645833333333332 0.625 0.04791666666666666 0.12222222222222223
0 0.3731770833333333 0.6185185185185186 0.07239583333333333 0.15
0 0.42864583333333334 0.6111111111111112 0.057291666666666664 0.13703703703703704
0 0.9473958333333333 0.5962962962962963 0.10520833333333333 0.1685185185185185
