1 0.05234375 0.5777777777777778 0.0078125 0.014814814814814815
2 0.061197916666666664 0.5824074074074075 0.0078125 0.014814814814814815
1 0.11536458333333333 0.5828703703703704 0.008854166666666666 0.017592592592592594
1 0.12604166666666666 0.5791666666666667 0.008333333333333333 0.015740740740740743
1 0.2640625 0.5648148148148149 0.010416666666666666 0.022222222222222223
2 0.36171875 0.5592592592592592 0.009895833333333333 0.020370370370370372
2 0.3723958333333333 0.5606481481481481 0.009375 0.019444444444444445
2 0.4953125 0.5444444444444445 0.011458333333333333 0.02777777777777778
0 0.053385416666666664 0.6226851851851852 0.0453125 0.11574074074074074
0 0.11770833333333333 0.6212962962962963 0.04583333333333333 0.11111111111111112
0 0.2625 0.6129629629629629 0.046875 0.11851851851851852
0 0.36614583333333334 0.6101851851851852 0.06041666666666667 0.12962962962962962
0 0.49609375 0.6097222222222223 0.0796875 0.16203703703703703
0 0.8135416666666666 0.6018518518518519 0.103125 0.1685185185185185
