1 0.95 0.5277777777777778 0.017708333333333333 0.037037037037037035
1 0.46770833333333334 0.5601851851851852 0.009375 0.018518518518518517
1 0.4544270833333333 0.5564814814814815 0.0109375 0.024074074074074074
2 0.2638020833333333 0.5615740740740741 0.009895833333333333 0.019444444444444445
2 0.18932291666666667 0.5703703703703704 0.0067708333333333336 0.014814814814814815
2 0.18333333333333332 0.5685185185185185 0.008333333333333333 0.016666666666666666
1 0.11015625 0.5777777777777778 0.008854166666666666 0.016666666666666666
1 0.029947916666666668 0.5842592592592593 0.0067708333333333336 0.014814814814814815
1 0.01875 0.5893518518518519 0.007291666666666667 0.01388888888888889
1 0.002864583333333333 0.5851851851851853 0.005729166666666666 0.014814814814814815
0 0.025 0.6245370370370371 0.036458333333333336 0.10277777777777779
0 0.11015625 0.6152777777777778 0.0421875 0.10277777777777779
0 0.18645833333333334 0.6138888888888889 0.046875 0.11481481481481481
0 0.2609375 0.6148148148148148 0.05625 0.1425925925925926
0 0.453125 0.6101851851851852 0.071875 0.14074074074074075
0 0.5528645833333333 0.6050925925925926 0.0703125 0.13796296296296298
0 0.9408854166666667 0.6013888888888889 0.11822916666666666 0.18425925925925926
