1 0.53984375 0.5564814814814815 0.013020833333333334 0.02592592592592593
2 0.5182291666666666 0.5564814814814815 0.010416666666666666 0.022222222222222223
1 0.3421875 0.5902777777777778 0.017708333333333333 0.04166666666666667
1 0.3497395833333333 0.6148148148148148 0.01614583333333333 0.03518518518518519
1 0.37447916666666664 0.5962962962962963 0.021875 0.05
1 0.3341145833333333 0.5601851851851852 0.008854166666666666 0.022222222222222223
1 0.15338541666666666 0.5768518518518518 0.008854166666666666 0.016666666666666666
1 0.1453125 0.576388888888889 0.009375 0.015740740740740743
1 0.16171875 0.575462962962963 0.0067708333333333336 0.017592592592592594
2 0.05364583333333333 0.5773148148148148 0.008333333333333333 0.017592592592592594
0 0.40598958333333335 0.6972222222222223 0.15677083333333333 0.27037037037037037
0 0.05260416666666667 0.6222222222222222 0.04583333333333333 0.12222222222222223
0 0.14635416666666667 0.6194444444444445 0.04791666666666666 0.10555555555555556
0 0.1671875 0.6152777777777778 0.030208333333333334 0.10648148148148148
0 0.33307291666666666 0.6143518518518519 0.0671875 0.13611111111111113
0 0.5114583333333333 0.6138888888888889 0.084375 0.1574074074074074
