1 0.5580729166666667 0.5560185185185186 0.011979166666666666 0.025
1 0.5703125 0.5513888888888889 0.011458333333333333 0.02314814814814815
1 0.37526041666666665 0.5652777777777778 0.0109375 0.028703703703703703
1 0.35703125 0.5652777777777778 0.0109375 0.02314814814814815
2 0.2760416666666667 0.5555555555555556 0.009375 0.018518518518518517
1 0.26458333333333334 0.5615740740740741 0.008333333333333333 0.017592592592592594
1 0.2140625 0.6532407407407408 0.022916666666666665 0.04722222222222222
1 0.1828125 0.6509259259259259 0.020833333333333332 0.04259259259259259
1 0.20104166666666667 0.562962962962963 0.008333333333333333 0.018518518518518517
1 0.19322916666666667 0.5740740740740741 0.009375 0.018518518518518517
0 0.240625 0.7912037037037037 0.16458333333333333 0.33611111111111114
0 0.19322916666666667 0.587962962962963 0.04375 0.07592592592592592
0 0.2596354166666667 0.6138888888888889 0.06510416666666667 0.14074074074074075
0 0.3755208333333333 0.6425925925925926 0.09895833333333333 0.19444444444444445
0 0.34088541666666666 0.6212962962962963 0.05364583333333333 0.14444444444444446
0 0.55390625 0.6134259259259259 0.09114583333333333 0.16203703703703703
