1 0.8369791666666666 0.7796296296296297 0.057291666666666664 0.10740740740740741
1 0.72734375 0.5425925925925926 0.0140625 0.02777777777777778
1 0.5661458333333333 0.5592592592592592 0.015625 0.02962962962962963
1 0.2895833333333333 0.5620370370370371 0.009375 0.016666666666666666
1 0.2747395833333333 0.5657407407407408 0.0109375 0.020370370370370372
1 0.24401041666666667 0.5699074074074074 0.011979166666666666 0.025
1 0.15963541666666667 0.5731481481481482 0.0109375 0.020370370370370372
0 0.8351562499999999 0.862037037037037 0.27239583333333334 0.2740740740740741
0 0.24505208333333334 0.6425925925925926 0.08385416666666666 0.17777777777777778
0 0.28203125 0.6134259259259259 0.04010416666666666 0.13425925925925927
0 0.7231770833333333 0.6055555555555556 0.09322916666666667 0.1574074074074074
0 0.5658854166666667 0.6203703703703703 0.09114583333333333 0.16111111111111112
