1 0.5557291666666666 0.46620370370370373 0.013541666666666667 0.021296296296296296
1 0.3638020833333333 0.47731481481481486 0.011979166666666666 0.019444444444444445
1 0.27682291666666664 0.4898148148148148 0.009895833333333333 0.018518518518518517
1 0.2203125 0.4847222222222222 0.009375 0.015740740740740743
1 0.13359375 0.4939814814814815 0.0109375 0.017592592592592594
2 0.03463541666666667 0.4990740740740741 0.0067708333333333336 0.012962962962962964
0 0.22005208333333334 0.5287037037037037 0.04635416666666667 0.10925925925925926
0 0.2739583333333333 0.537962962962963 0.06145833333333333 0.12222222222222223
0 0.36953125 0.5328703703703704 0.07239583333333333 0.13796296296296298
0 0.5486979166666667 0.525462962962963 0.0765625 0.14351851851851852
