2 0.36302083333333335 0.6037037037037037 0.02395833333333333 0.053703703703703705
2 0.3765625 0.6236111111111111 0.01875 0.04537037037037037
2 0.40208333333333335 0.6013888888888889 0.02395833333333333 0.058333333333333334
1 0.6890625 0.45787037037037037 0.013541666666666667 0.021296296296296296
1 0.65078125 0.45601851851851855 0.011979166666666666 0.02314814814814815
1 0.228125 0.49074074074074076 0.011458333333333333 0.020370370370370372
1 0.109375 0.5018518518518519 0.010416666666666666 0.020370370370370372
1 0.09817708333333333 0.4981481481481482 0.0109375 0.020370370370370372
0 0.10546875 0.5444444444444445 0.057812499999999996 0.10925925925925926
0 0.09947916666666666 0.5467592592592593 0.057291666666666664 0.1212962962962963
0 0.22682291666666665 0.5388888888888889 0.05364583333333333 0.12037037037037038
0 0.6393229166666666 0.5143518518518518 0.06822916666666666 0.14537037037037037
0 0.6869791666666667 0.5194444444444445 0.0875 0.1537037037037037
0 0.43333333333333335 0.7611111111111112 0.22083333333333333 0.3962962962962963
