1 0.24192708333333332 0.5523148148148148 0.025520833333333333 0.049074074074074076
1 0.35572916666666665 0.5620370370370371 0.026041666666666668 0.053703703703703705
1 0.2708333333333333 0.48935185185185187 0.010416666666666666 0.025
1 0.2817708333333333 0.49074074074074076 0.010416666666666666 0.018518518518518517
1 0.14583333333333334 0.500925925925926 0.010416666666666666 0.018518518518518517
1 0.0328125 0.5041666666666667 0.009375 0.017592592592592594
0 0.030729166666666665 0.5467592592592593 0.046875 0.10648148148148148
0 0.27578125 0.5375 0.058854166666666666 0.12685185185185185
0 0.2559895833333333 0.6699074074074074 0.15052083333333333 0.30648148148148147
0 0.3875 0.7245370370370371 0.1875 0.38796296296296295
