1 0.2622395833333333 0.5680555555555555 0.011979166666666666 0.02314814814814815
2 0.27265625 0.5643518518518519 0.008854166666666666 0.019444444444444445
1 0.44505208333333335 0.5592592592592592 0.011979166666666666 0.024074074074074074
2 0.45677083333333335 0.5541666666666667 0.009375 0.017592592592592594
2 0.7184895833333333 0.675 0.034895833333333334 0.06851851851851852
2 0.79765625 0.6861111111111111 0.034895833333333334 0.07962962962962963
2 0.8385416666666666 0.7615740740740741 0.03125 0.0712962962962963
0 0.84140625 0.8152777777777778 0.3171875 0.3675925925925926
0 0.2682291666666667 0.6111111111111112 0.053125 0.11296296296296297
0 0.26171875 0.6152777777777778 0.0484375 0.1212962962962963
0 0.44088541666666664 0.6069444444444445 0.07135416666666666 0.13240740740740742
