2 0.8244791666666667 0.5416666666666667 0.019791666666666666 0.03518518518518519
2 0.8565104166666666 0.5333333333333333 0.0171875 0.02962962962962963
1 0.52109375 0.5504629629629629 0.0140625 0.025
1 0.11145833333333333 0.5893518518518519 0.010416666666666666 0.019444444444444445
1 0.10026041666666667 0.5828703703703704 0.009895833333333333 0.02314814814814815
2 0.06458333333333333 0.5805555555555556 0.008333333333333333 0.012962962962962964
1 0.057812499999999996 0.5861111111111111 0.008333333333333333 0.012962962962962964
2 0.02005208333333333 0.5828703703703704 0.0067708333333333336 0.01388888888888889
0 0.20052083333333334 0.6125 0.046875 0.10648148148148148
0 0.8221354166666667 0.6189814814814815 0.13802083333333334 0.22870370370370371
0 0.5161458333333333 0.6180555555555556 0.09270833333333334 0.1675925925925926
0 0.09479166666666666 0.6444444444444445 0.06979166666666667 0.15925925925925927
