1 0.9565104166666667 0.5300925925925926 0.019270833333333334 0.032407407407407406
2 0.9210937499999999 0.5231481481481481 0.0109375 0.022222222222222223
2 0.8942708333333333 0.5310185185185186 0.013541666666666667 0.026851851851851852
2 0.9096354166666667 0.5458333333333334 0.011979166666666666 0.019444444444444445
2 0.8799479166666666 0.5541666666666667 0.0109375 0.02314814814814815
2 0.48359375 0.5513888888888889 0.013020833333333334 0.02314814814814815
2 0.47109375 0.5560185185185186 0.011979166666666666 0.02314814814814815
1 0.340625 0.5615740740740741 0.008333333333333333 0.015740740740740743
2 0.3286458333333333 0.5671296296296297 0.011458333333333333 0.019444444444444445
1 0.18723958333333332 0.5805555555555556 0.008854166666666666 0.020370370370370372
1 0.17994791666666665 0.576388888888889 0.0109375 0.019444444444444445
0 0.178125 0.6212962962962963 0.046875 0.11851851851851852
0 0.3385416666666667 0.6092592592592593 0.058333333333333334 0.12222222222222223
0 0.4669270833333333 0.6143518518518519 0.06927083333333334 0.15462962962962964
0 0.9421875 0.6097222222222223 0.11562499999999999 0.19907407407407407
0 0.8846354166666667 0.5916666666666667 0.1015625 0.16296296296296298
