1 0.9054687499999999 0.5407407407407407 0.0140625 0.03518518518518519
1 0.8848958333333333 0.5370370370370371 0.014583333333333334 0.037037037037037035
2 0.8104166666666667 0.5347222222222222 0.015625 0.026851851851851852
2 0.79296875 0.5333333333333333 0.0109375 0.02592592592592593
2 0.5072916666666667 0.5550925925925926 0.011458333333333333 0.021296296296296296
2 0.4901041666666667 0.5532407407407408 0.011458333333333333 0.02314814814814815
2 0.49635416666666665 0.5699074074074074 0.007291666666666667 0.017592592592592594
1 0.36354166666666665 0.5574074074074075 0.0125 0.02962962962962963
2 0.28854166666666664 0.5648148148148149 0.010416666666666666 0.018518518518518517
2 0.27369791666666665 0.5708333333333333 0.0078125 0.017592592592592594
2 0.26640625 0.5722222222222223 0.0067708333333333336 0.014814814814814815
1 0.16666666666666666 0.5722222222222223 0.010416666666666666 0.014814814814814815
1 0.15442708333333333 0.5768518518518518 0.0067708333333333336 0.018518518518518517
0 0.15963541666666667 0.6138888888888889 0.0359375 0.10740740740740741
0 0.2794270833333333 0.6157407407407408 0.0515625 0.13333333333333333
0 0.3614583333333333 0.6222222222222222 0.0875 0.16481481481481483
0 0.48541666666666666 0.6069444444444445 0.07083333333333333 0.13055555555555556
0 0.7875 0.5944444444444444 0.096875 0.15925925925925927
0 0.8734375 0.6087962962962963 0.11979166666666667 0.18796296296296297
