2 0.5192708333333333 0.5611111111111111 0.011458333333333333 0.024074074074074074
2 0.4984375 0.5625 0.010416666666666666 0.021296296296296296
2 0.4903645833333333 0.5592592592592592 0.009895833333333333 0.024074074074074074
2 0.4591145833333333 0.5578703703703703 0.0109375 0.025
2 0.5088541666666666 0.5527777777777778 0.011458333333333333 0.020370370370370372
1 0.40572916666666664 0.5601851851851852 0.010416666666666666 0.020370370370370372
1 0.3885416666666667 0.5569444444444445 0.011458333333333333 0.02314814814814815
2 0.3364583333333333 0.5680555555555555 0.011458333333333333 0.017592592592592594
2 0.32317708333333334 0.5625 0.009895833333333333 0.019444444444444445
1 0.05546875 0.5796296296296296 0.009895833333333333 0.016666666666666666
1 0.04505208333333333 0.5851851851851853 0.009895833333333333 0.016666666666666666
1 0.032552083333333336 0.5884259259259259 0.0078125 0.017592592592592594
0 0.052083333333333336 0.6324074074074074 0.059375 0.12962962962962962
0 0.3208333333333333 0.6175925925925926 0.06875 0.13518518518518519
0 0.38385416666666666 0.6148148148148148 0.06979166666666667 0.14444444444444446
0 0.48723958333333334 0.6231481481481481 0.09322916666666667 0.16296296296296298
