2 0.9919270833333333 0.5361111111111111 0.0140625 0.037037037037037035
2 0.5208333333333334 0.549537037037037 0.013541666666666667 0.028703703703703703
2 0.5010416666666666 0.5486111111111112 0.013541666666666667 0.028703703703703703
2 0.36354166666666665 0.5699074074074074 0.010416666666666666 0.019444444444444445
2 0.375 0.5708333333333333 0.010416666666666666 0.02314814814814815
2 0.3880208333333333 0.5675925925925926 0.011458333333333333 0.022222222222222223
2 0.4106770833333333 0.5601851851851852 0.011979166666666666 0.020370370370370372
2 0.33619791666666665 0.5666666666666667 0.0109375 0.018518518518518517
2 0.3229166666666667 0.5638888888888889 0.008333333333333333 0.022222222222222223
1 0.055989583333333336 0.5805555555555556 0.009895833333333333 0.016666666666666666
1 0.0328125 0.5856481481481481 0.011458333333333333 0.019444444444444445
1 0.04583333333333333 0.5888888888888889 0.009375 0.016666666666666666
0 0.05182291666666666 0.6324074074074074 0.059895833333333336 0.12962962962962962
0 0.3184895833333333 0.6171296296296297 0.0640625 0.13425925925925927
0 0.365625 0.625925925925926 0.08020833333333333 0.14814814814814814
0 0.3919270833333333 0.6129629629629629 0.057812499999999996 0.1537037037037037
0 0.5013020833333334 0.6101851851851852 0.08177083333333333 0.15185185185185185
0 0.4901041666666667 0.6097222222222223 0.065625 0.15092592592592594
