2 0.9716145833333333 0.5314814814814816 0.015104166666666667 0.02962962962962963
2 0.94609375 0.5305555555555556 0.015104166666666667 0.02777777777777778
2 0.8585937499999999 0.538425925925926 0.0109375 0.026851851851851852
2 0.8338541666666667 0.5259259259259259 0.015625 0.02777777777777778
2 0.8283854166666667 0.5685185185185185 0.008854166666666666 0.022222222222222223
1 0.50078125 0.5513888888888889 0.011979166666666666 0.025
2 0.4578125 0.5555555555555556 0.0125 0.020370370370370372
2 0.4440104166666667 0.5578703703703703 0.009895833333333333 0.021296296296296296
2 0.4125 0.5592592592592592 0.0125 0.024074074074074074
1 0.38515625 0.5532407407407408 0.013020833333333334 0.025
2 0.36015625 0.5708333333333333 0.009895833333333333 0.017592592592592594
2 0.3481770833333333 0.5699074074074074 0.009895833333333333 0.017592592592592594
2 0.3390625 0.5712962962962963 0.010416666666666666 0.020370370370370372
2 0.32265625 0.5615740740740741 0.0109375 0.017592592592592594
1 0.05625 0.5800925925925926 0.0125 0.021296296296296296
1 0.046875 0.5837962962962964 0.009375 0.017592592592592594
1 0.03359375 0.5888888888888889 0.009895833333333333 0.016666666666666666
0 0.0515625 0.6324074074074074 0.059375 0.12962962962962962
0 0.31223958333333335 0.6134259259259259 0.04635416666666667 0.1287037037037037
0 0.3380208333333333 0.6277777777777778 0.08125 0.14814814814814814
0 0.496875 0.6101851851851852 0.07916666666666666 0.15185185185185185
0 0.44947916666666665 0.6101851851851852 0.058333333333333334 0.15
0 0.8286458333333333 0.5995370370370371 0.10104166666666667 0.1787037037037037
0 0.9377604166666667 0.6050925925925926 0.1171875 0.1787037037037037
