1 0.74453125 0.46435185185185185 0.028645833333333332 0.06018518518518519
1 0.78984375 0.5013888888888889 0.03697916666666667 0.0787037037037037
1 0.35052083333333334 0.48703703703703705 0.030208333333333334 0.07037037037037037
1 0.2598958333333333 0.4703703703703704 0.028125 0.05925925925925926
1 0.078125 0.4356481481481482 0.019791666666666666 0.04166666666666667
1 0.03333333333333333 0.45555555555555555 0.029166666666666667 0.053703703703703705
1 0.18645833333333334 0.38657407407407407 0.015625 0.028703703703703703
1 0.20390624999999998 0.37962962962962965 0.011979166666666666 0.02592592592592593
1 0.043229166666666666 0.375 0.008333333333333333 0.016666666666666666
1 0.034375 0.375 0.008333333333333333 0.016666666666666666
0 0.18359375 0.4476851851851852 0.0796875 0.1712962962962963
0 0.03697916666666667 0.4115740740740741 0.034375 0.10462962962962963
0 0.82265625 0.6995370370370371 0.2984375 0.487962962962963
0 0.75859375 0.6069444444444445 0.15989583333333332 0.3601851851851852
0 0.384375 0.6550925925925927 0.21562499999999998 0.425
0 0.25859375 0.5967592592592593 0.12135416666666667 0.3194444444444445
0 0.05755208333333333 0.575462962962963 0.1109375 0.2916666666666667
0 0.10677083333333333 0.5449074074074074 0.10625 0.26944444444444443
