1 0.8580729166666666 0.6523148148148148 0.03697916666666667 0.062037037037037036
2 0.89296875 0.6458333333333334 0.030729166666666665 0.062037037037037036
1 0.9309895833333334 0.6310185185185185 0.04114583333333333 0.075
1 0.97734375 0.7157407407407408 0.03177083333333333 0.07407407407407407
1 0.7135416666666666 0.5648148148148149 0.025 0.0462962962962963
1 0.6747395833333333 0.5625 0.024479166666666666 0.04537037037037037
2 0.4984375 0.549074074074074 0.0125 0.020370370370370372
2 0.48333333333333334 0.5569444444444445 0.011458333333333333 0.021296296296296296
1 0.28984375 0.6138888888888889 0.021354166666666667 0.0462962962962963
1 0.27265625 0.6194444444444445 0.019270833333333334 0.03518518518518519
2 0.20651041666666667 0.575462962962963 0.008854166666666666 0.017592592592592594
2 0.21536458333333333 0.5787037037037037 0.008854166666666666 0.014814814814814815
2 0.22447916666666667 0.5745370370370371 0.010416666666666666 0.02314814814814815
0 0.73671875 0.6708333333333334 0.16510416666666666 0.2657407407407408
0 0.9153645833333334 0.7949074074074074 0.16927083333333334 0.4083333333333333
0 0.20442708333333334 0.6208333333333333 0.06614583333333333 0.12314814814814816
0 0.47890625 0.6097222222222223 0.07760416666666667 0.1527777777777778
0 0.31484375 0.7212962962962963 0.13802083333333334 0.27592592592592596
