2 0.84765625 0.7490740740740741 0.044270833333333336 0.10370370370370371
2 0.9307291666666666 0.7342592592592593 0.04479166666666667 0.0925925925925926
2 0.62421875 0.6592592592592593 0.034895833333333334 0.06851851851851852
1 0.5888020833333333 0.6699074074074074 0.04010416666666666 0.07314814814814816
2 0.5869791666666666 0.5773148148148148 0.020833333333333332 0.04537037037037037
2 0.5580729166666667 0.5833333333333334 0.0203125 0.04814814814814815
1 0.46588541666666666 0.5564814814814815 0.011979166666666666 0.020370370370370372
1 0.4497395833333333 0.5555555555555556 0.0171875 0.022222222222222223
2 0.26666666666666666 0.6060185185185185 0.0125 0.02314814814814815
2 0.23802083333333332 0.6175925925925926 0.015625 0.02592592592592593
1 0.03984375 0.7180555555555556 0.0328125 0.0638888888888889
2 0.022395833333333334 0.6037037037037037 0.0125 0.02592592592592593
2 0.053906249999999996 0.5791666666666667 0.009895833333333333 0.019444444444444445
2 0.06510416666666667 0.5902777777777778 0.010416666666666666 0.021296296296296296
0 0.884375 0.8388888888888889 0.23124999999999998 0.32037037037037036
0 0.66328125 0.8069444444444445 0.2671875 0.3842592592592593
0 0.6015625 0.6833333333333333 0.15208333333333332 0.26481481481481484
0 0.28072916666666664 0.6875 0.11145833333333333 0.20462962962962963
0 0.07994791666666666 0.8384259259259259 0.15572916666666667 0.3231481481481482
0 0.040364583333333336 0.6731481481481482 0.07552083333333333 0.1814814814814815
0 0.05520833333333333 0.6236111111111111 0.04375 0.11203703703703705
0 0.44244791666666666 0.611574074074074 0.07760416666666667 0.14537037037037037
