2 0.54375 0.6287037037037038 0.025 0.05
2 0.6119791666666666 0.6166666666666667 0.030208333333333334 0.061111111111111116
2 0.44817708333333334 0.5643518518518519 0.008854166666666666 0.017592592592592594
2 0.45989583333333334 0.5671296296296297 0.011458333333333333 0.019444444444444445
2 0.471875 0.5652777777777778 0.010416666666666666 0.02314814814814815
2 0.484375 0.562962962962963 0.010416666666666666 0.020370370370370372
2 0.07057291666666667 0.5796296296296296 0.008854166666666666 0.018518518518518517
0 0.06744791666666666 0.6189814814814815 0.034895833333333334 0.10462962962962963
0 0.6390625 0.7763888888888889 0.240625 0.4083333333333333
0 0.44921875 0.6162037037037037 0.0765625 0.13796296296296298
