1 0.9601562499999999 0.6699074074074074 0.0453125 0.08796296296296297
2 0.6971354166666667 0.5467592592592593 0.013020833333333334 0.02314814814814815
2 0.7088541666666667 0.5430555555555556 0.010416666666666666 0.02314814814814815
2 0.7239583333333334 0.5361111111111111 0.0125 0.02592592592592593
1 0.37864583333333335 0.5606481481481481 0.011458333333333333 0.019444444444444445
2 0.3932291666666667 0.5597222222222222 0.011458333333333333 0.019444444444444445
2 0.10781249999999999 0.5810185185185185 0.007291666666666667 0.019444444444444445
2 0.11614583333333334 0.5805555555555556 0.009375 0.018518518518518517
2 0.02395833333333333 0.5888888888888889 0.00625 0.007407407407407408
0 0.3809895833333333 0.5884259259259259 0.04739583333333333 0.09351851851851853
0 0.6934895833333333 0.5972222222222222 0.09635416666666667 0.15925925925925927
