2 0.3359375 0.5328703703703704 0.025 0.04722222222222222
1 0.36875 0.5449074074074074 0.030208333333333334 0.05462962962962963
1 0.42109375 0.5995370370370371 0.043229166666666666 0.0712962962962963
1 0.9171874999999999 0.5101851851851852 0.03229166666666666 0.05925925925925926
1 0.9471354166666667 0.5425925925925926 0.028645833333333332 0.061111111111111116
1 0.9846354166666667 0.5236111111111111 0.0296875 0.06759259259259259
1 0.11744791666666667 0.5638888888888889 0.021354166666666667 0.05
1 0.13828125 0.5388888888888889 0.018229166666666668 0.040740740740740744
1 0.14296875 0.5064814814814815 0.0078125 0.016666666666666666
1 0.15104166666666666 0.5074074074074074 0.00625 0.012962962962962964
1 0.11614583333333334 0.5101851851851852 0.009375 0.016666666666666666
2 0.12291666666666666 0.5240740740740741 0.008333333333333333 0.016666666666666666
0 0.95859375 0.6685185185185185 0.0828125 0.3574074074074074
0 0.9276041666666667 0.6347222222222223 0.08125 0.3138888888888889
0 0.44244791666666666 0.7537037037037038 0.2203125 0.37962962962962965
0 0.3546875 0.6560185185185186 0.1125 0.2972222222222222
0 0.11953124999999999 0.5537037037037037 0.044270833333333336 0.11296296296296297
0 0.16692708333333334 0.638888888888889 0.08489583333333334 0.25
0 0.13958333333333334 0.6935185185185185 0.13958333333333334 0.32037037037037036
0 0.14973958333333334 0.5402777777777777 0.0296875 0.09722222222222222
