1 0.8065104166666667 0.5564814814814815 0.04010416666666666 0.06851851851851852
1 0.9653645833333333 0.6074074074074074 0.0484375 0.08333333333333334
1 0.4942708333333333 0.562962962962963 0.03854166666666667 0.05925925925925926
1 0.8440104166666667 0.47222222222222227 0.0171875 0.03518518518518519
1 0.5138020833333333 0.4912037037037037 0.015104166666666667 0.02314814814814815
1 0.5033854166666667 0.48935185185185187 0.0109375 0.019444444444444445
1 0.4440104166666667 0.48888888888888893 0.0109375 0.022222222222222223
2 0.3638020833333333 0.48888888888888893 0.011979166666666666 0.018518518518518517
1 0.35130208333333335 0.5583333333333333 0.022395833333333334 0.040740740740740744
1 0.025520833333333333 0.587037037037037 0.026041666666666668 0.044444444444444446
1 0.013541666666666667 0.625 0.026041666666666668 0.05925925925925926
0 0.9289062499999999 0.7759259259259259 0.1421875 0.4481481481481482
0 0.3638020833333333 0.5393518518518519 0.0609375 0.13240740740740742
0 0.83046875 0.7032407407407407 0.20885416666666667 0.38981481481481484
0 0.4395833333333333 0.5439814814814815 0.06875 0.14537037037037037
0 0.4966145833333333 0.549074074074074 0.08385416666666666 0.15
0 0.521875 0.7083333333333334 0.18645833333333334 0.3648148148148148
0 0.8458333333333333 0.48842592592592593 0.035416666666666666 0.0787037037037037
0 0.3645833333333333 0.675 0.14270833333333333 0.2925925925925926
0 0.04869791666666667 0.7773148148148148 0.0921875 0.36388888888888893
0 0.05572916666666666 0.6986111111111112 0.09375 0.28240740740740744
