1 0.6111979166666667 0.47731481481481486 0.030729166666666665 0.0712962962962963
1 0.6625 0.4847222222222222 0.035416666666666666 0.0787037037037037
1 0.6911458333333333 0.46435185185185185 0.029166666666666667 0.0638888888888889
1 0.37395833333333334 0.43703703703703706 0.026041666666666668 0.053703703703703705
1 0.11979166666666667 0.5277777777777778 0.030208333333333334 0.06851851851851852
1 0.04635416666666667 0.4393518518518519 0.02395833333333333 0.049074074074074076
1 0.00859375 0.44953703703703707 0.0171875 0.05648148148148149
2 0.23046875 0.37962962962962965 0.009895833333333333 0.022222222222222223
0 0.22734374999999998 0.4287037037037037 0.057812499999999996 0.12222222222222223
0 0.5309895833333333 0.4486111111111111 0.0859375 0.14351851851851852
0 0.7205729166666667 0.6097222222222223 0.22447916666666667 0.3453703703703704
0 0.70078125 0.6791666666666667 0.2661458333333333 0.47685185185185186
0 0.37864583333333335 0.5564814814814815 0.15416666666666667 0.2925925925925926
0 0.14270833333333333 0.7166666666666667 0.22291666666666665 0.45740740740740743
