1 0.15390625 0.44027777777777777 0.024479166666666666 0.04537037037037037
1 0.18619791666666666 0.4398148148148148 0.025520833333333333 0.0462962962962963
1 0.14869791666666665 0.4185185185185185 0.022395833333333334 0.03518518518518519
1 0.4036458333333333 0.513425925925926 0.03229166666666666 0.06574074074074074
1 0.6325520833333333 0.4759259259259259 0.03177083333333333 0.06296296296296297
1 0.7182291666666667 0.6125 0.03958333333333333 0.09166666666666667
1 0.7869791666666667 0.6125 0.04895833333333333 0.09537037037037037
0 0.14583333333333334 0.4217592592592593 0.053125 0.12685185185185185
0 0.6408854166666667 0.6203703703703703 0.1890625 0.37962962962962965
0 0.43697916666666664 0.6847222222222222 0.22083333333333333 0.41574074074074074
0 0.81484375 0.7773148148148148 0.3484375 0.44537037037037036
0 0.15234375 0.5111111111111112 0.09427083333333333 0.22592592592592595
0 0.20052083333333334 0.5657407407407408 0.14895833333333333 0.3055555555555556
