1 0.036458333333333336 0.6430555555555556 0.03333333333333333 0.06574074074074074
1 0.08411458333333333 0.5125000000000001 0.009895833333333333 0.021296296296296296
1 0.03463541666666667 0.5152777777777778 0.008854166666666666 0.012037037037037037
2 0.042708333333333334 0.5152777777777778 0.007291666666666667 0.01388888888888889
1 0.31979166666666664 0.49259259259259264 0.011458333333333333 0.020370370370370372
1 0.39453125 0.4930555555555556 0.013020833333333334 0.021296296296296296
1 0.39348958333333334 0.5606481481481481 0.025520833333333333 0.049074074074074076
0 0.03671875 0.5560185185185186 0.0484375 0.11018518518518519
0 0.0859375 0.5587962962962963 0.04479166666666667 0.11018518518518519
0 0.4200520833333333 0.6902777777777778 0.16927083333333334 0.3231481481481482
0 0.3138020833333333 0.5486111111111112 0.0640625 0.13611111111111113
0 0.39296875 0.5476851851851852 0.06302083333333333 0.13425925925925927
0 0.07994791666666666 0.8 0.15572916666666667 0.4
