2 0.5408854166666667 0.49444444444444446 0.0296875 0.05925925925925926
2 0.28359375 0.4444444444444445 0.022395833333333334 0.05
1 0.03567708333333333 0.425462962962963 0.018229166666666668 0.03796296296296296
1 0.061197916666666664 0.4287037037037037 0.01614583333333333 0.037037037037037035
1 0.12447916666666667 0.4185185185185185 0.015625 0.03518518518518519
1 0.15 0.42083333333333334 0.017708333333333333 0.03425925925925926
1 0.18046875 0.3800925925925926 0.0078125 0.015740740740740743
0 0.17942708333333332 0.4217592592592593 0.0421875 0.10833333333333334
0 0.5729166666666666 0.6555555555555556 0.22708333333333333 0.3962962962962963
0 0.2934895833333333 0.5740740740740741 0.15260416666666665 0.312962962962963
0 0.16458333333333333 0.5120370370370371 0.11041666666666666 0.23148148148148148
0 0.07994791666666666 0.5351851851851852 0.11822916666666666 0.26481481481481484
