1 0.6075520833333333 0.5509259259259259 0.013020833333333334 0.02592592592592593
1 0.5067708333333333 0.5513888888888889 0.013541666666666667 0.026851851851851852
1 0.48984374999999997 0.5532407407407408 0.013020833333333334 0.026851851851851852
1 0.35572916666666665 0.5685185185185185 0.01875 0.031481481481481485
1 0.23723958333333334 0.5712962962962963 0.009895833333333333 0.020370370370370372
1 0.22291666666666665 0.5717592592592593 0.011458333333333333 0.02314814814814815
1 0.12864583333333332 0.575462962962963 0.008333333333333333 0.017592592592592594
2 0.13776041666666666 0.5745370370370371 0.0067708333333333336 0.012037037037037037
0 0.12630208333333334 0.6166666666666667 0.04739583333333333 0.11111111111111112
0 0.21953124999999998 0.6231481481481481 0.0640625 0.13148148148148148
0 0.3502604166666667 0.6449074074074075 0.1046875 0.19722222222222224
0 0.49140625 0.6106481481481482 0.08072916666666667 0.1527777777777778
0 0.6057291666666667 0.6064814814814815 0.08333333333333333 0.14444444444444446
