1 0.14921875 0.625 0.0234375 0.04814814814814815
1 0.18333333333333332 0.6398148148148148 0.027083333333333334 0.0462962962962963
1 0.22421875 0.6111111111111112 0.021354166666666667 0.0462962962962963
1 0.24791666666666667 0.6097222222222223 0.022916666666666665 0.04166666666666667
1 0.44244791666666666 0.5796296296296296 0.018229166666666668 0.040740740740740744
1 0.46979166666666666 0.5810185185185185 0.022916666666666665 0.04351851851851852
2 0.4875 0.6194444444444445 0.016666666666666666 0.03888888888888889
1 0.6622395833333333 0.5402777777777777 0.013020833333333334 0.026851851851851852
1 0.6744791666666666 0.5393518518518519 0.014583333333333334 0.026851851851851852
2 0.853125 0.5291666666666667 0.016666666666666666 0.028703703703703703
1 0.33697916666666666 0.5611111111111111 0.008333333333333333 0.020370370370370372
1 0.346875 0.5597222222222222 0.010416666666666666 0.021296296296296296
0 0.33125 0.6134259259259259 0.06041666666666667 0.13425925925925927
0 0.6596354166666667 0.6032407407407407 0.0921875 0.15833333333333333
0 0.48984374999999997 0.6847222222222222 0.14427083333333332 0.25462962962962965
0 0.8489583333333334 0.5962962962962963 0.10729166666666666 0.16296296296296298
0 0.19895833333333332 0.7486111111111111 0.14895833333333333 0.2972222222222222
0 0.2583333333333333 0.7189814814814816 0.14375 0.26944444444444443
