1 0.08776041666666666 0.6166666666666667 0.018229166666666668 0.04259259259259259
1 0.26276041666666666 0.6449074074074075 0.0234375 0.049074074074074076
2 0.33229166666666665 0.6296296296296297 0.01875 0.044444444444444446
2 0.21770833333333334 0.6597222222222222 0.021875 0.04351851851851852
2 0.23697916666666666 0.6518518518518519 0.021875 0.040740740740740744
2 0.29973958333333334 0.6212962962962963 0.018229166666666668 0.04814814814814815
1 0.31796875 0.5939814814814816 0.018229166666666668 0.036111111111111115
1 0.5078125 0.5532407407407408 0.0125 0.025
1 0.5252604166666667 0.5523148148148148 0.013020833333333334 0.025
1 0.6127604166666667 0.663425925925926 0.028645833333333332 0.0638888888888889
2 0.7919270833333333 0.6092592592592593 0.0234375 0.06851851851851852
2 0.83203125 0.6245370370370371 0.028645833333333332 0.058333333333333334
1 0.8645833333333334 0.6083333333333334 0.027083333333333334 0.053703703703703705
1 0.8216145833333334 0.5347222222222222 0.013020833333333334 0.026851851851851852
1 0.8440104166666667 0.5259259259259259 0.015104166666666667 0.02777777777777778
1 0.9953124999999999 0.5185185185185185 0.007291666666666667 0.02777777777777778
0 0.5057291666666667 0.6111111111111112 0.07916666666666666 0.1462962962962963
0 0.8802083333333334 0.7847222222222222 0.23958333333333334 0.4305555555555556
0 0.64375 0.8125 0.24895833333333334 0.375
0 0.8125 0.6032407407407407 0.11354166666666667 0.18055555555555555
0 0.28411458333333334 0.7805555555555556 0.1828125 0.3277777777777778
0 0.3567708333333333 0.7449074074074075 0.18541666666666667 0.2972222222222222
0 0.3234375 0.6925925925925926 0.11041666666666666 0.23333333333333334
0 0.9671875 0.5875 0.065625 0.16574074074074074
0 0.09791666666666667 0.7189814814814816 0.11666666666666667 0.25092592592592594
