2 0.46015625 0.5810185185185185 0.021354166666666667 0.03981481481481482
2 0.5041666666666667 0.5791666666666667 0.014583333333333334 0.03425925925925926
2 0.4875 0.5824074074074075 0.01875 0.03518518518518519
2 0.2328125 0.5694444444444444 0.009375 0.018518518518518517
2 0.22213541666666667 0.5712962962962963 0.0078125 0.020370370370370372
2 0.11588541666666667 0.6162037037037037 0.0171875 0.03981481481481482
2 0.08984375 0.6277777777777778 0.01614583333333333 0.037037037037037035
1 0.04765625 0.5796296296296296 0.009895833333333333 0.018518518518518517
2 0.061197916666666664 0.5773148148148148 0.008854166666666666 0.015740740740740743
0 0.044270833333333336 0.6287037037037038 0.05520833333333333 0.1277777777777778
0 0.21614583333333334 0.6203703703703703 0.06041666666666667 0.12222222222222223
0 0.5208333333333334 0.6824074074074075 0.14895833333333333 0.25
0 0.13098958333333333 0.7287037037037037 0.12343749999999999 0.27037037037037037
