1 0.90625 0.5555555555555556 0.03229166666666666 0.061111111111111116
1 0.8611979166666667 0.5143518518518518 0.022395833333333334 0.05648148148148149
1 0.2877604166666667 0.5875 0.025520833333333333 0.04722222222222222
1 0.3598958333333333 0.4953703703703704 0.009375 0.016666666666666666
2 0.3455729166666667 0.49444444444444446 0.0078125 0.018518518518518517
1 0.0140625 0.576388888888889 0.022916666666666665 0.04537037037037037
1 0.02005208333333333 0.5388888888888889 0.01614583333333333 0.031481481481481485
1 0.054427083333333334 0.513888888888889 0.0078125 0.014814814814814815
1 0.07552083333333333 0.5083333333333333 0.007291666666666667 0.014814814814814815
1 0.10442708333333334 0.5092592592592593 0.009895833333333333 0.016666666666666666
1 0.03567708333333333 0.4953703703703704 0.0067708333333333336 0.011111111111111112
0 0.0515625 0.5537037037037037 0.04583333333333333 0.1
0 0.10442708333333334 0.5550925925925926 0.05364583333333333 0.11388888888888889
0 0.3580729166666667 0.5476851851851852 0.06614583333333333 0.13240740740740742
0 0.83671875 0.6453703703703704 0.1265625 0.3277777777777778
0 0.90625 0.7046296296296296 0.1875 0.3592592592592593
0 0.3059895833333333 0.7351851851851852 0.17864583333333334 0.362962962962963
