2 0.09505208333333333 0.5773148148148148 0.008854166666666666 0.017592592592592594
2 0.5658854166666667 0.612037037037037 0.025520833333333333 0.04814814814814815
2 0.59765625 0.6175925925925926 0.024479166666666666 0.04814814814814815
1 0.5708333333333333 0.5407407407407407 0.017708333333333333 0.03518518518518519
1 0.5502604166666667 0.5546296296296297 0.0140625 0.02962962962962963
1 0.7177083333333333 0.5481481481481482 0.013541666666666667 0.02592592592592593
1 0.7375 0.5337962962962963 0.015625 0.025
0 0.7106770833333333 0.6 0.09114583333333333 0.15925925925925927
0 0.5505208333333333 0.6245370370370371 0.10520833333333333 0.20277777777777778
0 0.6252604166666667 0.763425925925926 0.2140625 0.3601851851851852
