2 0.86484375 0.487962962962963 0.024479166666666666 0.05
1 0.34791666666666665 0.5546296296296297 0.028125 0.05555555555555556
1 0.21796875 0.5319444444444444 0.0171875 0.03981481481481482
1 0.19114583333333332 0.5296296296296297 0.019791666666666666 0.03888888888888889
1 0.04505208333333333 0.5375 0.0171875 0.032407407407407406
1 0.0203125 0.5388888888888889 0.0125 0.03333333333333333
0 0.8815104166666666 0.5962962962962963 0.1890625 0.2796296296296296
0 0.37604166666666666 0.7064814814814815 0.17708333333333334 0.3666666666666667
0 0.23020833333333332 0.6361111111111112 0.13229166666666667 0.2574074074074074
0 0.053906249999999996 0.6273148148148149 0.10781249999999999 0.22685185185185186
