1 0.07083333333333333 0.5819444444444445 0.022916666666666665 0.05092592592592593
2 0.0484375 0.5912037037037037 0.017708333333333333 0.04166666666666667
1 0.029166666666666667 0.5800925925925926 0.01875 0.04537037037037037
1 0.19322916666666667 0.625 0.02395833333333333 0.05185185185185186
1 0.23151041666666666 0.6050925925925926 0.025520833333333333 0.0638888888888889
1 0.25026041666666665 0.5449074074074074 0.024479166666666666 0.05277777777777778
1 0.35182291666666665 0.47453703703703703 0.0109375 0.019444444444444445
2 0.5294270833333333 0.5356481481481482 0.028645833333333332 0.062037037037037036
1 0.5778645833333333 0.46620370370370373 0.0140625 0.021296296296296296
1 0.67265625 0.5282407407407408 0.028645833333333332 0.05092592592592593
1 0.7208333333333333 0.5162037037037037 0.030208333333333334 0.058333333333333334
1 0.7580729166666667 0.44953703703703707 0.0109375 0.019444444444444445
1 0.7731770833333333 0.4481481481481482 0.013020833333333334 0.018518518518518517
0 0.34765625 0.5263888888888889 0.06822916666666666 0.1287037037037037
0 0.575 0.5282407407407408 0.096875 0.14351851851851852
0 0.7489583333333333 0.5097222222222222 0.0875 0.14722222222222223
0 0.7565104166666666 0.6722222222222223 0.2203125 0.37592592592592594
0 0.5606770833333333 0.7189814814814816 0.21197916666666666 0.437962962962963
0 0.27760416666666665 0.6476851851851853 0.11354166666666667 0.2601851851851852
0 0.08619791666666667 0.6986111111111112 0.16927083333333334 0.2972222222222222
0 0.2669270833333333 0.7675925925925926 0.19322916666666667 0.40370370370370373
