1 0.93046875 0.6439814814814815 0.057812499999999996 0.10648148148148148
2 0.9385416666666666 0.5231481481481481 0.034375 0.06481481481481481
1 0.8971354166666666 0.4342592592592593 0.0140625 0.031481481481481485
1 0.34453125 0.6768518518518519 0.044270833333333336 0.07777777777777778
2 0.22916666666666666 0.5648148148148149 0.020833333333333332 0.04259259259259259
2 0.203125 0.563425925925926 0.021875 0.03796296296296296
0 0.89296875 0.500925925925926 0.10885416666666667 0.16296296296296298
0 0.9015624999999999 0.7916666666666667 0.196875 0.4166666666666667
0 0.25286458333333334 0.6833333333333333 0.15260416666666665 0.2962962962962963
0 0.37265625 0.812962962962963 0.26197916666666665 0.3740740740740741
