1 0.9307291666666666 0.5421296296296296 0.015625 0.032407407407407406
1 0.7674479166666667 0.5476851851851852 0.013020833333333334 0.030555555555555558
1 0.7231770833333333 0.6203703703703703 0.033854166666666664 0.061111111111111116
1 0.45234375 0.650462962962963 0.0265625 0.058333333333333334
1 0.4088541666666667 0.5555555555555556 0.011458333333333333 0.020370370370370372
2 0.3111979166666667 0.5662037037037038 0.009895833333333333 0.017592592592592594
2 0.30104166666666665 0.5652777777777778 0.008333333333333333 0.01388888888888889
1 0.0671875 0.6370370370370371 0.02395833333333333 0.040740740740740744
1 0.034375 0.6407407407407407 0.01875 0.040740740740740744
1 0.14401041666666667 0.5731481481481482 0.0078125 0.014814814814814815
1 0.13463541666666667 0.5689814814814815 0.008854166666666666 0.017592592592592594
1 0.11692708333333333 0.5675925925925926 0.008854166666666666 0.016666666666666666
1 0.10703125 0.575462962962963 0.009895833333333333 0.017592592592592594
0 0.40260416666666665 0.6129629629629629 0.065625 0.14444444444444446
0 0.7625 0.6152777777777778 0.10416666666666667 0.16203703703703703
0 0.9088541666666666 0.6125 0.10104166666666667 0.16944444444444445
0 0.7544270833333333 0.7740740740740741 0.22760416666666666 0.3703703703703704
0 0.4778645833333333 0.8074074074074075 0.2015625 0.3851851851851852
0 0.07473958333333333 0.7564814814814815 0.14947916666666666 0.2925925925925926
