1 0.5588541666666667 0.5722222222222223 0.01875 0.037037037037037035
1 0.32057291666666665 0.5694444444444444 0.0171875 0.03888888888888889
1 0.36640625 0.5625 0.011979166666666666 0.021296296296296296
1 0.24661458333333333 0.5689814814814815 0.009895833333333333 0.021296296296296296
1 0.0734375 0.649537037037037 0.02395833333333333 0.049074074074074076
1 0.044270833333333336 0.6449074074074075 0.019791666666666666 0.03981481481481482
1 0.024739583333333332 0.5740740740740741 0.0109375 0.022222222222222223
0 0.026041666666666668 0.6212962962962963 0.052083333333333336 0.11296296296296297
0 0.24322916666666666 0.6208333333333333 0.06354166666666666 0.12685185185185185
0 0.35859375 0.6175925925925926 0.0734375 0.13518518518518519
0 0.5734375 0.6722222222222223 0.13958333333333334 0.24629629629629632
0 0.3333333333333333 0.662962962962963 0.11354166666666667 0.22777777777777777
0 0.07708333333333334 0.7680555555555556 0.14583333333333334 0.30833333333333335
