1 0.9427083333333334 0.7125 0.05 0.10092592592592593
1 0.6716145833333333 0.6731481481481482 0.03802083333333333 0.061111111111111116
1 0.5979166666666667 0.7490740740740741 0.03958333333333333 0.08518518518518518
1 0.5140625 0.6046296296296296 0.022916666666666665 0.04259259259259259
1 0.4296875 0.6351851851851852 0.021875 0.04259259259259259
1 0.15859375 0.6421296296296296 0.024479166666666666 0.04722222222222222
1 0.11354166666666667 0.5736111111111112 0.010416666666666666 0.019444444444444445
1 0.030208333333333334 0.5800925925925926 0.011458333333333333 0.017592592592592594
0 0.030208333333333334 0.625 0.052083333333333336 0.10925925925925926
0 0.11015625 0.6212962962962963 0.05677083333333333 0.11481481481481481
0 0.4497395833333333 0.6013888888888889 0.07760416666666667 0.12685185185185185
0 0.5291666666666667 0.7055555555555556 0.14375 0.24444444444444446
0 0.7291666666666666 0.8180555555555555 0.21979166666666666 0.36388888888888893
0 0.4505208333333333 0.7703703703703704 0.17395833333333333 0.32592592592592595
0 0.6315104166666666 0.8490740740740741 0.2786458333333333 0.30185185185185187
0 0.1703125 0.7671296296296296 0.14479166666666665 0.30833333333333335
