1 0.9401041666666666 0.6208333333333333 0.036458333333333336 0.0712962962962963
2 0.9854166666666666 0.5282407407407408 0.019791666666666666 0.04537037037037037
1 0.76171875 0.701388888888889 0.04635416666666667 0.08240740740740742
1 0.7046875 0.6847222222222222 0.03958333333333333 0.07314814814814816
1 0.7567708333333333 0.5435185185185185 0.014583333333333334 0.02592592592592593
1 0.73671875 0.5430555555555556 0.013020833333333334 0.025
1 0.20546875 0.65 0.0234375 0.04814814814814815
1 0.10859375 0.6814814814814815 0.0296875 0.05925925925925926
0 0.1609375 0.6046296296296296 0.04375 0.10740740740740741
0 0.7325520833333333 0.6023148148148149 0.09114583333333333 0.14537037037037037
0 0.8015625 0.8231481481481482 0.3052083333333333 0.35370370370370374
0 0.12864583333333332 0.8240740740740741 0.18020833333333333 0.35185185185185186
0 0.23645833333333333 0.7824074074074074 0.15520833333333334 0.32222222222222224
