1 0.9093749999999999 0.44907407407407407 0.017708333333333333 0.02962962962962963
1 0.9375 0.44537037037037036 0.017708333333333333 0.02777777777777778
1 0.6432291666666666 0.46111111111111114 0.0125 0.020370370370370372
1 0.6515625 0.48333333333333334 0.008333333333333333 0.016666666666666666
1 0.5315104166666667 0.4689814814814815 0.009895833333333333 0.019444444444444445
1 0.4002604166666667 0.4763888888888889 0.011979166666666666 0.019444444444444445
1 0.37864583333333335 0.47870370370370374 0.0125 0.022222222222222223
1 0.3692708333333333 0.47685185185185186 0.010416666666666666 0.022222222222222223
1 0.3072916666666667 0.48240740740740745 0.010416666666666666 0.016666666666666666
2 0.25 0.4912037037037037 0.010416666666666666 0.019444444444444445
1 0.17109375 0.4962962962962963 0.008854166666666666 0.014814814814814815
1 0.14140625 0.4935185185185185 0.011979166666666666 0.020370370370370372
1 0.10546875 0.4990740740740741 0.008854166666666666 0.012962962962962964
1 0.09765625 0.5018518518518519 0.008854166666666666 0.014814814814814815
1 0.0890625 0.500925925925926 0.008333333333333333 0.014814814814814815
1 0.051041666666666666 0.49953703703703706 0.009375 0.015740740740740743
1 0.0421875 0.5018518518518519 0.009375 0.016666666666666666
1 0.028645833333333332 0.5041666666666667 0.008333333333333333 0.015740740740740743
1 0.00390625 0.5074074074074074 0.0078125 0.014814814814814815
1 0.02395833333333333 0.5023148148148149 0.007291666666666667 0.01388888888888889
0 0.08645833333333333 0.5435185185185185 0.04583333333333333 0.10740740740740741
0 0.028385416666666666 0.5481481481481482 0.05677083333333333 0.11851851851851852
0 0.14114583333333333 0.5430555555555556 0.05 0.12314814814814816
0 0.25364583333333335 0.5407407407407407 0.06145833333333333 0.12407407407407407
0 0.3645833333333333 0.5342592592592593 0.07291666666666667 0.1425925925925926
0 0.30755208333333334 0.5328703703703704 0.058854166666666666 0.12314814814814816
0 0.5294270833333333 0.5263888888888889 0.08072916666666667 0.14537037037037037
0 0.37578125 0.537962962962963 0.07760416666666667 0.1537037037037037
0 0.6416666666666666 0.5175925925925926 0.08020833333333333 0.1425925925925926
0 0.9013020833333333 0.5231481481481481 0.12239583333333333 0.18888888888888888
