1 0.725 0.7310185185185185 0.041666666666666664 0.10092592592592593
1 0.6591145833333333 0.725 0.0390625 0.07592592592592592
1 0.5307291666666667 0.5643518518518519 0.011458333333333333 0.021296296296296296
1 0.51484375 0.5597222222222222 0.013020833333333334 0.021296296296296296
2 0.058854166666666666 0.6722222222222223 0.020833333333333332 0.037037037037037035
2 0.04635416666666667 0.6587962962962963 0.025 0.04351851851851852
1 0.11145833333333333 0.6064814814814815 0.017708333333333333 0.03518518518518519
1 0.14973958333333334 0.5699074074074074 0.008854166666666666 0.019444444444444445
1 0.159375 0.5689814814814815 0.008333333333333333 0.017592592592592594
0 0.14713541666666666 0.612037037037037 0.04635416666666667 0.10740740740740741
0 0.50703125 0.6162037037037037 0.0796875 0.1398148148148148
0 0.73359375 0.8375 0.2661458333333333 0.325
0 0.09114583333333333 0.8009259259259259 0.17916666666666667 0.3351851851851852
0 0.12838541666666667 0.7032407407407407 0.10260416666666666 0.23425925925925928
