1 0.8796875 0.675 0.03958333333333333 0.09444444444444444
1 0.9114583333333334 0.6273148148148149 0.042708333333333334 0.08240740740740742
1 0.72421875 0.5356481481481482 0.013020833333333334 0.026851851851851852
1 0.6919270833333333 0.5481481481481482 0.01614583333333333 0.02777777777777778
1 0.6091145833333333 0.5467592592592593 0.0140625 0.025
1 0.3893229166666667 0.649537037037037 0.027604166666666666 0.058333333333333334
1 0.4666666666666667 0.5541666666666667 0.011458333333333333 0.02314814814814815
1 0.45260416666666664 0.5583333333333333 0.013541666666666667 0.022222222222222223
2 0.22239583333333332 0.5916666666666667 0.015625 0.03333333333333333
1 0.20286458333333332 0.5847222222222223 0.01614583333333333 0.030555555555555558
1 0.02786458333333333 0.6370370370370371 0.0203125 0.040740740740740744
0 0.19557291666666665 0.6092592592592593 0.0484375 0.10740740740740741
0 0.8872395833333333 0.8152777777777778 0.22552083333333334 0.36944444444444446
0 0.9028645833333333 0.7680555555555556 0.19427083333333334 0.35833333333333334
0 0.43124999999999997 0.8069444444444445 0.22083333333333333 0.3861111111111111
0 0.23541666666666666 0.6722222222222223 0.10625 0.22037037037037038
0 0.06197916666666667 0.762962962962963 0.12395833333333334 0.3055555555555556
0 0.6893229166666667 0.6074074074074074 0.0984375 0.16666666666666669
