1 0.7875 0.5902777777777778 0.041666666666666664 0.08796296296296297
1 0.8174479166666666 0.5476851851851852 0.044270833333333336 0.08055555555555556
1 0.7997395833333333 0.4842592592592593 0.04010416666666666 0.06851851851851852
1 0.7393229166666666 0.5388888888888889 0.0390625 0.07222222222222223
1 0.490625 0.3875 0.017708333333333333 0.036111111111111115
1 0.05520833333333333 0.46851851851851856 0.021875 0.04259259259259259
1 0.03359375 0.46851851851851856 0.024479166666666666 0.04814814814814815
0 0.48541666666666666 0.45972222222222225 0.09270833333333334 0.17685185185185187
0 0.6776041666666667 0.45555555555555555 0.084375 0.1537037037037037
0 0.8494791666666667 0.7393518518518519 0.30104166666666665 0.48240740740740745
0 0.8729166666666667 0.6560185185185186 0.21875 0.4138888888888889
0 0.8278645833333333 0.7689814814814815 0.3442708333333333 0.4620370370370371
0 0.07395833333333333 0.5944444444444444 0.14791666666666667 0.3037037037037037
