2 0.8645833333333334 0.5375 0.0125 0.025
2 0.8528645833333334 0.5402777777777777 0.013020833333333334 0.030555555555555558
2 0.81328125 0.5398148148148149 0.0109375 0.024074074074074074
2 0.8033854166666666 0.5462962962962963 0.0109375 0.022222222222222223
2 0.4497395833333333 0.6013888888888889 0.018229166666666668 0.03796296296296296
2 0.42552083333333335 0.6055555555555556 0.01875 0.037037037037037035
1 0.37135416666666665 0.5601851851851852 0.011458333333333333 0.022222222222222223
1 0.3567708333333333 0.5615740740740741 0.010416666666666666 0.021296296296296296
1 0.23359375 0.6976851851851852 0.021354166666666667 0.05462962962962963
1 0.209375 0.6842592592592592 0.026041666666666668 0.053703703703703705
1 0.15442708333333333 0.5745370370370371 0.009895833333333333 0.017592592592592594
0 0.15338541666666666 0.6287037037037038 0.059895833333333336 0.13518518518518519
0 0.35572916666666665 0.6138888888888889 0.07083333333333333 0.13148148148148148
0 0.8645833333333334 0.600925925925926 0.06875 0.15925925925925927
0 0.7963541666666667 0.6078703703703704 0.10729166666666666 0.16574074074074074
0 0.47812499999999997 0.7180555555555556 0.15104166666666666 0.28611111111111115
0 0.25703125 0.8273148148148148 0.1765625 0.3453703703703704
