1 0.42578125 0.6865740740740741 0.0296875 0.062037037037037036
1 0.3807291666666667 0.6800925925925926 0.03229166666666666 0.06759259259259259
2 0.45078124999999997 0.5583333333333333 0.011979166666666666 0.020370370370370372
2 0.434375 0.562962962962963 0.011458333333333333 0.02592592592592593
2 0.37083333333333335 0.5666666666666667 0.0125 0.020370370370370372
2 0.35625 0.5652777777777778 0.011458333333333333 0.017592592592592594
2 0.20234375 0.5750000000000001 0.0067708333333333336 0.012962962962962964
0 0.19479166666666667 0.6222222222222222 0.05520833333333333 0.11666666666666667
0 0.35572916666666665 0.6245370370370371 0.071875 0.14166666666666666
0 0.43515624999999997 0.6226851851851852 0.08802083333333333 0.16018518518518518
0 0.46901041666666665 0.8222222222222223 0.2359375 0.35555555555555557
