1 0.9416666666666667 0.638888888888889 0.035416666666666666 0.07037037037037037
1 0.9877604166666667 0.6430555555555556 0.0234375 0.0638888888888889
1 0.4041666666666667 0.6333333333333333 0.026041666666666668 0.040740740740740744
1 0.33697916666666666 0.5560185185185186 0.011458333333333333 0.017592592592592594
1 0.20546875 0.600462962962963 0.0171875 0.032407407407407406
1 0.2546875 0.5652777777777778 0.011458333333333333 0.019444444444444445
1 0.22369791666666666 0.5680555555555555 0.009895833333333333 0.017592592592592594
1 0.2109375 0.5680555555555555 0.010416666666666666 0.017592592592592594
1 0.03567708333333333 0.5814814814814815 0.009895833333333333 0.016666666666666666
1 0.0265625 0.5750000000000001 0.008333333333333333 0.012962962962962964
0 0.036458333333333336 0.6245370370370371 0.05416666666666667 0.11388888888888889
0 0.20833333333333334 0.6180555555555556 0.06666666666666667 0.12685185185185185
0 0.24973958333333332 0.6203703703703703 0.07864583333333333 0.13333333333333333
0 0.3333333333333333 0.6194444444444445 0.08645833333333333 0.1537037037037037
0 0.9325520833333333 0.7921296296296296 0.13489583333333333 0.41574074074074074
0 0.43333333333333335 0.7648148148148148 0.17604166666666665 0.32222222222222224
0 0.2171875 0.6861111111111111 0.10729166666666666 0.20925925925925926
