2 0.8755208333333333 0.5273148148148148 0.013541666666666667 0.025
2 0.8536458333333333 0.5342592592592593 0.010416666666666666 0.02592592592592593
1 0.67265625 0.5365740740740741 0.0140625 0.026851851851851852
1 0.6505208333333333 0.5365740740740741 0.014583333333333334 0.026851851851851852
1 0.6315104166666666 0.5402777777777777 0.009895833333333333 0.019444444444444445
2 0.23411458333333332 0.5768518518518518 0.0078125 0.014814814814814815
2 0.21770833333333334 0.5745370370370371 0.009375 0.017592592592592594
0 0.21848958333333332 0.6231481481481481 0.057812499999999996 0.12222222222222223
0 0.6338541666666666 0.6 0.084375 0.15555555555555556
0 0.6684895833333333 0.6097222222222223 0.0984375 0.16944444444444445
0 0.8463541666666666 0.5958333333333333 0.10416666666666667 0.16574074074074074
