1 0.9210937499999999 0.5226851851851853 0.01614583333333333 0.032407407407407406
2 0.9455729166666667 0.5328703703703704 0.0140625 0.026851851851851852
2 0.5403645833333334 0.5560185185185186 0.0109375 0.017592592592592594
2 0.5341145833333333 0.5574074074074075 0.0078125 0.016666666666666666
2 0.46328125 0.5578703703703703 0.009895833333333333 0.015740740740740743
2 0.4583333333333333 0.5643518518518519 0.008333333333333333 0.01388888888888889
2 0.3658854166666667 0.562962962962963 0.009895833333333333 0.018518518518518517
2 0.35494791666666664 0.5717592592592593 0.009895833333333333 0.017592592592592594
2 0.24296874999999998 0.5703703703703704 0.0078125 0.012962962962962964
2 0.23906249999999998 0.576388888888889 0.008333333333333333 0.015740740740740743
2 0.21067708333333332 0.5689814814814815 0.0067708333333333336 0.01388888888888889
1 0.19557291666666665 0.5685185185185185 0.0109375 0.020370370370370372
0 0.190625 0.6231481481481481 0.06041666666666667 0.13148148148148148
0 0.23072916666666665 0.6152777777777778 0.0625 0.11574074074074074
0 0.35520833333333335 0.6097222222222223 0.057291666666666664 0.1175925925925926
0 0.453125 0.6092592592592593 0.06354166666666666 0.1277777777777778
0 0.5322916666666666 0.6087962962962963 0.071875 0.13611111111111113
0 0.91015625 0.6050925925925926 0.1203125 0.19722222222222224
