1 0.8830729166666667 0.5537037037037037 0.04114583333333333 0.07222222222222223
1 0.6723958333333333 0.4569444444444445 0.009375 0.025
1 0.15052083333333333 0.5740740740740741 0.021875 0.04259259259259259
1 0.12473958333333333 0.5680555555555555 0.018229166666666668 0.03796296296296296
1 0.0984375 0.5310185185185186 0.017708333333333333 0.03796296296296296
1 0.12421875 0.5388888888888889 0.021354166666666667 0.03518518518518519
1 0.17786458333333333 0.5046296296296297 0.0140625 0.022222222222222223
2 0.18854166666666666 0.49259259259259264 0.008333333333333333 0.016666666666666666
0 0.18776041666666665 0.5388888888888889 0.0546875 0.11296296296296297
0 0.17630208333333333 0.5611111111111111 0.06927083333333334 0.14444444444444446
0 0.6661458333333333 0.5157407407407407 0.08645833333333333 0.1425925925925926
0 0.8958333333333334 0.7222222222222222 0.20833333333333334 0.4203703703703704
0 0.16953125 0.687962962962963 0.14635416666666667 0.2925925925925926
