2 0.5765625 0.5518518518518519 0.013541666666666667 0.024074074074074074
2 0.5598958333333334 0.5546296296296297 0.014583333333333334 0.02592592592592593
2 0.5489583333333333 0.5546296296296297 0.009375 0.020370370370370372
2 0.51953125 0.5611111111111111 0.008854166666666666 0.016666666666666666
2 0.5049479166666666 0.5625 0.011979166666666666 0.021296296296296296
2 0.4953125 0.5606481481481481 0.009375 0.021296296296296296
1 0.40338541666666666 0.5583333333333333 0.008854166666666666 0.016666666666666666
2 0.39479166666666665 0.5662037037037038 0.008333333333333333 0.015740740740740743
1 0.3872395833333333 0.5578703703703703 0.0109375 0.021296296296296296
2 0.3364583333333333 0.5638888888888889 0.010416666666666666 0.018518518518518517
2 0.3234375 0.562962962962963 0.009375 0.016666666666666666
1 0.05651041666666667 0.5800925925925926 0.0078125 0.01388888888888889
1 0.046614583333333334 0.5842592592592593 0.009895833333333333 0.014814814814814815
1 0.0328125 0.5875 0.008333333333333333 0.01388888888888889
0 0.053125 0.6314814814814815 0.05520833333333333 0.12592592592592594
0 0.38385416666666666 0.6152777777777778 0.07395833333333333 0.14166666666666666
0 0.49166666666666664 0.625925925925926 0.09270833333333334 0.1574074074074074
0 0.56015625 0.6134259259259259 0.0671875 0.1564814814814815
0 0.3221354166666667 0.6180555555555556 0.0734375 0.13055555555555556
