1 0.9932291666666666 0.5291666666666667 0.0125 0.04537037037037037
1 0.8364583333333333 0.5259259259259259 0.015625 0.03518518518518519
1 0.8151041666666666 0.5337962962962963 0.0125 0.025
1 0.7903645833333334 0.5337962962962963 0.015104166666666667 0.025
1 0.5802083333333333 0.5430555555555556 0.011458333333333333 0.021296296296296296
1 0.12291666666666666 0.576388888888889 0.009375 0.015740740740740743
0 0.12317708333333333 0.6199074074074075 0.0421875 0.10833333333333334
0 0.5768229166666666 0.6013888888888889 0.07552083333333333 0.1398148148148148
0 0.78359375 0.5944444444444444 0.08697916666666666 0.15555555555555556
0 0.8294270833333334 0.5953703703703704 0.10781249999999999 0.17222222222222222
0 0.96953125 0.5907407407407408 0.0609375 0.16666666666666669
