1 0.9645833333333333 0.513888888888889 0.017708333333333333 0.03333333333333333
1 0.9861979166666667 0.5277777777777778 0.009895833333333333 0.024074074074074074
2 0.9203125 0.5388888888888889 0.013541666666666667 0.02777777777777778
2 0.90078125 0.5337962962962963 0.01614583333333333 0.030555555555555558
1 0.8174479166666666 0.5319444444444444 0.015104166666666667 0.028703703703703703
1 0.8036458333333333 0.5319444444444444 0.015625 0.030555555555555558
1 0.69296875 0.5402777777777777 0.013020833333333334 0.025
1 0.6723958333333333 0.5402777777777777 0.011458333333333333 0.021296296296296296
1 0.6520833333333333 0.5439814814814815 0.011458333333333333 0.021296296296296296
1 0.6643229166666667 0.5421296296296296 0.0109375 0.02314814814814815
1 0.5166666666666666 0.5486111111111112 0.0125 0.026851851851851852
1 0.4984375 0.5532407407407408 0.010416666666666666 0.02314814814814815
1 0.3528645833333333 0.5574074074074075 0.009895833333333333 0.016666666666666666
1 0.30104166666666665 0.600925925925926 0.022916666666666665 0.03518518518518519
1 0.06979166666666667 0.6430555555555556 0.02395833333333333 0.04537037037037037
1 0.046875 0.6356481481481482 0.019791666666666666 0.03981481481481482
1 0.0140625 0.6189814814814815 0.016666666666666666 0.03981481481481482
0 0.3520833333333333 0.6074074074074074 0.05625 0.12222222222222223
0 0.4895833333333333 0.6064814814814815 0.059375 0.13333333333333333
0 0.5114583333333333 0.6055555555555556 0.08020833333333333 0.15
0 0.6427083333333333 0.6 0.07083333333333333 0.1462962962962963
0 0.66796875 0.6050925925925926 0.0921875 0.15462962962962964
0 0.7953125 0.6037037037037037 0.1125 0.17222222222222222
0 0.9679687499999999 0.5944444444444444 0.0640625 0.17962962962962964
0 0.8916666666666666 0.6078703703703704 0.11562499999999999 0.18425925925925926
0 0.3169270833333333 0.6916666666666667 0.09010416666666667 0.22962962962962963
0 0.07682291666666667 0.7194444444444444 0.11822916666666666 0.21666666666666667
