1 0.9872395833333333 0.5180555555555556 0.01614583333333333 0.04166666666666667
1 0.9669270833333333 0.5296296296296297 0.013020833333333334 0.03888888888888889
1 0.9421875 0.5162037037037037 0.01875 0.028703703703703703
1 0.9132812499999999 0.525462962962963 0.018229166666666668 0.032407407407407406
1 0.7908854166666667 0.5388888888888889 0.0140625 0.02962962962962963
1 0.7697916666666667 0.5370370370370371 0.0125 0.022222222222222223
1 0.7557291666666667 0.5370370370370371 0.0125 0.024074074074074074
1 0.7427083333333333 0.5421296296296296 0.0125 0.02314814814814815
1 0.6372395833333333 0.5388888888888889 0.0140625 0.022222222222222223
1 0.6307291666666667 0.5486111111111112 0.011458333333333333 0.019444444444444445
1 0.5934895833333333 0.5412037037037037 0.013020833333333334 0.021296296296296296
2 0.5708333333333333 0.5574074074074075 0.010416666666666666 0.022222222222222223
2 0.5546875 0.5509259259259259 0.013541666666666667 0.024074074074074074
1 0.49244791666666665 0.55 0.0109375 0.022222222222222223
1 0.484375 0.55 0.0125 0.022222222222222223
1 0.4109375 0.5574074074074075 0.009375 0.018518518518518517
1 0.4041666666666667 0.5592592592592592 0.008333333333333333 0.018518518518518517
1 0.3958333333333333 0.5546296296296297 0.009375 0.016666666666666666
1 0.2947916666666667 0.5601851851851852 0.009375 0.016666666666666666
1 0.2875 0.5685185185185185 0.009375 0.018518518518518517
1 0.27447916666666666 0.5657407407407408 0.008333333333333333 0.016666666666666666
1 0.17994791666666665 0.5703703703703704 0.0109375 0.018518518518518517
0 0.17916666666666667 0.6134259259259259 0.04895833333333333 0.10833333333333334
0 0.26901041666666664 0.6129629629629629 0.04739583333333333 0.11666666666666667
0 0.2955729166666667 0.6143518518518519 0.05677083333333333 0.13055555555555556
0 0.3911458333333333 0.6125 0.06770833333333333 0.13425925925925927
0 0.47890625 0.6106481481481482 0.07864583333333333 0.14907407407407408
0 0.6005208333333333 0.6027777777777777 0.041666666666666664 0.14814814814814814
0 0.6359375 0.5990740740740741 0.06979166666666667 0.14814814814814814
0 0.5497395833333333 0.6148148148148148 0.0859375 0.15555555555555556
0 0.7859375 0.5986111111111111 0.04583333333333333 0.14537037037037037
0 0.7322916666666667 0.6064814814814815 0.1 0.1685185185185185
0 0.9059895833333333 0.5898148148148148 0.0984375 0.17777777777777778
0 0.9484374999999999 0.6041666666666667 0.103125 0.2101851851851852
