1 0.95 0.5263888888888889 0.015625 0.032407407407407406
1 0.7002604166666666 0.5462962962962963 0.011979166666666666 0.024074074074074074
1 0.6901041666666666 0.5462962962962963 0.0125 0.02592592592592593
1 0.6130208333333333 0.537962962962963 0.013541666666666667 0.02592592592592593
1 0.59921875 0.5412037037037037 0.0109375 0.021296296296296296
1 0.5893229166666667 0.5449074074074074 0.0140625 0.025
1 0.57265625 0.5481481481481482 0.0140625 0.024074074074074074
1 0.5119791666666667 0.5587962962962963 0.010416666666666666 0.017592592592592594
1 0.4934895833333333 0.5578703703703703 0.011979166666666666 0.019444444444444445
1 0.47161458333333334 0.5560185185185186 0.009895833333333333 0.019444444444444445
1 0.46510416666666665 0.5583333333333333 0.009375 0.020370370370370372
1 0.38645833333333335 0.5550925925925926 0.011458333333333333 0.019444444444444445
1 0.35546875 0.5564814814814815 0.009895833333333333 0.018518518518518517
2 0.34921875 0.5652777777777778 0.009895833333333333 0.019444444444444445
2 0.3377604166666667 0.5643518518518519 0.008854166666666666 0.017592592592592594
1 0.26848958333333334 0.5652777777777778 0.009895833333333333 0.019444444444444445
1 0.2625 0.5657407407407408 0.009375 0.018518518518518517
1 0.23671875 0.5680555555555555 0.008854166666666666 0.015740740740740743
1 0.2265625 0.5680555555555555 0.009375 0.015740740740740743
1 0.21197916666666666 0.5717592592592593 0.009375 0.015740740740740743
1 0.20234375 0.5703703703703704 0.008854166666666666 0.016666666666666666
1 0.13567708333333334 0.5712962962962963 0.008854166666666666 0.016666666666666666
1 0.12083333333333333 0.5782407407407407 0.008333333333333333 0.01388888888888889
1 0.11015625 0.5777777777777778 0.008854166666666666 0.016666666666666666
0 0.10833333333333334 0.6175925925925926 0.042708333333333334 0.10555555555555556
0 0.13229166666666667 0.6194444444444445 0.052083333333333336 0.11481481481481481
0 0.20104166666666667 0.6203703703703703 0.057291666666666664 0.11851851851851852
0 0.2598958333333333 0.6171296296296297 0.0625 0.1287037037037037
0 0.35963541666666665 0.6106481481481482 0.033854166666666664 0.13055555555555556
0 0.38515625 0.6087962962962963 0.06197916666666667 0.1287037037037037
0 0.33489583333333334 0.6189814814814815 0.06354166666666666 0.13611111111111113
0 0.5020833333333333 0.6078703703703704 0.04479166666666667 0.1287037037037037
0 0.45859374999999997 0.6134259259259259 0.07552083333333333 0.14351851851851852
0 0.5752604166666666 0.600462962962963 0.07552083333333333 0.1527777777777778
0 0.6028645833333334 0.6097222222222223 0.0796875 0.17685185185185187
0 0.6893229166666667 0.600925925925926 0.07760416666666667 0.1388888888888889
0 0.5739583333333333 0.6185185185185186 0.09895833333333333 0.1814814814814815
