2 0.9666666666666667 0.5217592592592593 0.021875 0.03981481481481482
1 0.7479166666666667 0.6939814814814815 0.042708333333333334 0.07314814814814816
1 0.7419270833333333 0.612037037037037 0.0265625 0.05555555555555556
1 0.6880208333333333 0.5847222222222223 0.02395833333333333 0.049074074074074076
2 0.70625 0.6296296296296297 0.019791666666666666 0.044444444444444446
1 0.6119791666666666 0.5416666666666667 0.0125 0.024074074074074074
2 0.25026041666666665 0.5958333333333333 0.011979166666666666 0.026851851851851852
2 0.24010416666666667 0.5944444444444444 0.015625 0.031481481481481485
1 0.14947916666666666 0.7291666666666667 0.034375 0.0712962962962963
1 0.08411458333333333 0.7296296296296296 0.0328125 0.06666666666666667
2 0.022916666666666665 0.6180555555555556 0.013541666666666667 0.025
2 0.030729166666666665 0.650462962962963 0.013541666666666667 0.025
0 0.6088541666666667 0.6055555555555556 0.078125 0.1537037037037037
0 0.9651041666666667 0.5953703703703704 0.06979166666666667 0.17222222222222222
0 0.7708333333333334 0.7268518518518519 0.221875 0.34814814814814815
0 0.8005208333333333 0.8226851851851852 0.3052083333333333 0.35462962962962963
0 0.25703125 0.6763888888888889 0.11510416666666666 0.20462962962962963
0 0.16171875 0.8425925925925927 0.21614583333333334 0.3148148148148148
0 0.04088541666666667 0.7027777777777778 0.08177083333333333 0.20740740740740743
