2 0.7822916666666666 0.5800925925925926 0.02395833333333333 0.049074074074074076
2 0.8018229166666666 0.6263888888888889 0.018229166666666668 0.04351851851851852
2 0.7330729166666666 0.5916666666666667 0.019270833333333334 0.04259259259259259
1 0.7166666666666667 0.6564814814814816 0.034375 0.07962962962962963
1 0.6221354166666666 0.6194444444444445 0.0296875 0.06296296296296297
2 0.5864583333333333 0.6273148148148149 0.02395833333333333 0.05092592592592593
2 0.7557291666666667 0.5990740740740741 0.016666666666666666 0.03333333333333333
2 0.7606770833333333 0.5375 0.01614583333333333 0.030555555555555558
2 0.73828125 0.5416666666666667 0.0140625 0.02962962962962963
2 0.3703125 0.5986111111111111 0.01875 0.032407407407407406
2 0.35651041666666666 0.5986111111111111 0.0140625 0.028703703703703703
2 0.31953125 0.5652777777777778 0.013020833333333334 0.02314814814814815
1 0.12265625 0.5745370370370371 0.0109375 0.017592592592592594
0 0.12421875 0.6222222222222222 0.050520833333333334 0.12037037037037038
0 0.31223958333333335 0.6148148148148148 0.06302083333333333 0.12592592592592594
0 0.7296875 0.6231481481481481 0.121875 0.20370370370370372
0 0.8075520833333333 0.7060185185185186 0.18697916666666667 0.3027777777777778
0 0.6325520833333333 0.7657407407407407 0.1734375 0.3592592592592593
0 0.7614583333333333 0.8060185185185186 0.2947916666666667 0.38796296296296295
0 0.3833333333333333 0.6921296296296297 0.1375 0.23240740740740742
