1 0.8807291666666667 0.7134259259259259 0.058333333333333334 0.09722222222222222
2 0.7010416666666667 0.5481481481481482 0.01875 0.03333333333333333
2 0.4825520833333333 0.663425925925926 0.030729166666666665 0.05092592592592593
2 0.44036458333333334 0.6824074074074075 0.024479166666666666 0.05
2 0.4080729166666667 0.6907407407407408 0.0328125 0.05925925925925926
2 0.5205729166666666 0.5449074074074074 0.013020833333333334 0.02314814814814815
2 0.50546875 0.562962962962963 0.0140625 0.02592592592592593
2 0.490625 0.5546296296296297 0.0125 0.02592592592592593
1 0.2109375 0.6662037037037037 0.020833333333333332 0.04537037037037037
2 0.25 0.5708333333333333 0.009375 0.017592592592592594
2 0.26979166666666665 0.5662037037037038 0.010416666666666666 0.019444444444444445
2 0.2591145833333333 0.575462962962963 0.009895833333333333 0.021296296296296296
0 0.24739583333333334 0.6337962962962963 0.07604166666666666 0.15833333333333333
0 0.4895833333333333 0.6231481481481481 0.09895833333333333 0.1962962962962963
0 0.7010416666666667 0.6375000000000001 0.13645833333333332 0.22314814814814815
0 0.8825520833333333 0.8282407407407407 0.23489583333333333 0.34351851851851856
0 0.5169270833333334 0.8092592592592593 0.26197916666666665 0.3814814814814815
0 0.22447916666666667 0.8060185185185186 0.18541666666666667 0.33796296296296297
