1 0.9401041666666666 0.7685185185185186 0.0625 0.09814814814814815
2 0.8572916666666667 0.8050925925925926 0.05520833333333333 0.08796296296296297
1 0.8231770833333333 0.6981481481481482 0.0546875 0.10185185185185186
1 0.9166666666666666 0.6430555555555556 0.03854166666666667 0.0638888888888889
1 0.9864583333333333 0.5236111111111111 0.016666666666666666 0.032407407407407406
2 0.6036458333333333 0.6935185185185185 0.025 0.03888888888888889
1 0.5786458333333333 0.6287037037037038 0.027083333333333334 0.053703703703703705
1 0.546875 0.625925925925926 0.028125 0.05
1 0.4028645833333333 0.6578703703703704 0.0328125 0.062037037037037036
1 0.36354166666666665 0.6680555555555556 0.034375 0.06018518518518519
2 0.30052083333333335 0.6152777777777778 0.022916666666666665 0.036111111111111115
2 0.26276041666666666 0.600925925925926 0.019270833333333334 0.03333333333333333
2 0.17369791666666667 0.5768518518518518 0.0140625 0.02592592592592593
1 0.13515625 0.5689814814814815 0.011979166666666666 0.019444444444444445
1 0.11432291666666666 0.5777777777777778 0.0109375 0.020370370370370372
0 0.11848958333333333 0.6342592592592593 0.07447916666666667 0.15925925925925927
0 0.17473958333333334 0.6481481481481481 0.08177083333333333 0.17222222222222222
0 0.8283854166666667 0.826388888888889 0.24635416666666665 0.3472222222222222
0 0.61484375 0.7796296296296297 0.22239583333333332 0.37222222222222223
0 0.4458333333333333 0.8101851851851852 0.21875 0.37962962962962965
0 0.30807291666666664 0.7115740740740741 0.1578125 0.2601851851851852
