1 0.7552083333333334 0.4912037037037037 0.042708333333333334 0.075
1 0.8044270833333333 0.4912037037037037 0.033854166666666664 0.0638888888888889
1 0.6059895833333333 0.45787037037037037 0.028645833333333332 0.062037037037037036
1 0.56953125 0.44537037037037036 0.033854166666666664 0.061111111111111116
1 0.28984375 0.4930555555555556 0.033854166666666664 0.06018518518518519
1 0.29661458333333335 0.37962962962962965 0.0109375 0.020370370370370372
1 0.25859375 0.38472222222222224 0.009895833333333333 0.019444444444444445
1 0.23984375 0.4277777777777778 0.027604166666666666 0.0462962962962963
1 0.06692708333333333 0.4444444444444445 0.025520833333333333 0.04814814814814815
1 0.040364583333333336 0.4601851851851852 0.027604166666666666 0.037037037037037035
2 0.0671875 0.5393518518518519 0.028125 0.05648148148148149
2 0.030989583333333334 0.5268518518518519 0.027604166666666666 0.053703703703703705
0 0.2973958333333333 0.42638888888888893 0.04583333333333333 0.1175925925925926
0 0.25546875 0.4314814814814815 0.059895833333333336 0.12037037037037038
0 0.62734375 0.5976851851851852 0.21302083333333333 0.375
0 0.8291666666666666 0.6833333333333333 0.290625 0.4703703703703704
0 0.22864583333333333 0.537962962962963 0.08541666666666667 0.2611111111111111
0 0.07916666666666666 0.5620370370370371 0.1375 0.28703703703703703
0 0.3145833333333333 0.6722222222222223 0.20625 0.4314814814814815
0 0.08958333333333333 0.7310185185185185 0.17916666666666667 0.4898148148148148
