1 0.58046875 0.3819444444444445 0.015104166666666667 0.03981481481481482
1 0.36614583333333334 0.4449074074074074 0.030208333333333334 0.06018518518518519
1 0.32734375 0.4550925925925926 0.028645833333333332 0.049074074074074076
1 0.04114583333333333 0.4847222222222222 0.029166666666666667 0.06018518518518519
1 0.05130208333333333 0.41620370370370374 0.024479166666666666 0.049074074074074076
1 0.026302083333333334 0.4078703703703704 0.0265625 0.04537037037037037
0 0.034375 0.42083333333333334 0.051041666666666666 0.11018518518518519
0 0.571875 0.4847222222222222 0.1 0.24537037037037038
0 0.38697916666666665 0.6064814814814815 0.184375 0.3740740740740741
0 0.058854166666666666 0.5046296296296297 0.11770833333333333 0.23148148148148148
0 0.06744791666666666 0.6166666666666667 0.13489583333333333 0.33333333333333337
