1 0.9080729166666667 0.5365740740740741 0.018229166666666668 0.03425925925925926
1 0.93125 0.5351851851851852 0.017708333333333333 0.024074074074074074
1 0.6143229166666666 0.6708333333333334 0.0390625 0.062037037037037036
1 0.5692708333333333 0.6666666666666667 0.0375 0.06481481481481481
1 0.42473958333333334 0.6319444444444444 0.019270833333333334 0.04166666666666667
1 0.11562499999999999 0.6569444444444444 0.022916666666666665 0.03796296296296296
1 0.08932291666666667 0.6490740740740741 0.0234375 0.040740740740740744
1 0.08984375 0.587037037037037 0.0140625 0.02592592592592593
1 0.07317708333333334 0.5851851851851853 0.013020833333333334 0.02592592592592593
0 0.07421875 0.6472222222222223 0.07135416666666666 0.1537037037037037
0 0.8994791666666666 0.6046296296296296 0.11354166666666667 0.17962962962962964
0 0.66015625 0.8166666666666667 0.2557291666666667 0.3666666666666667
0 0.45260416666666664 0.7657407407407407 0.17916666666666667 0.31666666666666665
0 0.13645833333333332 0.7824074074074074 0.16145833333333334 0.32407407407407407
