1 0.5354166666666667 0.7092592592592593 0.04479166666666667 0.07777777777777778
1 0.66171875 0.6393518518518518 0.034895833333333334 0.06944444444444445
1 0.16927083333333334 0.6527777777777778 0.019791666666666666 0.044444444444444446
1 0.10572916666666667 0.5837962962962964 0.017708333333333333 0.032407407407407406
1 0.032552083333333336 0.576388888888889 0.0078125 0.015740740740740743
1 0.0109375 0.5787037037037037 0.00625 0.012962962962962964
0 0.70078125 0.8050925925925926 0.23802083333333332 0.38981481481481484
0 0.5674479166666666 0.8296296296296297 0.2505208333333333 0.34074074074074073
0 0.18984375 0.7814814814814816 0.15364583333333334 0.312962962962963
0 0.11848958333333333 0.662962962962963 0.09427083333333333 0.19444444444444445
