2 0.7723958333333333 0.5949074074074074 0.026041666666666668 0.05648148148148149
2 0.8354166666666667 0.6064814814814815 0.026041666666666668 0.05740740740740741
2 0.6450520833333333 0.5439814814814815 0.011979166666666666 0.019444444444444445
2 0.6385416666666667 0.5509259259259259 0.011458333333333333 0.022222222222222223
1 0.4361979166666667 0.5907407407407408 0.0171875 0.03888888888888889
2 0.4127604166666667 0.5601851851851852 0.0109375 0.022222222222222223
2 0.40182291666666664 0.5648148148148149 0.008854166666666666 0.018518518518518517
2 0.19635416666666666 0.6430555555555556 0.020833333333333332 0.04166666666666667
2 0.22057291666666667 0.7018518518518518 0.018229166666666668 0.03888888888888889
2 0.17161458333333332 0.6532407407407408 0.0203125 0.04166666666666667
1 0.11901041666666666 0.6976851851851852 0.0296875 0.04722222222222222
2 0.09817708333333333 0.6898148148148149 0.024479166666666666 0.0462962962962963
2 0.06796875 0.6375000000000001 0.0203125 0.03981481481481482
2 0.03958333333333333 0.6425925925925926 0.017708333333333333 0.03333333333333333
2 0.0375 0.6125 0.020833333333333332 0.03981481481481482
0 0.40182291666666664 0.6138888888888889 0.0671875 0.12407407407407407
0 0.4458333333333333 0.6101851851851852 0.052083333333333336 0.12592592592592594
0 0.6361979166666667 0.6060185185185185 0.0859375 0.14907407407407408
0 0.8513020833333333 0.7421296296296297 0.22760416666666666 0.36203703703703705
0 0.4544270833333333 0.6976851851851852 0.14010416666666667 0.2657407407407408
0 0.22708333333333333 0.7875 0.15833333333333333 0.3287037037037037
0 0.14973958333333334 0.8291666666666667 0.1921875 0.3416666666666667
0 0.04244791666666667 0.7324074074074074 0.08489583333333334 0.28703703703703703
