1 0.5942708333333333 0.6152777777777778 0.036458333333333336 0.0638888888888889
1 0.6052083333333333 0.4912037037037037 0.011458333333333333 0.025
1 0.4466145833333333 0.48935185185185187 0.0109375 0.019444444444444445
1 0.4395833333333333 0.5796296296296296 0.02395833333333333 0.05185185185185186
1 0.40182291666666664 0.562962962962963 0.027604166666666666 0.0462962962962963
1 0.20052083333333334 0.5662037037037038 0.025 0.04166666666666667
0 0.06510416666666667 0.5398148148148149 0.04583333333333333 0.11296296296296297
0 0.44453125 0.5430555555555556 0.06510416666666667 0.13425925925925927
0 0.5981770833333333 0.549074074074074 0.08072916666666667 0.14814814814814814
0 0.4627604166666667 0.7180555555555556 0.18802083333333333 0.3768518518518519
0 0.65234375 0.788888888888889 0.2661458333333333 0.4222222222222222
0 0.22135416666666666 0.687962962962963 0.14479166666666665 0.2962962962962963
