1 0.3450520833333333 0.6032407407407407 0.028645833333333332 0.05648148148148149
1 0.3919270833333333 0.6101851851851852 0.033854166666666664 0.05555555555555556
1 0.4903645833333333 0.49074074074074076 0.013020833333333334 0.022222222222222223
1 0.03854166666666667 0.5768518518518518 0.025 0.05
1 0.00859375 0.5407407407407407 0.01614583333333333 0.03888888888888889
1 0.05755208333333333 0.49722222222222223 0.015104166666666667 0.024074074074074074
1 0.022916666666666665 0.4949074074074074 0.009375 0.017592592592592594
0 0.4752604166666667 0.5472222222222223 0.05572916666666666 0.1388888888888889
0 0.6924479166666666 0.5532407407407408 0.07447916666666667 0.1675925925925926
0 0.051041666666666666 0.5564814814814815 0.06354166666666666 0.14444444444444446
0 0.4158854166666667 0.7712962962962964 0.2140625 0.40740740740740744
0 0.059895833333333336 0.6990740740740741 0.11979166666666667 0.3111111111111111
