1 0.5309895833333333 0.688425925925926 0.04635416666666667 0.0787037037037037
1 0.5049479166666666 0.674537037037037 0.03177083333333333 0.05462962962962963
1 0.9838541666666667 0.6273148148148149 0.03125 0.062037037037037036
1 0.46328125 0.49212962962962964 0.013020833333333334 0.02314814814814815
1 0.44947916666666665 0.4916666666666667 0.013541666666666667 0.024074074074074074
1 0.16067708333333333 0.4902777777777778 0.013020833333333334 0.02314814814814815
1 0.0546875 0.4939814814814815 0.010416666666666666 0.017592592592592594
0 0.053125 0.5388888888888889 0.046875 0.11296296296296297
0 0.1546875 0.5412037037037037 0.04791666666666666 0.125
0 0.43906249999999997 0.549074074074074 0.07604166666666666 0.1425925925925926
0 0.9333333333333333 0.7930555555555556 0.13333333333333333 0.4138888888888889
0 0.5604166666666667 0.8203703703703704 0.28229166666666666 0.3592592592592593
