2 0.684375 0.5638888888888889 0.019791666666666666 0.04259259259259259
2 0.6614583333333334 0.5717592592592593 0.019791666666666666 0.032407407407407406
2 0.6333333333333333 0.5736111111111112 0.016666666666666666 0.032407407407407406
1 0.5908854166666666 0.5476851851851852 0.0140625 0.025
1 0.57578125 0.5467592592592593 0.0140625 0.026851851851851852
1 0.28854166666666664 0.5842592592592593 0.015625 0.02777777777777778
1 0.265625 0.5740740740740741 0.017708333333333333 0.02777777777777778
1 0.19010416666666666 0.6560185185185186 0.03229166666666666 0.05462962962962963
1 0.06197916666666667 0.6365740740740741 0.01875 0.032407407407407406
1 0.043229166666666666 0.6175925925925926 0.017708333333333333 0.03888888888888889
0 0.5713541666666666 0.6074074074074074 0.08541666666666667 0.15185185185185185
0 0.26197916666666665 0.65 0.09375 0.17962962962962964
0 0.7020833333333333 0.6777777777777778 0.175 0.2740740740740741
0 0.21901041666666665 0.8083333333333333 0.1734375 0.3703703703703704
0 0.07708333333333334 0.7356481481481482 0.11145833333333333 0.27685185185185185
