2 0.9708333333333333 0.7458333333333333 0.05416666666666667 0.09537037037037037
2 0.9833333333333333 0.5333333333333333 0.013541666666666667 0.02592592592592593
2 0.7111979166666667 0.6435185185185185 0.0234375 0.053703703703703705
2 0.6791666666666667 0.637962962962963 0.03125 0.05925925925925926
2 0.29973958333333334 0.6675925925925926 0.024479166666666666 0.0462962962962963
2 0.2713541666666667 0.6643518518518519 0.026041666666666668 0.049074074074074076
1 0.23541666666666666 0.5699074074074074 0.011458333333333333 0.019444444444444445
1 0.22447916666666667 0.5680555555555555 0.011458333333333333 0.019444444444444445
1 0.029947916666666668 0.6402777777777778 0.024479166666666666 0.04351851851851852
0 0.22213541666666667 0.6199074074074075 0.059895833333333336 0.125
0 0.95546875 0.5995370370370371 0.0890625 0.17685185185185187
0 0.76796875 0.8023148148148148 0.29010416666666666 0.39537037037037037
0 0.32838541666666665 0.8171296296296297 0.19947916666666665 0.36574074074074076
0 0.0515625 0.7523148148148149 0.103125 0.2712962962962963
