1 0.8059895833333334 0.525 0.034895833333333334 0.06481481481481481
1 0.71796875 0.45925925925925926 0.013020833333333334 0.02777777777777778
1 0.41510416666666666 0.4810185185185185 0.019791666666666666 0.032407407407407406
1 0.33697916666666666 0.4865740740740741 0.015625 0.02314814814814815
1 0.31979166666666664 0.48564814814814816 0.015625 0.026851851851851852
1 0.16692708333333334 0.6152777777777778 0.027604166666666666 0.05648148148148149
1 0.09505208333333333 0.5712962962962963 0.022395833333333334 0.044444444444444446
1 0.121875 0.5361111111111111 0.020833333333333332 0.03333333333333333
1 0.13307291666666665 0.5143518518518518 0.019270833333333334 0.03425925925925926
1 0.11484375 0.5185185185185185 0.0171875 0.02962962962962963
0 0.7151041666666667 0.5217592592592593 0.09791666666666667 0.15833333333333333
0 0.315625 0.5601851851851852 0.090625 0.1814814814814815
0 0.41484375 0.5611111111111111 0.10572916666666667 0.20370370370370372
0 0.7986979166666667 0.5842592592592593 0.15677083333333333 0.18333333333333335
0 0.12890625 0.5393518518518519 0.06197916666666667 0.08611111111111111
0 0.09348958333333333 0.6847222222222222 0.09010416666666667 0.2712962962962963
0 0.19010416666666666 0.7606481481481482 0.16458333333333333 0.35833333333333334
