1 0.023697916666666666 0.6916666666666667 0.03177083333333333 0.05740740740740741
1 0.07083333333333333 0.6888888888888889 0.035416666666666666 0.06296296296296297
2 0.15130208333333334 0.6476851851851853 0.024479166666666666 0.04537037037037037
2 0.18645833333333334 0.6546296296296297 0.02395833333333333 0.040740740740740744
2 0.21171874999999998 0.6560185185185186 0.021354166666666667 0.05277777777777778
1 0.20625 0.563425925925926 0.008333333333333333 0.017592592592592594
1 0.21614583333333334 0.5569444444444445 0.010416666666666666 0.015740740740740743
2 0.5 0.6712962962962963 0.027083333333333334 0.05740740740740741
2 0.54609375 0.6587962962962963 0.03177083333333333 0.058333333333333334
1 0.5765625 0.712037037037037 0.03854166666666667 0.07777777777777778
2 0.8997395833333334 0.6439814814814815 0.024479166666666666 0.04351851851851852
2 0.9455729166666667 0.6449074074074075 0.030729166666666665 0.05092592592592593
2 0.9856770833333334 0.6546296296296297 0.0265625 0.06481481481481481
0 0.20364583333333333 0.6069444444444445 0.05625 0.1175925925925926
0 0.9348958333333334 0.8027777777777778 0.13020833333333334 0.3944444444444445
0 0.5794270833333334 0.8106481481481482 0.2296875 0.3787037037037037
0 0.60859375 0.8356481481481481 0.25364583333333335 0.3287037037037037
0 0.22552083333333334 0.7851851851851852 0.18125 0.32592592592592595
0 0.08984375 0.8231481481481482 0.17760416666666667 0.35370370370370374
