1 0.94296875 0.7111111111111111 0.0515625 0.08333333333333334
1 0.7213541666666666 0.5430555555555556 0.010416666666666666 0.019444444444444445
1 0.72265625 0.5555555555555556 0.011979166666666666 0.020370370370370372
1 0.5328125 0.6810185185185186 0.03333333333333333 0.062037037037037036
1 0.11380208333333333 0.6425925925925926 0.022395833333333334 0.0462962962962963
1 0.06302083333333333 0.6796296296296297 0.028125 0.05185185185185186
0 0.19375 0.5606481481481481 0.014583333333333334 0.019444444444444445
0 0.71328125 0.6060185185185185 0.08177083333333333 0.14722222222222223
0 0.9020833333333333 0.8310185185185186 0.19583333333333333 0.33796296296296297
0 0.5619791666666667 0.8250000000000001 0.22291666666666665 0.35000000000000003
0 0.13932291666666666 0.7615740740740741 0.09947916666666666 0.2916666666666667
0 0.07864583333333333 0.8074074074074075 0.13958333333333334 0.31666666666666665
