1 0.20963541666666666 0.5421296296296296 0.030729166666666665 0.05277777777777778
1 0.24114583333333334 0.5810185185185185 0.021875 0.04166666666666667
1 0.5143229166666666 0.6226851851851852 0.043229166666666666 0.08981481481481482
1 0.5864583333333333 0.638888888888889 0.04375 0.07407407407407407
1 0.5817708333333333 0.5537037037037037 0.030208333333333334 0.05
1 0.63046875 0.5523148148148148 0.03177083333333333 0.05648148148148149
2 0.6578125 0.5125000000000001 0.030208333333333334 0.049074074074074076
1 0.6958333333333333 0.5236111111111111 0.025 0.05092592592592593
0 0.7372395833333333 0.6513888888888889 0.19010416666666666 0.33611111111111114
0 0.66640625 0.7046296296296296 0.21302083333333333 0.3611111111111111
0 0.6203125 0.7898148148148149 0.29791666666666666 0.4203703703703704
0 0.22708333333333333 0.6592592592592593 0.14166666666666666 0.2851851851851852
0 0.26484375 0.7134259259259259 0.16510416666666666 0.30648148148148147
