1 0.20078125 0.5671296296296297 0.030729166666666665 0.05277777777777778
1 0.030989583333333334 0.5652777777777778 0.024479166666666666 0.03981481481481482
1 0.09296875 0.5018518518518519 0.013020833333333334 0.016666666666666666
1 0.18385416666666665 0.4962962962962963 0.014583333333333334 0.018518518518518517
1 0.17447916666666666 0.5888888888888889 0.026041666666666668 0.05
0 0.09114583333333333 0.5439814814814815 0.05 0.10648148148148148
0 0.27682291666666664 0.5370370370370371 0.059895833333333336 0.12037037037037038
0 0.6927083333333334 0.5268518518518519 0.09375 0.15555555555555556
0 0.22578125 0.7069444444444445 0.16822916666666665 0.32685185185185184
0 0.0515625 0.6726851851851852 0.103125 0.2638888888888889
0 0.18489583333333334 0.563425925925926 0.08125 0.17314814814814816
0 0.62265625 0.5560185185185186 0.1140625 0.2101851851851852
