1 0.11510416666666666 0.5912037037037037 0.019791666666666666 0.036111111111111115
1 0.09765625 0.5731481481481482 0.0067708333333333336 0.016666666666666666
1 0.26015625 0.563425925925926 0.0109375 0.021296296296296296
1 0.2703125 0.5680555555555555 0.009375 0.019444444444444445
1 0.23124999999999998 0.6055555555555556 0.022916666666666665 0.037037037037037035
2 0.28098958333333335 0.637962962962963 0.0203125 0.037037037037037035
2 0.3091145833333333 0.638888888888889 0.021354166666666667 0.044444444444444446
1 0.3872395833333333 0.5569444444444445 0.013020833333333334 0.021296296296296296
1 0.51640625 0.6013888888888889 0.022395833333333334 0.04351851851851852
1 0.5434895833333333 0.6092592592592593 0.0234375 0.04814814814814815
1 0.571875 0.6129629629629629 0.026041666666666668 0.053703703703703705
1 0.609375 0.6560185185185186 0.0375 0.06018518518518519
2 0.5666666666666667 0.7083333333333334 0.021875 0.03518518518518519
2 0.6515625 0.7319444444444445 0.026041666666666668 0.04722222222222222
2 0.5114583333333333 0.5527777777777778 0.010416666666666666 0.022222222222222223
0 0.25885416666666666 0.6162037037037037 0.06145833333333333 0.13055555555555556
0 0.3828125 0.6129629629629629 0.06979166666666667 0.13148148148148148
0 0.51015625 0.6157407407407408 0.0796875 0.14814814814814814
0 0.5434895833333333 0.7217592592592593 0.09114583333333333 0.2916666666666667
0 0.64375 0.8069444444444445 0.25625 0.3861111111111111
0 0.3364583333333333 0.7703703703703704 0.175 0.3148148148148148
0 0.2296875 0.700462962962963 0.08229166666666667 0.22870370370370371
0 0.1296875 0.6768518518518519 0.09375 0.21666666666666667
