1 0.0109375 0.587037037037037 0.019791666666666666 0.053703703703703705
1 0.14817708333333332 0.48888888888888893 0.009895833333333333 0.018518518518518517
1 0.16067708333333333 0.625925925925926 0.030729166666666665 0.061111111111111116
1 0.2817708333333333 0.5486111111111112 0.020833333333333332 0.04351851851851852
1 0.26666666666666666 0.5365740740740741 0.022916666666666665 0.03981481481481482
1 0.36484375 0.5782407407407407 0.030729166666666665 0.049074074074074076
1 0.53984375 0.48842592592592593 0.0140625 0.025
1 0.8184895833333333 0.6310185185185185 0.0390625 0.0712962962962963
0 0.14557291666666666 0.5328703703703704 0.044270833333333336 0.10648148148148148
0 0.5359375 0.5421296296296296 0.07083333333333333 0.13425925925925927
0 0.85 0.7921296296296296 0.3 0.41574074074074074
0 0.284375 0.6620370370370371 0.103125 0.29074074074074074
0 0.39296875 0.7277777777777779 0.19114583333333332 0.362962962962963
0 0.190625 0.7930555555555556 0.19375 0.41203703703703703
0 0.047135416666666666 0.725 0.09427083333333333 0.3351851851851852
