1 0.5317708333333333 0.55 0.013541666666666667 0.024074074074074074
1 0.5140625 0.5541666666666667 0.013541666666666667 0.021296296296296296
1 0.50078125 0.5518518518518519 0.0109375 0.018518518518518517
1 0.40130208333333334 0.5541666666666667 0.013020833333333334 0.02314814814814815
1 0.38515625 0.5611111111111111 0.011979166666666666 0.018518518518518517
1 0.16432291666666665 0.5703703703703704 0.009895833333333333 0.018518518518518517
1 0.178125 0.5731481481481482 0.011458333333333333 0.022222222222222223
0 0.20651041666666667 0.6217592592592592 0.07760416666666667 0.11574074074074074
0 0.16197916666666667 0.6240740740740741 0.06458333333333333 0.12962962962962962
0 0.38255208333333335 0.6171296296296297 0.07864583333333333 0.1527777777777778
0 0.5111979166666667 0.6194444444444445 0.08385416666666666 0.16481481481481483
0 0.4984375 0.6101851851851852 0.08229166666666667 0.15555555555555556
