1 0.5609375 0.5810185185185185 0.020833333333333332 0.03981481481481482
2 0.5205729166666666 0.5810185185185185 0.022395833333333334 0.036111111111111115
2 0.5421875 0.6032407407407407 0.014583333333333334 0.03425925925925926
1 0.62109375 0.5449074074074074 0.015104166666666667 0.02314814814814815
1 0.6341145833333334 0.5476851851851852 0.0140625 0.028703703703703703
1 0.017447916666666667 0.5842592592592593 0.013020833333333334 0.018518518518518517
1 0.030989583333333334 0.5800925925925926 0.015104166666666667 0.02314814814814815
1 0.05364583333333333 0.5800925925925926 0.013541666666666667 0.025
0 0.04479166666666667 0.6305555555555555 0.065625 0.13148148148148148
0 0.6184895833333334 0.6101851851851852 0.0859375 0.15
0 0.56484375 0.6773148148148148 0.1671875 0.24166666666666667
