2 0.85 0.6027777777777777 0.026041666666666668 0.061111111111111116
2 0.8140625 0.5944444444444444 0.030208333333333334 0.061111111111111116
2 0.9421875 0.5273148148148148 0.011458333333333333 0.028703703703703703
2 0.9643229166666667 0.5217592592592593 0.015104166666666667 0.028703703703703703
2 0.953125 0.5273148148148148 0.0125 0.025
2 0.3169270833333333 0.5740740740740741 0.008854166666666666 0.016666666666666666
1 0.30494791666666665 0.5666666666666667 0.009895833333333333 0.016666666666666666
1 0.23046875 0.6828703703703703 0.034895833333333334 0.058333333333333334
1 0.18828125 0.7055555555555556 0.030729166666666665 0.05740740740740741
2 0.05260416666666667 0.5953703703703704 0.014583333333333334 0.02777777777777778
2 0.037760416666666664 0.6 0.011979166666666666 0.02592592592592593
1 0.019010416666666665 0.5685185185185185 0.0067708333333333336 0.012962962962962964
0 0.30182291666666666 0.6189814814814815 0.06614583333333333 0.12314814814814816
0 0.9401041666666666 0.5888888888888889 0.10729166666666666 0.15925925925925927
0 0.8846354166666667 0.7486111111111111 0.23072916666666665 0.3675925925925926
0 0.2669270833333333 0.8203703703703704 0.21197916666666666 0.3592592592592593
0 0.06276041666666667 0.6685185185185185 0.08385416666666666 0.1814814814814815
