1 0.04505208333333333 0.6990740740740741 0.030729166666666665 0.05555555555555556
1 0.18854166666666666 0.6435185185185185 0.028125 0.0462962962962963
2 0.3854166666666667 0.7347222222222223 0.041666666666666664 0.07314814814814816
2 0.45 0.7393518518518519 0.03333333333333333 0.06944444444444445
1 0.8526041666666666 0.674074074074074 0.0375 0.07777777777777778
1 0.8190104166666666 0.6736111111111112 0.0453125 0.08240740740740742
2 0.8653645833333333 0.5842592592592593 0.028645833333333332 0.04814814814814815
2 0.9119791666666667 0.6055555555555556 0.029166666666666667 0.05555555555555556
2 0.15208333333333332 0.5800925925925926 0.014583333333333334 0.025
2 0.1015625 0.5787037037037037 0.009375 0.018518518518518517
2 0.09661458333333334 0.5824074074074075 0.008854166666666666 0.020370370370370372
0 0.9190104166666666 0.7273148148148149 0.16197916666666667 0.33425925925925926
0 0.8697916666666666 0.8148148148148149 0.2604166666666667 0.3703703703703704
0 0.45677083333333335 0.8421296296296297 0.27291666666666664 0.31574074074074077
0 0.20286458333333332 0.75 0.1421875 0.2833333333333333
0 0.07552083333333333 0.8319444444444445 0.15104166666666666 0.33611111111111114
0 0.14453125 0.6416666666666667 0.06510416666666667 0.15
