2 0.7401041666666667 0.43472222222222223 0.028125 0.04537037037037037
1 0.45468749999999997 0.38287037037037036 0.011458333333333333 0.021296296296296296
1 0.42265625 0.38981481481481484 0.011979166666666666 0.018518518518518517
1 0.19609375 0.37777777777777777 0.01614583333333333 0.022222222222222223
1 0.16197916666666667 0.37824074074074077 0.010416666666666666 0.015740740740740743
1 0.17916666666666667 0.3787037037037037 0.0125 0.014814814814814815
1 0.08151041666666667 0.3763888888888889 0.008854166666666666 0.017592592592592594
1 0.63984375 0.3842592592592593 0.011979166666666666 0.018518518518518517
1 0.16927083333333334 0.3800925925925926 0.007291666666666667 0.01388888888888889
0 0.08567708333333333 0.425 0.043229166666666666 0.12037037037037038
0 0.15833333333333333 0.425462962962963 0.059375 0.11388888888888889
0 0.19088541666666667 0.4277777777777778 0.0609375 0.12592592592592594
0 0.41822916666666665 0.4449074074074074 0.06770833333333333 0.13796296296296298
0 0.7776041666666667 0.5750000000000001 0.21666666666666667 0.337037037037037
