1 0.6372395833333333 0.3925925925925926 0.0140625 0.022222222222222223
1 0.42682291666666666 0.3893518518518519 0.011979166666666666 0.021296296296296296
1 0.4080729166666667 0.38333333333333336 0.011979166666666666 0.024074074074074074
1 0.396875 0.38657407407407407 0.0125 0.021296296296296296
1 0.3684895833333333 0.38101851851851853 0.013020833333333334 0.021296296296296296
1 0.2716145833333333 0.4222222222222222 0.022395833333333334 0.03888888888888889
2 0.27734375 0.3712962962962963 0.0078125 0.022222222222222223
1 0.21276041666666667 0.3773148148148148 0.0140625 0.021296296296296296
1 0.16432291666666665 0.3819444444444445 0.009895833333333333 0.017592592592592594
1 0.01171875 0.3726851851851852 0.008854166666666666 0.01388888888888889
1 0.028645833333333332 0.3685185185185185 0.0125 0.022222222222222223
0 0.21614583333333334 0.4287037037037037 0.05416666666666667 0.12222222222222223
0 0.36432291666666666 0.4388888888888889 0.07135416666666666 0.1425925925925926
0 0.4080729166666667 0.43842592592592594 0.05677083333333333 0.1398148148148148
0 0.6484375 0.4481481481481482 0.04791666666666666 0.14074074074074075
0 0.2830729166666667 0.5356481481481482 0.13385416666666666 0.28055555555555556
