2 0.8416666666666667 0.6703703703703704 0.035416666666666666 0.07407407407407407
2 0.8768229166666667 0.6861111111111111 0.0390625 0.08703703703703704
1 0.9552083333333333 0.6231481481481481 0.052083333333333336 0.08333333333333334
2 0.63828125 0.6060185185185185 0.027604166666666666 0.049074074074074076
2 0.603125 0.6092592592592593 0.027083333333333334 0.05185185185185186
1 0.6013020833333333 0.5527777777777778 0.021354166666666667 0.044444444444444446
1 0.359375 0.625 0.021875 0.040740740740740744
1 0.3169270833333333 0.625925925925926 0.022395833333333334 0.03888888888888889
1 0.22421875 0.6574074074074074 0.0296875 0.05
1 0.18854166666666666 0.6527777777777778 0.028125 0.053703703703703705
1 0.24166666666666667 0.7199074074074074 0.028125 0.04351851851851852
2 0.15130208333333334 0.5865740740740741 0.015104166666666667 0.025
2 0.12864583333333332 0.5851851851851853 0.0125 0.02592592592592593
0 0.87890625 0.8143518518518519 0.2421875 0.3712962962962963
0 0.6661458333333333 0.7606481481481482 0.21562499999999998 0.36388888888888893
0 0.60625 0.6527777777777778 0.12083333333333333 0.24074074074074076
0 0.3765625 0.7537037037037038 0.18645833333333334 0.3111111111111111
0 0.2557291666666667 0.8055555555555556 0.19166666666666665 0.37592592592592594
0 0.1609375 0.6620370370370371 0.08541666666666667 0.18888888888888888
