1 0.43203125 0.500462962962963 0.019270833333333334 0.032407407407407406
1 0.3971354166666667 0.47314814814814815 0.013020833333333334 0.020370370370370372
1 0.19088541666666667 0.4981481481481482 0.01614583333333333 0.02777777777777778
1 0.17135416666666667 0.4981481481481482 0.0125 0.024074074074074074
1 0.15625 0.4967592592592593 0.011458333333333333 0.021296296296296296
1 0.058333333333333334 0.5050925925925926 0.010416666666666666 0.02314814814814815
1 0.12890625 0.4949074074074074 0.008854166666666666 0.017592592592592594
1 0.20416666666666666 0.4930555555555556 0.010416666666666666 0.019444444444444445
0 0.058333333333333334 0.5717592592592593 0.0625 0.15833333333333333
0 0.14713541666666666 0.563425925925926 0.0640625 0.16018518518518518
0 0.18541666666666667 0.5675925925925926 0.08333333333333333 0.17962962962962964
0 0.12838541666666667 0.49722222222222223 0.0140625 0.024074074074074074
0 0.428125 0.5819444444444445 0.11458333333333333 0.20833333333333334
