1 0.6510416666666666 0.6574074074074074 0.051041666666666666 0.08518518518518518
1 0.578125 0.6662037037037037 0.051041666666666666 0.08240740740740742
1 0.3950520833333333 0.47175925925925927 0.015104166666666667 0.026851851851851852
1 0.19244791666666666 0.4935185185185185 0.0140625 0.031481481481481485
1 0.20598958333333334 0.4912037037037037 0.013020833333333334 0.019444444444444445
1 0.17135416666666667 0.49722222222222223 0.0125 0.020370370370370372
1 0.15651041666666665 0.4986111111111111 0.0140625 0.025
1 0.07161458333333333 0.5180555555555556 0.0140625 0.026851851851851852
1 0.057812499999999996 0.5064814814814815 0.013541666666666667 0.022222222222222223
1 0.12994791666666666 0.49722222222222223 0.011979166666666666 0.018518518518518517
0 0.058333333333333334 0.5717592592592593 0.0625 0.15833333333333333
0 0.14713541666666666 0.563425925925926 0.0640625 0.16018518518518518
0 0.18541666666666667 0.5675925925925926 0.08333333333333333 0.17962962962962964
0 0.12838541666666667 0.4967592592592593 0.0140625 0.025
0 0.07291666666666667 0.5847222222222223 0.07916666666666666 0.1712962962962963
0 0.7041666666666666 0.7990740740740742 0.328125 0.40185185185185185
