1 0.19114583333333332 0.4935185185185185 0.0125 0.02777777777777778
1 0.3966145833333333 0.47175925925925927 0.008854166666666666 0.015740740740740743
1 0.20364583333333333 0.49444444444444446 0.011458333333333333 0.020370370370370372
1 0.17083333333333334 0.5018518518518519 0.014583333333333334 0.024074074074074074
1 0.15651041666666665 0.5 0.0140625 0.02777777777777778
1 0.1296875 0.49583333333333335 0.010416666666666666 0.015740740740740743
1 0.05859375 0.5083333333333333 0.0140625 0.022222222222222223
0 0.058333333333333334 0.5717592592592593 0.0625 0.15833333333333333
0 0.14713541666666666 0.563425925925926 0.0640625 0.16018518518518518
0 0.18541666666666667 0.5675925925925926 0.08333333333333333 0.1814814814814815
0 0.12864583333333332 0.4967592592592593 0.013541666666666667 0.025
