1 0.7143229166666667 0.5430555555555556 0.0140625 0.02314814814814815
1 0.43645833333333334 0.5657407407407408 0.020833333333333332 0.03333333333333333
1 0.33151041666666664 0.5666666666666667 0.015104166666666667 0.02592592592592593
1 0.27890625 0.563425925925926 0.01614583333333333 0.021296296296296296
1 0.23958333333333334 0.5768518518518518 0.015625 0.024074074074074074
1 0.2950520833333333 0.5657407407407408 0.0078125 0.012962962962962964
0 0.26848958333333334 0.6166666666666667 0.050520833333333334 0.12592592592592594
0 0.43515624999999997 0.6467592592592593 0.10052083333333334 0.19351851851851853
0 0.3299479166666667 0.6462962962962964 0.1046875 0.19444444444444445
0 0.2453125 0.6458333333333334 0.07604166666666666 0.17314814814814816
