2 0.9328124999999999 0.5342592592592593 0.016666666666666666 0.02962962962962963
2 0.9151041666666666 0.5606481481481481 0.010416666666666666 0.021296296296296296
1 0.4354166666666667 0.5685185185185185 0.02395833333333333 0.02962962962962963
1 0.37916666666666665 0.5555555555555556 0.0125 0.020370370370370372
1 0.3299479166666667 0.5657407407407408 0.019270833333333334 0.02592592592592593
1 0.24505208333333334 0.5736111111111112 0.0140625 0.025
0 0.37786458333333334 0.6152777777777778 0.07447916666666667 0.13796296296296298
0 0.9294270833333333 0.5958333333333333 0.1015625 0.16203703703703703
0 0.43515624999999997 0.6467592592592593 0.10052083333333334 0.19351851851851853
0 0.33046875 0.6462962962962964 0.1046875 0.19444444444444445
0 0.2453125 0.6449074074074075 0.07604166666666666 0.17500000000000002
