1 0.6854166666666667 0.45555555555555555 0.011458333333333333 0.022222222222222223
1 0.659375 0.4564814814814815 0.010416666666666666 0.020370370370370372
1 0.6684895833333333 0.4569444444444445 0.009895833333333333 0.025
1 0.5799479166666667 0.4652777777777778 0.018229166666666668 0.030555555555555558
1 0.34322916666666664 0.4777777777777778 0.013541666666666667 0.02592592592592593
1 0.32578125 0.4800925925925926 0.013020833333333334 0.02314814814814815
1 0.26510416666666664 0.48194444444444445 0.010416666666666666 0.017592592592592594
1 0.21510416666666665 0.48935185185185187 0.010416666666666666 0.019444444444444445
1 0.19895833333333332 0.4916666666666667 0.011458333333333333 0.020370370370370372
1 0.1734375 0.4939814814814815 0.008333333333333333 0.015740740740740743
1 0.16302083333333334 0.49259259259259264 0.011458333333333333 0.018518518518518517
0 0.1609375 0.5393518518518519 0.051041666666666666 0.11388888888888889
0 0.19817708333333334 0.5398148148148149 0.06197916666666667 0.12407407407407407
0 0.2643229166666667 0.5291666666666667 0.05260416666666667 0.11388888888888889
0 0.321875 0.5310185185185186 0.059375 0.1398148148148148
0 0.64765625 0.524537037037037 0.06510416666666667 0.1564814814814815
0 0.57578125 0.5435185185185185 0.0921875 0.17962962962962964
