1 0.565625 0.6532407407407408 0.04583333333333333 0.08240740740740742
1 0.6463541666666667 0.6527777777777778 0.036458333333333336 0.09444444444444444
1 0.7171875 0.5675925925925926 0.034375 0.07777777777777778
1 0.7747395833333334 0.5722222222222223 0.04010416666666666 0.07777777777777778
1 0.6700520833333333 0.4532407407407408 0.011979166666666666 0.02314814814814815
1 0.6505208333333333 0.46111111111111114 0.0125 0.022222222222222223
1 0.038802083333333334 0.5976851851851852 0.027604166666666666 0.049074074074074076
1 0.018489583333333334 0.5787037037037037 0.028645833333333332 0.0462962962962963
1 0.022135416666666668 0.5037037037037038 0.0109375 0.018518518518518517
1 0.011979166666666666 0.5041666666666667 0.008333333333333333 0.015740740740740743
1 0.061718749999999996 0.49768518518518523 0.011979166666666666 0.021296296296296296
1 0.153125 0.4898148148148148 0.010416666666666666 0.016666666666666666
1 0.14375 0.4962962962962963 0.009375 0.016666666666666666
0 0.15182291666666667 0.5412037037037037 0.0609375 0.125
0 0.64765625 0.5171296296296296 0.08385416666666666 0.15462962962962964
0 0.061718749999999996 0.5458333333333334 0.04635416666666667 0.11574074074074074
0 0.8234374999999999 0.7486111111111111 0.28020833333333334 0.4342592592592593
0 0.68515625 0.8027777777777778 0.3171875 0.3944444444444445
0 0.07239583333333333 0.7222222222222222 0.14479166666666665 0.34444444444444444
