1 0.55234375 0.6675925925925926 0.03802083333333333 0.06666666666666667
2 0.45677083333333335 0.7231481481481482 0.034375 0.05925925925925926
2 0.4010416666666667 0.7310185185185185 0.035416666666666666 0.06018518518518519
2 0.41770833333333335 0.5560185185185186 0.0125 0.017592592592592594
1 0.3109375 0.5814814814814815 0.016666666666666666 0.02777777777777778
1 0.3015625 0.5745370370370371 0.015625 0.025
1 0.16197916666666667 0.6648148148148149 0.026041666666666668 0.05
0 0.5919270833333333 0.813425925925926 0.22447916666666667 0.3731481481481482
0 0.48046875 0.8351851851851853 0.25364583333333335 0.32962962962962966
0 0.18880208333333334 0.8078703703703703 0.16614583333333333 0.3453703703703704
0 0.2981770833333333 0.649537037037037 0.09427083333333333 0.18425925925925926
