1 0.84453125 0.6041666666666667 0.028645833333333332 0.06018518518518519
1 0.7544270833333333 0.6671296296296296 0.0296875 0.06574074074074074
1 0.7916666666666666 0.7189814814814816 0.035416666666666666 0.06759259259259259
1 0.7109375 0.6870370370370371 0.03229166666666666 0.053703703703703705
1 0.40625 0.5888888888888889 0.020833333333333332 0.040740740740740744
1 0.38307291666666665 0.5935185185185186 0.01614583333333333 0.03518518518518519
1 0.24817708333333333 0.6407407407407407 0.022395833333333334 0.04259259259259259
1 0.26666666666666666 0.6231481481481481 0.021875 0.0462962962962963
1 0.24427083333333333 0.612037037037037 0.02395833333333333 0.040740740740740744
1 0.08828125 0.6722222222222223 0.024479166666666666 0.05555555555555556
1 0.06614583333333333 0.687962962962963 0.025 0.044444444444444446
0 0.29375 0.6152777777777778 0.06875 0.13425925925925927
0 0.40182291666666664 0.6129629629629629 0.0734375 0.13703703703703704
0 0.7151041666666667 0.5541666666666667 0.02395833333333333 0.04166666666666667
0 0.8997395833333334 0.7467592592592592 0.1859375 0.3453703703703704
0 0.7958333333333333 0.8143518518518519 0.2739583333333333 0.3712962962962963
0 0.4302083333333333 0.7018518518518518 0.14166666666666666 0.26666666666666666
0 0.2828125 0.7236111111111111 0.14479166666666665 0.26944444444444443
0 0.25885416666666666 0.7648148148148148 0.15729166666666666 0.30185185185185187
0 0.11588541666666667 0.8148148148148149 0.1578125 0.35370370370370374
