1 0.75703125 0.65 0.033854166666666664 0.07592592592592592
2 0.8223958333333333 0.6472222222222223 0.034375 0.07222222222222223
2 0.7768229166666667 0.7305555555555556 0.0234375 0.044444444444444446
1 0.02578125 0.7245370370370371 0.03697916666666667 0.0712962962962963
1 0.28020833333333334 0.5657407407407408 0.011458333333333333 0.018518518518518517
1 0.2721354166666667 0.5648148148148149 0.008854166666666666 0.018518518518518517
1 0.08020833333333333 0.5819444444444445 0.009375 0.01388888888888889
1 0.07291666666666667 0.5833333333333334 0.010416666666666666 0.016666666666666666
0 0.06979166666666667 0.6208333333333333 0.03854166666666667 0.09907407407407408
0 0.2640625 0.6125 0.07395833333333333 0.11944444444444445
0 0.8541666666666666 0.8013888888888889 0.2916666666666667 0.39722222222222225
0 0.07135416666666666 0.8449074074074074 0.1375 0.3101851851851852
