1 0.8640625 0.687962962962963 0.04375 0.08888888888888889
2 0.9109375 0.6842592592592592 0.04375 0.08333333333333334
2 0.975 0.774537037037037 0.036458333333333336 0.06944444444444445
1 0.7236979166666666 0.5449074074074074 0.015104166666666667 0.030555555555555558
1 0.4536458333333333 0.7037037037037037 0.03958333333333333 0.07777777777777778
1 0.3885416666666667 0.6689814814814815 0.030208333333333334 0.06018518518518519
1 0.28203125 0.649537037037037 0.0265625 0.049074074074074076
1 0.25677083333333334 0.6861111111111111 0.025 0.03888888888888889
1 0.09713541666666667 0.5736111111111112 0.008854166666666666 0.015740740740740743
1 0.09010416666666667 0.5791666666666667 0.007291666666666667 0.01388888888888889
0 0.090625 0.6162037037037037 0.036458333333333336 0.10092592592592593
0 0.7223958333333333 0.6060185185185185 0.09166666666666666 0.15092592592592594
0 0.9049479166666666 0.8189814814814815 0.19010416666666666 0.36203703703703705
0 0.2911458333333333 0.7777777777777778 0.15104166666666666 0.3092592592592593
0 0.38125 0.8171296296296297 0.20520833333333333 0.36574074074074076
0 0.48593749999999997 0.8296296296296297 0.24895833333333334 0.34074074074074073
