1 0.98515625 0.7194444444444444 0.028645833333333332 0.07962962962962963
2 0.6302083333333334 0.701388888888889 0.042708333333333334 0.0787037037037037
2 0.57421875 0.6898148148148149 0.0390625 0.07407407407407407
1 0.121875 0.650462962962963 0.025 0.04351851851851852
1 0.08697916666666666 0.6523148148148148 0.02395833333333333 0.049074074074074076
1 0.06588541666666667 0.5782407407407407 0.009895833333333333 0.017592592592592594
1 0.054947916666666666 0.5782407407407407 0.0078125 0.01388888888888889
0 0.062239583333333334 0.5805555555555556 0.022395833333333334 0.02592592592592593
0 0.65625 0.8231481481481482 0.28229166666666666 0.35370370370370374
0 0.13046875 0.7689814814814815 0.14010416666666667 0.2898148148148148
