1 0.7098958333333333 0.7032407407407407 0.040625 0.0712962962962963
1 0.75859375 0.6759259259259259 0.033854166666666664 0.06666666666666667
1 0.4953125 0.788888888888889 0.04791666666666666 0.08703703703703704
2 0.47265625 0.6976851851851852 0.0328125 0.07314814814814816
1 0.38984375 0.6699074074074074 0.0328125 0.0638888888888889
1 0.28489583333333335 0.6472222222222223 0.026041666666666668 0.044444444444444446
2 0.32005208333333335 0.5643518518518519 0.0109375 0.019444444444444445
0 0.8044270833333333 0.8166666666666667 0.2921875 0.3666666666666667
0 0.3182291666666667 0.6138888888888889 0.06354166666666666 0.12592592592592594
0 0.5026041666666666 0.8675925925925926 0.22604166666666667 0.26481481481481484
0 0.41484375 0.8171296296296297 0.18802083333333333 0.36574074074074076
0 0.30859375 0.7842592592592593 0.17447916666666666 0.34074074074074073
