1 0.7815104166666667 0.3995370370370371 0.0171875 0.028703703703703703
1 0.8 0.39212962962962966 0.014583333333333334 0.02314814814814815
1 0.5877604166666667 0.3851851851851852 0.011979166666666666 0.022222222222222223
1 0.4166666666666667 0.5412037037037037 0.03125 0.06944444444444445
1 0.4015625 0.5115740740740741 0.03333333333333333 0.058333333333333334
2 0.32265625 0.5439814814814815 0.022395833333333334 0.03796296296296296
1 0.3 0.4814814814814815 0.029166666666666667 0.06296296296296297
1 0.26276041666666666 0.4851851851851852 0.0296875 0.05185185185185186
2 0.05911458333333333 0.44583333333333336 0.0203125 0.04166666666666667
2 0.03177083333333333 0.45092592592592595 0.01875 0.037037037037037035
0 0.38385416666666666 0.43842592592592594 0.07708333333333334 0.14351851851851852
0 0.5822916666666667 0.4476851851851852 0.08229166666666667 0.15092592592592594
0 0.77734375 0.4601851851851852 0.1015625 0.17037037037037037
0 0.3067708333333333 0.6291666666666667 0.134375 0.36388888888888893
0 0.44609375 0.7300925925925926 0.2557291666666667 0.500925925925926
0 0.06328125 0.5680555555555555 0.1265625 0.2972222222222222
