1 0.6838541666666667 0.3893518518518519 0.0125 0.025
1 0.3375 0.38657407407407407 0.0125 0.025
1 0.25338541666666664 0.3856481481481482 0.0109375 0.019444444444444445
1 0.26119791666666664 0.39490740740740743 0.008854166666666666 0.017592592592592594
1 0.26848958333333334 0.38287037037037036 0.0109375 0.019444444444444445
1 0.184375 0.3800925925925926 0.010416666666666666 0.021296296296296296
1 0.21276041666666667 0.3805555555555556 0.0109375 0.020370370370370372
1 0.14635416666666667 0.36944444444444446 0.009375 0.014814814814814815
1 0.1328125 0.3787037037037037 0.013541666666666667 0.020370370370370372
1 0.15442708333333333 0.3740740740740741 0.009895833333333333 0.016666666666666666
1 0.11484375 0.38333333333333336 0.011979166666666666 0.018518518518518517
1 0.03854166666666667 0.3787037037037037 0.010416666666666666 0.014814814814814815
0 0.14036458333333332 0.42453703703703705 0.03802083333333333 0.13425925925925927
0 0.04296875 0.4236111111111111 0.034895833333333334 0.10833333333333334
0 0.33489583333333334 0.437962962962963 0.071875 0.13333333333333333
0 0.17994791666666665 0.4222222222222222 0.05677083333333333 0.11111111111111112
0 0.2559895833333333 0.4226851851851852 0.05677083333333333 0.11574074074074074
0 0.6794270833333333 0.45601851851851855 0.09635416666666667 0.15833333333333333
0 0.11015625 0.4310185185185185 0.06302083333333333 0.12314814814814816
0 0.20677083333333332 0.43194444444444446 0.0625 0.125
0 0.25078125 0.44027777777777777 0.06302083333333333 0.13611111111111113
