1 0.05963541666666666 0.6986111111111112 0.0296875 0.058333333333333334
1 0.20442708333333334 0.6703703703703704 0.027604166666666666 0.05185185185185186
1 0.23776041666666667 0.6601851851851852 0.030729166666666665 0.05740740740740741
1 0.52421875 0.675 0.03177083333333333 0.053703703703703705
1 0.5697916666666667 0.6532407407407408 0.03333333333333333 0.06574074074074074
1 0.6614583333333334 0.562962962962963 0.019791666666666666 0.03888888888888889
1 0.6783854166666666 0.5601851851851852 0.0203125 0.037037037037037035
2 0.7515625 0.5421296296296296 0.016666666666666666 0.025
2 0.73203125 0.5486111111111112 0.0140625 0.026851851851851852
0 0.7239583333333334 0.6055555555555556 0.09895833333333333 0.16481481481481483
0 0.6033854166666667 0.8078703703703703 0.2265625 0.3842592592592593
0 0.26015625 0.8046296296296297 0.1859375 0.35370370370370374
0 0.09322916666666667 0.8300925925925926 0.153125 0.33981481481481485
0 0.6578125 0.6546296296296297 0.13333333333333333 0.22962962962962963
