1 0.6401041666666667 0.5435185185185185 0.015625 0.03518518518518519
1 0.49140625 0.5587962962962963 0.015104166666666667 0.026851851851851852
1 0.08802083333333333 0.6287037037037038 0.017708333333333333 0.040740740740740744
1 0.10416666666666667 0.5865740740740741 0.011458333333333333 0.021296296296296296
2 0.11692708333333333 0.5898148148148148 0.0078125 0.016666666666666666
1 0.12786458333333334 0.5796296296296296 0.0109375 0.020370370370370372
2 0.052083333333333336 0.5805555555555556 0.007291666666666667 0.012962962962962964
2 0.059375 0.5833333333333334 0.00625 0.011111111111111112
1 0.007552083333333333 0.5837962962962964 0.011979166666666666 0.019444444444444445
0 0.0515625 0.6208333333333333 0.03125 0.09351851851851853
0 0.10234375 0.6370370370370371 0.0703125 0.14074074074074075
0 0.4848958333333333 0.6296296296296297 0.10625 0.17962962962962964
0 0.63515625 0.6037037037037037 0.08697916666666666 0.1537037037037037
0 0.09817708333333333 0.7439814814814815 0.11614583333333334 0.27314814814814814
