1 0.08776041666666666 0.5898148148148148 0.015104166666666667 0.024074074074074074
1 0.19921875 0.6111111111111112 0.019270833333333334 0.031481481481481485
1 0.23072916666666665 0.6097222222222223 0.019791666666666666 0.036111111111111115
2 0.21119791666666665 0.6523148148148148 0.011979166666666666 0.025
1 0.3169270833333333 0.5935185185185186 0.015104166666666667 0.03518518518518519
1 0.33125 0.5935185185185186 0.014583333333333334 0.03518518518518519
2 0.34270833333333334 0.6277777777777778 0.010416666666666666 0.020370370370370372
2 0.41041666666666665 0.5611111111111111 0.0125 0.024074074074074074
2 0.42578125 0.5541666666666667 0.0140625 0.030555555555555558
1 0.634375 0.5671296296296297 0.022916666666666665 0.03981481481481482
2 0.6544270833333333 0.6013888888888889 0.0140625 0.02314814814814815
1 0.6809895833333334 0.575925925925926 0.019270833333333334 0.040740740740740744
1 0.8658854166666666 0.5453703703703704 0.022395833333333334 0.03888888888888889
1 0.8908854166666667 0.5421296296296296 0.024479166666666666 0.04537037037037037
0 0.09791666666666667 0.6578703703703704 0.07291666666666667 0.1675925925925926
0 0.4049479166666667 0.6393518518518518 0.11197916666666667 0.2064814814814815
0 0.8661458333333333 0.6435185185185185 0.16666666666666666 0.2518518518518519
0 0.3453125 0.6837962962962963 0.12083333333333333 0.22314814814814815
0 0.24869791666666666 0.7074074074074075 0.11927083333333333 0.2425925925925926
0 0.6989583333333333 0.6851851851851852 0.178125 0.2796296296296296
