1 0.14661458333333333 0.5717592592592593 0.009895833333333333 0.017592592592592594
1 0.18229166666666666 0.575925925925926 0.010416666666666666 0.020370370370370372
1 0.19609375 0.5745370370370371 0.009895833333333333 0.019444444444444445
1 0.23385416666666667 0.5671296296296297 0.010416666666666666 0.017592592592592594
1 0.24479166666666666 0.5638888888888889 0.009375 0.014814814814814815
1 0.2591145833333333 0.5662037037037038 0.008854166666666666 0.015740740740740743
1 0.4466145833333333 0.5800925925925926 0.0171875 0.036111111111111115
2 0.46822916666666664 0.5828703703703704 0.016666666666666666 0.03796296296296296
1 0.6098958333333333 0.5509259259259259 0.013541666666666667 0.024074074074074074
2 0.5833333333333334 0.6435185185185185 0.021875 0.044444444444444446
2 0.6 0.675462962962963 0.017708333333333333 0.03425925925925926
1 0.62265625 0.638425925925926 0.03177083333333333 0.058333333333333334
2 0.7958333333333333 0.6925925925925926 0.029166666666666667 0.06481481481481481
1 0.8348958333333333 0.6833333333333333 0.030208333333333334 0.07037037037037037
1 0.915625 0.5412037037037037 0.017708333333333333 0.030555555555555558
2 0.9289062499999999 0.549074074074074 0.011979166666666666 0.024074074074074074
0 0.14583333333333334 0.6203703703703703 0.053125 0.11666666666666667
0 0.17526041666666667 0.6277777777777778 0.0671875 0.13148148148148148
0 0.23046875 0.6162037037037037 0.05572916666666666 0.1175925925925926
0 0.24270833333333333 0.6101851851851852 0.05520833333333333 0.11296296296296297
0 0.45078124999999997 0.6125 0.07760416666666667 0.14907407407407408
0 0.6080729166666666 0.6083333333333334 0.07864583333333333 0.1388888888888889
0 0.8669270833333333 0.8208333333333334 0.2661458333333333 0.35833333333333334
0 0.9049479166666666 0.6125 0.11822916666666666 0.18055555555555555
0 0.6489583333333333 0.7958333333333334 0.22604166666666667 0.3787037037037037
0 0.49505208333333334 0.6851851851851852 0.14427083333333332 0.2537037037037037
