1 0.6875 0.6560185185185186 0.036458333333333336 0.06944444444444445
1 0.7325520833333333 0.6657407407407407 0.04635416666666667 0.07592592592592592
1 0.5856770833333333 0.55 0.011979166666666666 0.022222222222222223
2 0.5223958333333333 0.5597222222222222 0.009375 0.017592592592592594
1 0.51484375 0.5523148148148148 0.0109375 0.021296296296296296
1 0.4005208333333333 0.600462962962963 0.019791666666666666 0.03981481481481482
1 0.23098958333333333 0.6976851851851852 0.03697916666666667 0.06018518518518519
1 0.19140625 0.6796296296296297 0.028645833333333332 0.05185185185185186
1 0.11302083333333333 0.5712962962962963 0.009375 0.016666666666666666
2 0.014322916666666666 0.638425925925926 0.0234375 0.04537037037037037
1 0.0625 0.5745370370370371 0.009375 0.015740740740740743
1 0.054427083333333334 0.5750000000000001 0.009895833333333333 0.012962962962962964
1 0.030989583333333334 0.5717592592592593 0.0067708333333333336 0.008333333333333333
0 0.053125 0.6143518518518519 0.036458333333333336 0.09537037037037037
0 0.10911458333333333 0.6194444444444445 0.05572916666666666 0.11666666666666667
0 0.5041666666666667 0.6157407407407408 0.08333333333333333 0.15
0 0.5817708333333333 0.6087962962962963 0.084375 0.14537037037037037
0 0.77890625 0.8078703703703703 0.2703125 0.3842592592592593
0 0.42890625 0.7083333333333334 0.1453125 0.26666666666666666
0 0.2591145833333333 0.825462962962963 0.20260416666666667 0.3490740740740741
0 0.04401041666666666 0.7652777777777778 0.08802083333333333 0.3101851851851852
