1 0.8013020833333333 0.5444444444444445 0.022395833333333334 0.031481481481481485
1 0.67421875 0.5388888888888889 0.011979166666666666 0.02777777777777778
1 0.59140625 0.674537037037037 0.034895833333333334 0.062037037037037036
1 0.3692708333333333 0.7324074074074074 0.03854166666666667 0.05925925925925926
1 0.33046875 0.7240740740740741 0.0328125 0.05740740740740741
1 0.019791666666666666 0.7226851851851852 0.029166666666666667 0.06018518518518519
1 0.20442708333333334 0.5685185185185185 0.013020833333333334 0.022222222222222223
2 0.20963541666666666 0.5726851851851852 0.011979166666666666 0.019444444444444445
0 0.19817708333333334 0.6203703703703703 0.06197916666666667 0.1277777777777778
0 0.6658854166666667 0.6018518518518519 0.0859375 0.15
0 0.63828125 0.8157407407407408 0.2682291666666667 0.3685185185185185
0 0.40130208333333334 0.8439814814814816 0.2140625 0.31203703703703706
0 0.7924479166666667 0.6097222222222223 0.09322916666666667 0.16574074074074074
0 0.06927083333333334 0.8421296296296297 0.13854166666666667 0.31574074074074077
