1 0.7760416666666666 0.5375 0.015625 0.032407407407407406
1 0.790625 0.5324074074074074 0.017708333333333333 0.02777777777777778
2 0.5541666666666667 0.5486111111111112 0.0125 0.021296296296296296
2 0.5330729166666667 0.5523148148148148 0.011979166666666666 0.019444444444444445
1 0.2565104166666667 0.5662037037037038 0.0140625 0.026851851851851852
1 0.24427083333333333 0.5689814814814815 0.013541666666666667 0.025
2 0.15729166666666666 0.5740740740740741 0.011458333333333333 0.024074074074074074
1 0.14088541666666665 0.5750000000000001 0.0109375 0.024074074074074074
2 0.14869791666666665 0.5810185185185185 0.009895833333333333 0.017592592592592594
0 0.13072916666666667 0.6291666666666667 0.08229166666666667 0.1398148148148148
0 0.240625 0.6185185185185186 0.0625 0.12962962962962962
0 0.3299479166666667 0.6171296296296297 0.0671875 0.13055555555555556
0 0.5328125 0.6101851851851852 0.08541666666666667 0.15185185185185185
0 0.7744791666666666 0.6106481481481482 0.109375 0.18611111111111112
