1 0.66015625 0.5356481481481482 0.0109375 0.019444444444444445
1 0.6768229166666666 0.537962962962963 0.015104166666666667 0.024074074074074074
2 0.46458333333333335 0.5527777777777778 0.009375 0.018518518518518517
2 0.453125 0.5518518518518519 0.008333333333333333 0.016666666666666666
1 0.33151041666666664 0.5620370370370371 0.0109375 0.024074074074074074
1 0.321875 0.5675925925925926 0.009375 0.016666666666666666
2 0.22708333333333333 0.5666666666666667 0.011458333333333333 0.018518518518518517
1 0.21562499999999998 0.5703703703703704 0.009375 0.018518518518518517
0 0.21510416666666665 0.6212962962962963 0.057291666666666664 0.13333333333333333
0 0.4510416666666667 0.6097222222222223 0.075 0.14722222222222223
0 0.6630208333333333 0.6050925925925926 0.09166666666666666 0.1675925925925926
0 0.321875 0.6138888888888889 0.06458333333333333 0.13703703703703704
