1 0.3065104166666667 0.5564814814814815 0.009895833333333333 0.016666666666666666
1 0.31927083333333334 0.5583333333333333 0.011458333333333333 0.016666666666666666
2 0.20416666666666666 0.5662037037037038 0.010416666666666666 0.017592592592592594
2 0.12343749999999999 0.5976851851851852 0.017708333333333333 0.032407407407407406
1 0.050520833333333334 0.5953703703703704 0.013541666666666667 0.024074074074074074
1 0.13776041666666666 0.5726851851851852 0.008854166666666666 0.017592592592592594
1 0.19739583333333333 0.5666666666666667 0.008333333333333333 0.018518518518518517
0 0.19348958333333333 0.6175925925925926 0.05677083333333333 0.12962962962962962
0 0.30755208333333334 0.6138888888888889 0.057812499999999996 0.13333333333333333
0 0.12630208333333334 0.6819444444444445 0.1359375 0.20833333333333334
0 0.05182291666666666 0.6583333333333333 0.08489583333333334 0.15925925925925927
