2 0.6174479166666667 0.5486111111111112 0.011979166666666666 0.028703703703703703
1 0.46171875 0.5592592592592592 0.0171875 0.02592592592592593
2 0.28020833333333334 0.5712962962962963 0.010416666666666666 0.018518518518518517
1 0.16901041666666666 0.5675925925925926 0.009895833333333333 0.016666666666666666
1 0.18229166666666666 0.5680555555555555 0.009375 0.017592592592592594
0 0.17317708333333334 0.6171296296296297 0.05364583333333333 0.1175925925925926
0 0.6966145833333334 0.6041666666666667 0.10364583333333333 0.17685185185185187
0 0.6203125 0.6277777777777778 0.09270833333333334 0.1851851851851852
0 0.2796875 0.6203703703703703 0.035416666666666666 0.11666666666666667
0 0.4609375 0.6370370370370371 0.11041666666666666 0.1925925925925926
