1 0.8442708333333333 0.6375000000000001 0.040625 0.075
1 0.8770833333333333 0.5444444444444445 0.017708333333333333 0.031481481481481485
2 0.36614583333333334 0.563425925925926 0.008333333333333333 0.015740740740740743
2 0.37604166666666666 0.5620370370370371 0.009375 0.018518518518518517
1 0.10625 0.5731481481481482 0.009375 0.016666666666666666
1 0.06614583333333333 0.5745370370370371 0.010416666666666666 0.017592592592592594
0 0.10677083333333333 0.6194444444444445 0.042708333333333334 0.10555555555555556
0 0.06614583333333333 0.6226851851851852 0.051041666666666666 0.1212962962962963
0 0.3609375 0.6138888888888889 0.065625 0.12407407407407407
0 0.8744791666666667 0.6208333333333333 0.125 0.18611111111111112
0 0.8703124999999999 0.7949074074074074 0.259375 0.4101851851851852
