2 0.08385416666666666 0.5819444444444445 0.014583333333333334 0.028703703703703703
2 0.10338541666666666 0.5819444444444445 0.013020833333333334 0.02314814814814815
2 0.1 0.6050925925925926 0.010416666666666666 0.019444444444444445
1 0.22161458333333334 0.5708333333333333 0.009895833333333333 0.021296296296296296
1 0.2359375 0.5689814814814815 0.009375 0.02314814814814815
1 0.2513020833333333 0.5699074074074074 0.009895833333333333 0.019444444444444445
1 0.24427083333333333 0.5606481481481481 0.010416666666666666 0.021296296296296296
2 0.29296875 0.6101851851851852 0.018229166666666668 0.03518518518518519
2 0.3221354166666667 0.6101851851851852 0.0203125 0.040740740740740744
2 0.42343749999999997 0.6546296296296297 0.019791666666666666 0.0462962962962963
2 0.4479166666666667 0.6564814814814816 0.025 0.05
1 0.4044270833333333 0.5583333333333333 0.013020833333333334 0.022222222222222223
2 0.42526041666666664 0.5574074074074075 0.011979166666666666 0.018518518518518517
2 0.41640625 0.5736111111111112 0.008854166666666666 0.015740740740740743
0 0.234375 0.6277777777777778 0.07708333333333334 0.14074074074074075
0 0.4067708333333333 0.6138888888888889 0.07604166666666666 0.14074074074074075
0 0.0765625 0.6523148148148148 0.08958333333333333 0.17685185185185187
0 0.33125 0.7231481481481482 0.13229166666666667 0.2777777777777778
0 0.48020833333333335 0.8092592592592593 0.20833333333333334 0.3814814814814815
