1 0.10807291666666667 0.5837962962962964 0.0109375 0.021296296296296296
1 0.12057291666666667 0.5847222222222223 0.011979166666666666 0.015740740740740743
1 0.4075520833333333 0.5550925925925926 0.0140625 0.021296296296296296
1 0.4263020833333333 0.5578703703703703 0.0140625 0.02314814814814815
1 0.6072916666666667 0.5444444444444445 0.0125 0.02777777777777778
1 0.63359375 0.5449074074074074 0.01614583333333333 0.028703703703703703
2 0.6263020833333334 0.5643518518518519 0.008854166666666666 0.01388888888888889
1 0.8950520833333333 0.5328703703703704 0.013020833333333334 0.030555555555555558
1 0.9210937499999999 0.5324074074074074 0.015104166666666667 0.02777777777777778
0 0.10651041666666666 0.6282407407407408 0.049479166666666664 0.11018518518518519
0 0.40390624999999997 0.6166666666666667 0.07447916666666667 0.14814814814814814
0 0.9049479166666666 0.6041666666666667 0.0796875 0.17500000000000002
0 0.60625 0.6097222222222223 0.08958333333333333 0.16018518518518518
