1 0.06484375 0.5777777777777778 0.011979166666666666 0.016666666666666666
1 0.07760416666666667 0.5805555555555556 0.009375 0.016666666666666666
1 0.0078125 0.5833333333333334 0.008333333333333333 0.012962962962962964
1 0.10781249999999999 0.5791666666666667 0.011458333333333333 0.017592592592592594
2 0.11640625 0.5875 0.0078125 0.015740740740740743
1 0.12395833333333334 0.5787037037037037 0.010416666666666666 0.016666666666666666
2 0.22708333333333333 0.5787037037037037 0.014583333333333334 0.02777777777777778
2 0.21510416666666665 0.5796296296296296 0.0125 0.024074074074074074
2 0.32135416666666666 0.6106481481481482 0.016666666666666666 0.03425925925925926
2 0.3424479166666667 0.611574074074074 0.018229166666666668 0.036111111111111115
1 0.4471354166666667 0.5601851851851852 0.01614583333333333 0.024074074074074074
1 0.46171875 0.5587962962962963 0.013020833333333334 0.02314814814814815
1 0.5888020833333333 0.5476851851851852 0.0109375 0.02314814814814815
2 0.6114583333333333 0.5523148148148148 0.009375 0.021296296296296296
1 0.6911458333333333 0.5467592592592593 0.013541666666666667 0.025
1 0.7072916666666667 0.5435185185185185 0.010416666666666666 0.022222222222222223
1 0.85625 0.5305555555555556 0.016666666666666666 0.02962962962962963
2 0.8848958333333333 0.5263888888888889 0.016666666666666666 0.026851851851851852
1 0.9825520833333333 0.5268518518518519 0.024479166666666666 0.04814814814814815
2 0.9276041666666667 0.6199074074074075 0.029166666666666667 0.06574074074074074
2 0.9669270833333333 0.6819444444444445 0.025520833333333333 0.058333333333333334
2 0.8622395833333333 0.6412037037037037 0.019270833333333334 0.04722222222222222
2 0.8927083333333333 0.663425925925926 0.025 0.049074074074074076
0 0.06354166666666666 0.6273148148148149 0.052083333333333336 0.1212962962962963
0 0.10989583333333333 0.6226851851851852 0.052083333333333336 0.10833333333333334
0 0.4458333333333333 0.612037037037037 0.07604166666666666 0.13518518518518519
0 0.30364583333333334 0.6222222222222222 0.07916666666666666 0.13703703703703704
0 0.5880208333333333 0.6097222222222223 0.08854166666666667 0.15092592592592594
0 0.6841145833333333 0.6055555555555556 0.0890625 0.14814814814814814
0 0.8533854166666667 0.600462962962963 0.11614583333333334 0.1824074074074074
0 0.20833333333333334 0.6416666666666667 0.07916666666666666 0.16111111111111112
0 0.9190104166666666 0.7837962962962963 0.16197916666666667 0.4101851851851852
0 0.3559895833333333 0.7111111111111111 0.1328125 0.2611111111111111
