1 0.72265625 0.6935185185185185 0.049479166666666664 0.09074074074074075
1 0.8028645833333333 0.7282407407407407 0.05677083333333333 0.09722222222222222
2 0.47369791666666666 0.5578703703703703 0.013020833333333334 0.02314814814814815
2 0.49947916666666664 0.5611111111111111 0.009375 0.016666666666666666
2 0.4864583333333333 0.5685185185185185 0.010416666666666666 0.018518518518518517
2 0.4934895833333333 0.5787037037037037 0.008854166666666666 0.016666666666666666
2 0.7489583333333333 0.8194444444444445 0.030208333333333334 0.05740740740740741
2 0.85390625 0.8199074074074074 0.0328125 0.06759259259259259
0 0.3723958333333333 0.6083333333333334 0.06145833333333333 0.12962962962962962
0 0.4747395833333333 0.6203703703703703 0.08489583333333334 0.1537037037037037
0 0.8351562499999999 0.8189814814814815 0.3203125 0.36203703703703705
