2 0.3984375 0.5615740740740741 0.010416666666666666 0.021296296296296296
2 0.41380208333333335 0.5574074074074075 0.011979166666666666 0.024074074074074074
1 0.5979166666666667 0.5449074074074074 0.0125 0.025
1 0.6072916666666667 0.5486111111111112 0.0125 0.02314814814814815
2 0.8372395833333334 0.5365740740740741 0.011979166666666666 0.025
2 0.8567708333333334 0.5337962962962963 0.015625 0.026851851851851852
2 0.8734375 0.5412037037037037 0.013541666666666667 0.025
0 0.39921875 0.6157407407407408 0.0703125 0.13703703703703704
0 0.5955729166666667 0.6083333333333334 0.08385416666666666 0.1537037037037037
0 0.8328125 0.5995370370370371 0.08541666666666667 0.15833333333333333
0 0.86796875 0.6106481481481482 0.11302083333333333 0.16944444444444445
