2 0.47291666666666665 0.5439814814814815 0.008333333333333333 0.019444444444444445
2 0.45989583333333334 0.5527777777777778 0.010416666666666666 0.020370370370370372
2 0.33151041666666664 0.5694444444444444 0.009895833333333333 0.018518518518518517
2 0.35182291666666665 0.5643518518518519 0.008854166666666666 0.017592592592592594
2 0.36223958333333334 0.5638888888888889 0.008854166666666666 0.014814814814814815
2 0.16041666666666665 0.575462962962963 0.009375 0.015740740740740743
2 0.17083333333333334 0.5722222222222223 0.008333333333333333 0.014814814814814815
0 0.3567708333333333 0.6148148148148148 0.059375 0.12592592592592594
0 0.328125 0.6222222222222222 0.06145833333333333 0.12592592592592594
0 0.4583333333333333 0.6083333333333334 0.08229166666666667 0.1537037037037037
0 0.45390625 0.6041666666666667 0.07135416666666666 0.1287037037037037
