1 0.6755208333333333 0.6412037037037037 0.06145833333333333 0.08796296296296297
1 0.7333333333333333 0.6662037037037037 0.051041666666666666 0.09166666666666667
1 0.16223958333333333 0.4740740740740741 0.0067708333333333336 0.012962962962962964
1 0.15598958333333332 0.47500000000000003 0.005729166666666666 0.011111111111111112
1 0.284375 0.4814814814814815 0.00625 0.012962962962962964
2 0.29010416666666666 0.47962962962962963 0.005208333333333333 0.011111111111111112
1 0.31796875 0.4810185185185185 0.008854166666666666 0.015740740740740743
2 0.33619791666666665 0.4861111111111111 0.005729166666666666 0.011111111111111112
2 0.34348958333333335 0.48703703703703705 0.0067708333333333336 0.012962962962962964
1 0.5223958333333333 0.4865740740740741 0.007291666666666667 0.01388888888888889
0 0.7635416666666667 0.7976851851851852 0.2916666666666667 0.4046296296296297
