1 0.03723958333333333 0.5814814814814815 0.0359375 0.06666666666666667
1 0.15208333333333332 0.47314814814814815 0.00625 0.012962962962962964
1 0.15572916666666667 0.47314814814814815 0.005208333333333333 0.011111111111111112
1 0.16067708333333333 0.4740740740740741 0.008854166666666666 0.014814814814814815
1 0.41432291666666665 0.48333333333333334 0.0078125 0.016666666666666666
1 0.4236979166666667 0.4828703703703704 0.0078125 0.015740740740740743
2 0.32526041666666666 0.5592592592592592 0.03177083333333333 0.06666666666666667
2 0.29296875 0.5736111111111112 0.03177083333333333 0.05277777777777778
2 0.11458333333333333 0.6129629629629629 0.040625 0.07592592592592592
0 0.13515625 0.7851851851851852 0.19010416666666666 0.42962962962962964
0 0.34348958333333335 0.7064814814814815 0.1546875 0.35185185185185186
0 0.05859375 0.7106481481481481 0.11510416666666666 0.3101851851851852
