1 0.56953125 0.47731481481481486 0.0484375 0.09722222222222222
1 0.653125 0.3740740740740741 0.009375 0.020370370370370372
1 0.6625 0.3740740740740741 0.009375 0.018518518518518517
1 0.20078125 0.35370370370370374 0.022395833333333334 0.03518518518518519
1 0.14453125 0.3421296296296296 0.013020833333333334 0.028703703703703703
2 0.7440104166666667 0.44074074074074077 0.030729166666666665 0.061111111111111116
0 0.7533854166666667 0.5981481481481482 0.1578125 0.37222222222222223
0 0.6497395833333334 0.4134259259259259 0.04635416666666667 0.10648148148148148
0 0.5786458333333333 0.6837962962962963 0.19270833333333334 0.5027777777777778
0 0.20598958333333334 0.41574074074074074 0.0484375 0.16296296296296298
0 0.14713541666666666 0.3912037037037037 0.044270833333333336 0.13240740740740742
