1 0.4734375 0.39675925925925926 0.020833333333333332 0.03981481481481482
1 0.4890625 0.3893518518518519 0.01875 0.04351851851851852
2 0.49973958333333335 0.4222222222222222 0.019270833333333334 0.02962962962962963
2 0.70625 0.3662037037037037 0.009375 0.021296296296296296
1 0.7166666666666667 0.34305555555555556 0.015625 0.021296296296296296
1 0.7184895833333333 0.3611111111111111 0.018229166666666668 0.02592592592592593
1 0.8231770833333333 0.33101851851851855 0.0109375 0.025
1 0.8231770833333333 0.3148148148148148 0.0140625 0.014814814814814815
0 0.4752604166666667 0.4981481481481482 0.09114583333333333 0.26296296296296295
0 0.82421875 0.36944444444444446 0.0453125 0.13518518518518519
0 0.715625 0.4134259259259259 0.06145833333333333 0.16944444444444445
