1 0.3268229166666667 0.4134259259259259 0.034895833333333334 0.06759259259259259
2 0.54453125 0.3648148148148148 0.021354166666666667 0.037037037037037035
2 0.525 0.3689814814814815 0.02395833333333333 0.04722222222222222
2 0.3234375 0.4740740740740741 0.03125 0.04259259259259259
2 0.3567708333333333 0.4 0.025 0.061111111111111116
1 0.9453125 0.27083333333333337 0.008333333333333333 0.01388888888888889
1 0.9408854166666667 0.27685185185185185 0.008854166666666666 0.014814814814814815
0 0.32578125 0.549537037037037 0.1359375 0.3527777777777778
0 0.5333333333333333 0.46111111111111114 0.084375 0.2388888888888889
0 0.9447916666666667 0.30833333333333335 0.03125 0.09074074074074075
