2 0.37005208333333334 0.4027777777777778 0.021354166666666667 0.044444444444444446
2 0.5776041666666667 0.3888888888888889 0.017708333333333333 0.02962962962962963
2 0.17421875 0.3648148148148148 0.0140625 0.024074074074074074
2 0.27369791666666665 0.3703703703703704 0.011979166666666666 0.022222222222222223
0 0.5721354166666667 0.4537037037037037 0.07552083333333333 0.1574074074074074
0 0.26875 0.41481481481481486 0.026041666666666668 0.12407407407407407
0 0.47604166666666664 0.44074074074074077 0.041666666666666664 0.14074074074074075
0 0.09114583333333333 0.39814814814814814 0.03125 0.10370370370370371
0 0.16744791666666667 0.4101851851851852 0.0328125 0.11481481481481481
0 0.3716145833333333 0.500462962962963 0.06927083333333334 0.24722222222222223
