2 0.06796875 0.4138888888888889 0.0265625 0.044444444444444446
2 0.7505208333333333 0.4361111111111111 0.030208333333333334 0.06666666666666667
2 0.5765625 0.39305555555555555 0.020833333333333332 0.032407407407407406
2 0.27109375 0.36574074074074076 0.015104166666666667 0.02592592592592593
2 0.09921875 0.3615740740740741 0.015104166666666667 0.025
0 0.09947916666666666 0.40092592592592596 0.029166666666666667 0.10555555555555556
0 0.5630208333333333 0.4537037037037037 0.057291666666666664 0.15925925925925927
0 0.27317708333333335 0.41620370370370374 0.034895833333333334 0.11388888888888889
0 0.47265625 0.4412037037037037 0.04635416666666667 0.14537037037037037
0 0.07630208333333333 0.5092592592592593 0.06614583333333333 0.23148148148148148
0 0.7372395833333333 0.5601851851851852 0.13072916666666667 0.29814814814814816
