2 0.5221354166666666 0.412962962962963 0.028645833333333332 0.05
2 0.57578125 0.38657407407407407 0.0171875 0.03981481481481482
2 0.06197916666666667 0.39583333333333337 0.01875 0.04166666666666667
1 0.4888020833333333 0.48333333333333334 0.04010416666666666 0.08148148148148149
1 0.48463541666666665 0.4449074074074074 0.0453125 0.03796296296296296
0 0.5625 0.4537037037037037 0.05625 0.16111111111111112
0 0.47604166666666664 0.4449074074074074 0.040625 0.14166666666666666
0 0.2859375 0.42592592592592593 0.05 0.14444444444444446
0 0.2872395833333333 0.45046296296296295 0.05677083333333333 0.1824074074074074
0 0.11484375 0.4 0.030729166666666665 0.11111111111111112
0 0.22760416666666666 0.40092592592592596 0.05416666666666667 0.10740740740740741
0 0.5338541666666666 0.500925925925926 0.06354166666666666 0.21666666666666667
0 0.5091145833333334 0.6773148148148148 0.17864583333333334 0.5212962962962964
0 0.06927083333333334 0.4564814814814815 0.058333333333333334 0.17962962962962964
