1 0.5356770833333333 0.4041666666666667 0.027604166666666666 0.058333333333333334
1 0.019791666666666666 0.4027777777777778 0.02395833333333333 0.03518518518518519
2 0.10859375 0.4277777777777778 0.0234375 0.040740740740740744
2 0.11848958333333333 0.46944444444444444 0.022395833333333334 0.040740740740740744
2 0.5731770833333333 0.3925925925925926 0.0203125 0.037037037037037035
0 0.56484375 0.4537037037037037 0.0609375 0.1574074074074074
0 0.4669270833333333 0.44212962962962965 0.059895833333333336 0.14351851851851852
0 0.43776041666666665 0.3875 0.030729166666666665 0.08425925925925926
0 0.2708333333333333 0.41712962962962963 0.03125 0.11018518518518519
0 0.0828125 0.4078703703703704 0.028125 0.11018518518518519
0 0.5307291666666667 0.5069444444444444 0.08958333333333333 0.25092592592592594
0 0.11796875 0.5212962962962964 0.0734375 0.23148148148148148
0 0.02395833333333333 0.4740740740740741 0.04583333333333333 0.19444444444444445
