1 0.31197916666666664 0.45601851851851855 0.03333333333333333 0.062037037037037036
2 0.2877604166666667 0.45046296296296295 0.028645833333333332 0.06759259259259259
2 0.6401041666666667 0.5166666666666667 0.034375 0.07962962962962963
2 0.6661458333333333 0.5875 0.036458333333333336 0.06574074074074074
2 0.60859375 0.5157407407407407 0.043229166666666666 0.08148148148148149
2 0.027083333333333334 0.4 0.01875 0.044444444444444446
2 0.013802083333333333 0.39537037037037037 0.015104166666666667 0.03888888888888889
2 0.5729166666666666 0.39212962962962966 0.019791666666666666 0.036111111111111115
1 0.49765624999999997 0.4041666666666667 0.025520833333333333 0.05092592592592593
0 0.5651041666666666 0.4537037037037037 0.06145833333333333 0.1574074074074074
0 0.4666666666666667 0.44212962962962965 0.059375 0.14351851851851852
0 0.43333333333333335 0.39212962962962966 0.03854166666666667 0.09351851851851853
0 0.21614583333333334 0.4013888888888889 0.03854166666666667 0.09907407407407408
0 0.2708333333333333 0.41712962962962963 0.03125 0.11018518518518519
0 0.05260416666666667 0.38796296296296295 0.027083333333333334 0.08888888888888889
0 0.20026041666666666 0.4425925925925926 0.043229166666666666 0.16481481481481483
0 0.49192708333333335 0.5 0.0828125 0.23148148148148148
0 0.6635416666666667 0.7162037037037037 0.22604166666666667 0.500925925925926
0 0.31614583333333335 0.5837962962962964 0.11562499999999999 0.3490740740740741
0 0.03177083333333333 0.4759259259259259 0.06041666666666667 0.20370370370370372
