2 0.16145833333333334 0.48055555555555557 0.035416666666666666 0.07592592592592592
2 0.4890625 0.4 0.017708333333333333 0.040740740740740744
1 0.59296875 0.39814814814814814 0.018229166666666668 0.03888888888888889
1 0.15338541666666666 0.4342592592592593 0.03177083333333333 0.053703703703703705
2 0.5697916666666667 0.3925925925925926 0.015625 0.03518518518518519
0 0.5575520833333333 0.4537037037037037 0.04739583333333333 0.15925925925925927
0 0.47552083333333334 0.4425925925925926 0.041666666666666664 0.14444444444444446
0 0.2734375 0.41481481481481486 0.035416666666666666 0.12037037037037038
0 0.4848958333333333 0.49259259259259264 0.07291666666666667 0.2111111111111111
0 0.13255208333333332 0.5361111111111111 0.0765625 0.25925925925925924
0 0.6026041666666666 0.46851851851851856 0.11145833333333333 0.18703703703703706
0 0.18177083333333333 0.6439814814814815 0.11666666666666667 0.4101851851851852
