2 0.9809895833333333 0.43842592592592594 0.0234375 0.05092592592592593
1 0.09244791666666667 0.3976851851851852 0.022395833333333334 0.04351851851851852
2 0.5747395833333333 0.39305555555555555 0.0171875 0.03425925925925926
2 0.4630208333333333 0.3888888888888889 0.0125 0.02962962962962963
0 0.95078125 0.5564814814814815 0.0984375 0.2814814814814815
0 0.5614583333333333 0.4537037037037037 0.05520833333333333 0.15925925925925927
0 0.4666666666666667 0.44351851851851853 0.059375 0.1425925925925926
0 0.27291666666666664 0.4175925925925926 0.03958333333333333 0.11481481481481481
0 0.09088541666666666 0.4810185185185185 0.07447916666666667 0.20462962962962963
0 0.22578125 0.44583333333333336 0.058854166666666666 0.16018518518518518
