1 0.18697916666666667 0.47731481481481486 0.034375 0.075
2 0.57734375 0.39305555555555555 0.01614583333333333 0.030555555555555558
2 0.4627604166666667 0.38842592592592595 0.013020833333333334 0.028703703703703703
1 0.2778645833333333 0.3819444444444445 0.01614583333333333 0.030555555555555558
0 0.19322916666666667 0.6240740740740741 0.10625 0.3703703703703704
0 0.27317708333333335 0.41805555555555557 0.03802083333333333 0.1175925925925926
0 0.46640624999999997 0.4444444444444445 0.059895833333333336 0.14074074074074075
0 0.5645833333333333 0.45601851851851855 0.059375 0.16018518518518518
0 0.2721354166666667 0.44583333333333336 0.06614583333333333 0.1527777777777778
0 0.11640625 0.4087962962962963 0.033854166666666664 0.11018518518518519
