2 0.66953125 0.4101851851851852 0.025520833333333333 0.05185185185185186
2 0.69921875 0.43194444444444446 0.024479166666666666 0.05277777777777778
2 0.68125 0.45925925925925926 0.017708333333333333 0.040740740740740744
2 0.09791666666666667 0.437962962962963 0.02395833333333333 0.0462962962962963
2 0.09557291666666666 0.4134259259259259 0.027604166666666666 0.04166666666666667
1 0.309375 0.3861111111111111 0.01875 0.04259259259259259
2 0.5734375 0.39305555555555555 0.016666666666666666 0.030555555555555558
2 0.4700520833333333 0.39166666666666666 0.0140625 0.031481481481481485
1 0.3299479166666667 0.3805555555555556 0.0171875 0.03333333333333333
0 0.27265625 0.41620370370370374 0.03697916666666667 0.1212962962962963
0 0.5661458333333333 0.4532407407407408 0.06354166666666666 0.15833333333333333
0 0.475 0.44351851851851853 0.04375 0.1425925925925926
0 0.33359375 0.4398148148148148 0.043229166666666666 0.15
0 0.2981770833333333 0.46342592592592596 0.0609375 0.19351851851851853
0 0.10052083333333334 0.5412037037037037 0.078125 0.2935185185185185
0 0.6651041666666666 0.5194444444444445 0.10416666666666667 0.26296296296296295
