2 0.5716145833333334 0.3912037037037037 0.018229166666666668 0.030555555555555558
2 0.146875 0.40740740740740744 0.015625 0.03888888888888889
2 0.0203125 0.4185185185185185 0.017708333333333333 0.037037037037037035
2 0.011197916666666667 0.4041666666666667 0.018229166666666668 0.03981481481481482
1 0.4947916666666667 0.3842592592592593 0.016666666666666666 0.03888888888888889
1 0.25755208333333335 0.3824074074074074 0.011979166666666666 0.02592592592592593
1 0.2674479166666667 0.37824074074074077 0.013020833333333334 0.030555555555555558
0 0.4669270833333333 0.4467592592592593 0.057812499999999996 0.13611111111111113
0 0.2716145833333333 0.4134259259259259 0.0328125 0.11388888888888889
0 0.5619791666666667 0.45555555555555555 0.052083333333333336 0.1574074074074074
0 0.10416666666666667 0.40555555555555556 0.030208333333333334 0.11666666666666667
0 0.2604166666666667 0.4444444444444445 0.05 0.16666666666666669
0 0.4981770833333333 0.45555555555555555 0.049479166666666664 0.1814814814814815
0 0.14921875 0.4935185185185185 0.07135416666666666 0.21296296296296297
0 0.022395833333333334 0.48750000000000004 0.04375 0.2101851851851852
