2 0.9263020833333333 0.6106481481481482 0.06927083333333334 0.14722222222222223
2 0.8640625 0.6412037037037037 0.06458333333333333 0.11574074074074074
2 0.36796875 0.39814814814814814 0.0234375 0.0462962962962963
2 0.46484375 0.39583333333333337 0.011979166666666666 0.026851851851851852
2 0.6197916666666666 0.4041666666666667 0.027083333333333334 0.05277777777777778
0 0.4669270833333333 0.4444444444444445 0.057812499999999996 0.14074074074074075
0 0.271875 0.4134259259259259 0.03229166666666666 0.11388888888888889
0 0.5625 0.45555555555555555 0.053125 0.1574074074074074
0 0.8799479166666666 0.7689814814814815 0.24010416666666667 0.4620370370370371
0 0.6 0.5305555555555556 0.11666666666666667 0.3074074074074074
0 0.36640625 0.48240740740740745 0.06614583333333333 0.20555555555555557
