2 0.76875 0.4300925925925926 0.025 0.05462962962962963
2 0.809375 0.4365740740740741 0.028125 0.058333333333333334
2 0.7916666666666666 0.4935185185185185 0.016666666666666666 0.037037037037037035
2 0.5763020833333333 0.39166666666666666 0.015104166666666667 0.031481481481481485
2 0.4713541666666667 0.3875 0.0125 0.028703703703703703
1 0.08098958333333334 0.3550925925925926 0.013020833333333334 0.02314814814814815
0 0.5625 0.4550925925925926 0.057291666666666664 0.15833333333333333
0 0.27265625 0.4175925925925926 0.0359375 0.11481481481481481
0 0.035416666666666666 0.3819444444444445 0.026041666666666668 0.09166666666666667
0 0.08645833333333333 0.40324074074074073 0.03125 0.10462962962962963
0 0.76875 0.5486111111111112 0.11354166666666667 0.28611111111111115
