1 0.50546875 0.39675925925925926 0.024479166666666666 0.05462962962962963
2 0.3848958333333333 0.40185185185185185 0.01875 0.037037037037037035
2 0.36484375 0.39537037037037037 0.019270833333333334 0.03888888888888889
2 0.5770833333333333 0.3888888888888889 0.014583333333333334 0.031481481481481485
2 0.47031249999999997 0.3912037037037037 0.0125 0.028703703703703703
1 0.06458333333333333 0.3939814814814815 0.01875 0.03796296296296296
0 0.5625 0.4550925925925926 0.057291666666666664 0.15833333333333333
0 0.27265625 0.4175925925925926 0.0359375 0.11481481481481481
0 0.37005208333333334 0.46990740740740744 0.05677083333333333 0.1787037037037037
0 0.49973958333333335 0.5157407407407407 0.09322916666666667 0.2777777777777778
0 0.06640625 0.4703703703703704 0.057812499999999996 0.1925925925925926
