2 0.05416666666666667 0.40694444444444444 0.020833333333333332 0.04722222222222222
2 0.054427083333333334 0.4569444444444445 0.021354166666666667 0.04722222222222222
1 0.70234375 0.42685185185185187 0.027604166666666666 0.05925925925925926
2 0.5752604166666666 0.3907407407407408 0.015104166666666667 0.02962962962962963
1 0.17109375 0.3703703703703704 0.011979166666666666 0.024074074074074074
1 0.19114583333333332 0.362962962962963 0.011458333333333333 0.024074074074074074
2 0.2671875 0.38287037037037036 0.011458333333333333 0.025
0 0.2721354166666667 0.4175925925925926 0.0328125 0.11666666666666667
0 0.19661458333333334 0.40231481481481485 0.030729166666666665 0.10833333333333334
0 0.26145833333333335 0.43194444444444446 0.04375 0.14537037037037037
0 0.5643229166666667 0.4550925925925926 0.059895833333333336 0.1564814814814815
0 0.17057291666666666 0.42129629629629634 0.043229166666666666 0.12962962962962962
0 0.058333333333333334 0.512962962962963 0.06979166666666667 0.26296296296296295
0 0.6895833333333333 0.5486111111111112 0.12291666666666666 0.2972222222222222
