2 0.771875 0.5597222222222222 0.07291666666666667 0.12685185185185185
2 0.8036458333333333 0.7032407407407407 0.06354166666666666 0.1175925925925926
1 0.6283854166666667 0.4324074074074074 0.0265625 0.05
1 0.28515625 0.3791666666666667 0.021354166666666667 0.03796296296296296
2 0.575 0.39166666666666666 0.016666666666666666 0.031481481481481485
1 0.13489583333333333 0.37962962962962965 0.013541666666666667 0.031481481481481485
1 0.20781249999999998 0.3578703703703704 0.009375 0.021296296296296296
0 0.2716145833333333 0.4175925925925926 0.03177083333333333 0.11666666666666667
0 0.20677083333333332 0.39814814814814814 0.030208333333333334 0.10555555555555556
0 0.5643229166666667 0.4550925925925926 0.059895833333333336 0.1564814814814815
0 0.13541666666666666 0.4375 0.042708333333333334 0.1527777777777778
0 0.8117187499999999 0.7476851851851852 0.3171875 0.5046296296296297
0 0.28411458333333334 0.45601851851851855 0.05364583333333333 0.17314814814814816
0 0.628125 0.5402777777777777 0.11145833333333333 0.26944444444444443
