1 0.4205729166666667 0.5185185185185185 0.0453125 0.10370370370370371
1 0.6205729166666667 0.41574074074074074 0.03177083333333333 0.05740740740740741
2 0.9611979166666667 0.43194444444444446 0.03697916666666667 0.08611111111111111
1 0.07916666666666666 0.39583333333333337 0.022916666666666665 0.05092592592592593
2 0.5692708333333333 0.3925925925925926 0.014583333333333334 0.02777777777777778
2 0.465625 0.38981481481481484 0.013541666666666667 0.02962962962962963
0 0.4661458333333333 0.44537037037037036 0.06041666666666667 0.1425925925925926
0 0.27265625 0.41435185185185186 0.034895833333333334 0.11574074074074074
0 0.565625 0.45462962962962966 0.05520833333333333 0.15925925925925927
0 0.43333333333333335 0.7351851851851852 0.1875 0.5296296296296297
0 0.6044270833333333 0.5513888888888889 0.12343749999999999 0.33611111111111114
0 0.08541666666666667 0.48842592592592593 0.0625 0.23240740740740742
0 0.9268229166666666 0.5875 0.14635416666666667 0.39166666666666666
