2 0.5713541666666666 0.39166666666666666 0.014583333333333334 0.02962962962962963
2 0.46432291666666664 0.38703703703703707 0.0109375 0.02592592592592593
2 0.28020833333333334 0.3740740740740741 0.0125 0.024074074074074074
2 0.271875 0.375462962962963 0.010416666666666666 0.02314814814814815
1 0.08854166666666667 0.35879629629629634 0.009375 0.019444444444444445
0 0.46588541666666666 0.44537037037037036 0.059895833333333336 0.1425925925925926
0 0.27239583333333334 0.4138888888888889 0.034375 0.11481481481481481
0 0.5640625 0.45555555555555555 0.05520833333333333 0.15925925925925927
0 0.08880208333333334 0.4064814814814815 0.0328125 0.11666666666666667
0 0.28020833333333334 0.44537037037037036 0.052083333333333336 0.17222222222222222
