2 0.97734375 0.4425925925925926 0.028645833333333332 0.05185185185185186
2 0.13385416666666666 0.425462962962963 0.017708333333333333 0.03981481481481482
1 0.1359375 0.39861111111111114 0.026041666666666668 0.04722222222222222
2 0.575 0.3912037037037037 0.015625 0.03425925925925926
2 0.4635416666666667 0.39212962962962966 0.011458333333333333 0.028703703703703703
0 0.9513020833333333 0.5541666666666667 0.09739583333333333 0.28055555555555556
0 0.46640624999999997 0.44351851851851853 0.059895833333333336 0.1425925925925926
0 0.56328125 0.45601851851851855 0.058854166666666666 0.16018518518518518
0 0.27291666666666664 0.41944444444444445 0.03958333333333333 0.11481481481481481
0 0.13828125 0.4865740740740741 0.06614583333333333 0.2175925925925926
