1 0.5270833333333333 0.46435185185185185 0.036458333333333336 0.08981481481481482
2 0.5361979166666666 0.5273148148148148 0.03177083333333333 0.06574074074074074
2 0.49244791666666665 0.4791666666666667 0.027604166666666666 0.06759259259259259
2 0.9778645833333334 0.44583333333333336 0.024479166666666666 0.058333333333333334
2 0.575 0.39166666666666666 0.015625 0.03333333333333333
2 0.46484375 0.3902777777777778 0.011979166666666666 0.028703703703703703
2 0.02109375 0.3939814814814815 0.0109375 0.030555555555555558
0 0.9510416666666667 0.5541666666666667 0.09791666666666667 0.28055555555555556
0 0.46640624999999997 0.44351851851851853 0.059895833333333336 0.1425925925925926
0 0.5635416666666666 0.45601851851851855 0.059375 0.16018518518518518
0 0.27291666666666664 0.41944444444444445 0.03958333333333333 0.11481481481481481
0 0.5356770833333333 0.6532407407407408 0.1703125 0.45833333333333337
0 0.024479166666666666 0.45 0.042708333333333334 0.14444444444444446
