2 0.42578125 0.5231481481481481 0.0484375 0.11111111111111112
2 0.46197916666666666 0.3791666666666667 0.0125 0.028703703703703703
1 0.1421875 0.3652777777777778 0.010416666666666666 0.021296296296296296
1 0.16927083333333334 0.3685185185185185 0.014583333333333334 0.02592592592592593
1 0.11510416666666666 0.362962962962963 0.0125 0.022222222222222223
1 0.07317708333333334 0.36712962962962964 0.0109375 0.017592592592592594
0 0.4666666666666667 0.4398148148148148 0.05625 0.14814814814814814
0 0.6190104166666667 0.4351851851851852 0.0453125 0.1537037037037037
0 0.11328125 0.40972222222222227 0.028645833333333332 0.11574074074074074
0 0.4302083333333333 0.7342592592592593 0.18333333333333332 0.5314814814814816
0 0.140625 0.41805555555555557 0.036458333333333336 0.13055555555555556
0 0.1765625 0.42129629629629634 0.03958333333333333 0.1277777777777778
