1 0.8421875 0.4314814814814815 0.03333333333333333 0.07037037037037037
1 0.8195312499999999 0.4351851851851852 0.027604166666666666 0.06481481481481481
2 0.2856770833333333 0.4569444444444445 0.0234375 0.0638888888888889
2 0.26953125 0.4532407407407408 0.019270833333333334 0.04722222222222222
1 0.13463541666666667 0.3652777777777778 0.009895833333333333 0.021296296296296296
1 0.11588541666666667 0.3652777777777778 0.013020833333333334 0.026851851851851852
1 0.19010416666666666 0.3805555555555556 0.017708333333333333 0.031481481481481485
2 0.19713541666666667 0.39675925925925926 0.015104166666666667 0.030555555555555558
2 0.46432291666666664 0.3925925925925926 0.0140625 0.02777777777777778
1 0.06848958333333333 0.3699074074074074 0.013020833333333334 0.02314814814814815
0 0.4669270833333333 0.44537037037037036 0.0609375 0.1388888888888889
0 0.13541666666666666 0.41574074074074074 0.03854166666666667 0.12592592592592594
0 0.071875 0.41203703703703703 0.042708333333333334 0.10555555555555556
0 0.18541666666666667 0.41435185185185186 0.035416666666666666 0.11944444444444445
0 0.18671875 0.4439814814814815 0.049479166666666664 0.17314814814814816
0 0.2895833333333333 0.5625 0.096875 0.27314814814814814
0 0.11197916666666667 0.4101851851851852 0.03229166666666666 0.11851851851851852
0 0.8104166666666667 0.5671296296296297 0.165625 0.3416666666666667
