1 0.5497395833333333 0.4740740740740741 0.034895833333333334 0.07962962962962963
2 0.5223958333333333 0.47500000000000003 0.03125 0.06296296296296297
1 0.35234375 0.39351851851851855 0.022395833333333334 0.037037037037037035
1 0.34401041666666665 0.3912037037037037 0.021354166666666667 0.036111111111111115
1 0.22447916666666667 0.38333333333333336 0.01875 0.03518518518518519
1 0.9763020833333333 0.7092592592592593 0.04635416666666667 0.17777777777777778
1 0.13619791666666667 0.36388888888888893 0.009895833333333333 0.020370370370370372
0 0.4666666666666667 0.44537037037037036 0.06041666666666667 0.1388888888888889
0 0.13567708333333334 0.4152777777777778 0.0390625 0.125
0 0.07265625 0.41250000000000003 0.0421875 0.10648148148148148
0 0.184375 0.4152777777777778 0.03333333333333333 0.11944444444444445
0 0.059375 0.41111111111111115 0.036458333333333336 0.12037037037037038
0 0.1125 0.40972222222222227 0.03333333333333333 0.1175925925925926
0 0.22395833333333334 0.4569444444444445 0.057291666666666664 0.18425925925925926
0 0.3416666666666667 0.4851851851851852 0.08333333333333333 0.22592592592592595
0 0.5546875 0.6370370370370371 0.15104166666666666 0.40555555555555556
