2 0.46197916666666666 0.38472222222222224 0.0125 0.026851851851851852
2 0.5736979166666667 0.3893518518518519 0.01614583333333333 0.028703703703703703
2 0.5114583333333333 0.4115740740740741 0.021875 0.04351851851851852
1 0.49973958333333335 0.40740740740740744 0.019270833333333334 0.04259259259259259
1 0.9408854166666667 0.4388888888888889 0.0359375 0.06481481481481481
1 0.11015625 0.36388888888888893 0.009895833333333333 0.020370370370370372
0 0.1109375 0.41111111111111115 0.03229166666666666 0.11481481481481481
0 0.0546875 0.3800925925925926 0.02395833333333333 0.08796296296296297
0 0.2700520833333333 0.4189814814814815 0.0328125 0.11574074074074074
0 0.46640624999999997 0.44351851851851853 0.0609375 0.14444444444444446
0 0.565625 0.45601851851851855 0.06354166666666666 0.16203703703703703
0 0.9515625 0.5555555555555556 0.096875 0.2740740740740741
0 0.49947916666666664 0.524537037037037 0.10520833333333333 0.27870370370370373
0 0.9135416666666667 0.5921296296296297 0.17083333333333334 0.3787037037037037
