2 0.5736979166666667 0.3893518518518519 0.01614583333333333 0.028703703703703703
1 0.19010416666666666 0.375462962962963 0.014583333333333334 0.025
1 0.11197916666666667 0.3675925925925926 0.010416666666666666 0.018518518518518517
1 0.26901041666666664 0.3662037037037037 0.013020833333333334 0.02314814814814815
2 0.46979166666666666 0.3888888888888889 0.0125 0.03333333333333333
0 0.5700520833333333 0.4550925925925926 0.0703125 0.1564814814814815
0 0.46770833333333334 0.4430555555555556 0.059375 0.1398148148148148
0 0.27317708333333335 0.41620370370370374 0.0390625 0.1175925925925926
0 0.21171874999999998 0.39490740740740743 0.03802083333333333 0.09722222222222222
0 0.11328125 0.41435185185185186 0.034895833333333334 0.11574074074074074
0 0.19140625 0.4328703703703704 0.04635416666666667 0.14537037037037037
