2 0.5736979166666667 0.3893518518518519 0.01614583333333333 0.028703703703703703
1 0.6302083333333334 0.4083333333333333 0.025 0.0462962962962963
1 0.26979166666666665 0.36712962962962964 0.013541666666666667 0.021296296296296296
2 0.4692708333333333 0.39166666666666666 0.011458333333333333 0.022222222222222223
0 0.5697916666666667 0.45462962962962966 0.07083333333333333 0.1574074074074074
0 0.4671875 0.4444444444444445 0.059375 0.14074074074074075
0 0.2734375 0.41620370370370374 0.03854166666666667 0.1175925925925926
0 0.2125 0.39814814814814814 0.030208333333333334 0.09444444444444444
0 0.12786458333333334 0.38287037037037036 0.034895833333333334 0.09166666666666667
0 0.047135416666666666 0.3861111111111111 0.03177083333333333 0.09444444444444444
0 0.6231770833333333 0.5240740740740741 0.10885416666666667 0.2833333333333333
