2 0.5731770833333333 0.3875 0.01614583333333333 0.028703703703703703
1 0.5989583333333334 0.38842592592592595 0.01875 0.036111111111111115
1 0.39453125 0.39212962962962966 0.0140625 0.032407407407407406
1 0.41328125 0.3939814814814815 0.018229166666666668 0.03425925925925926
1 0.2359375 0.38703703703703707 0.016666666666666666 0.03518518518518519
2 0.1328125 0.3787037037037037 0.0125 0.02592592592592593
2 0.11067708333333333 0.3699074074074074 0.009895833333333333 0.017592592592592594
2 0.4674479166666667 0.3888888888888889 0.011979166666666666 0.02962962962962963
0 0.27317708333333335 0.4152777777777778 0.034895833333333334 0.12314814814814816
0 0.475 0.4430555555555556 0.041666666666666664 0.14537037037037037
0 0.5596354166666666 0.4537037037037037 0.05572916666666666 0.16296296296296298
0 0.60390625 0.46574074074074073 0.10885416666666667 0.1925925925925926
0 0.11119791666666666 0.41712962962962963 0.0328125 0.11944444444444445
0 0.1390625 0.4328703703703704 0.040625 0.13055555555555556
0 0.23177083333333334 0.45925925925925926 0.05520833333333333 0.18333333333333335
0 0.3958333333333333 0.475462962962963 0.06458333333333333 0.20277777777777778
