2 0.5734375 0.3902777777777778 0.014583333333333334 0.025
1 0.4471354166666667 0.46851851851851856 0.030729166666666665 0.07222222222222223
1 0.4005208333333333 0.5115740740740741 0.040625 0.08981481481481482
1 0.35234375 0.48842592592592593 0.0421875 0.08425925925925926
1 0.98203125 0.44537037037037036 0.034895833333333334 0.07222222222222223
2 0.28229166666666666 0.3736111111111111 0.010416666666666666 0.026851851851851852
2 0.46484375 0.39722222222222225 0.011979166666666666 0.02592592592592593
0 0.4223958333333333 0.712037037037037 0.18958333333333333 0.5314814814814816
0 0.2830729166666667 0.42685185185185187 0.0453125 0.1425925925925926
0 0.4828125 0.6328703703703704 0.13020833333333334 0.40092592592592596
0 0.565625 0.4532407407407408 0.06354166666666666 0.16203703703703703
0 0.20104166666666667 0.39675925925925926 0.04479166666666667 0.10277777777777779
0 0.4661458333333333 0.44537037037037036 0.06145833333333333 0.1388888888888889
0 0.92734375 0.5944444444444444 0.1453125 0.3685185185185185
