1 0.5611979166666666 0.39675925925925926 0.019270833333333334 0.03796296296296296
1 0.54921875 0.3888888888888889 0.01614583333333333 0.037037037037037035
2 0.7763020833333333 0.4199074074074074 0.024479166666666666 0.04537037037037037
2 0.7979166666666666 0.4226851851851852 0.020833333333333332 0.04351851851851852
2 0.82109375 0.41574074074074074 0.0203125 0.04814814814814815
2 0.39479166666666665 0.6217592592592592 0.04895833333333333 0.09537037037037037
2 0.3736979166666667 0.5833333333333334 0.0484375 0.0962962962962963
2 0.24921875 0.41250000000000003 0.0203125 0.049074074074074076
2 0.7434895833333334 0.43703703703703706 0.028645833333333332 0.06851851851851852
2 0.6458333333333334 0.41712962962962963 0.022916666666666665 0.05092592592592593
2 0.9471354166666667 0.4513888888888889 0.027604166666666666 0.05092592592592593
1 0.6799479166666667 0.48703703703703705 0.049479166666666664 0.09814814814814815
1 0.9736979166666666 0.5796296296296296 0.050520833333333334 0.11851851851851852
1 0.5276041666666667 0.45462962962962966 0.03125 0.07222222222222223
1 0.26953125 0.4199074074074074 0.025520833333333333 0.05092592592592593
1 0.19661458333333334 0.4532407407407408 0.030729166666666665 0.06759259259259259
2 0.16171875 0.37777777777777777 0.01614583333333333 0.03518518518518519
0 0.9494791666666667 0.5541666666666667 0.10104166666666667 0.28055555555555556
0 0.5708333333333333 0.4666666666666667 0.08229166666666667 0.1925925925925926
0 0.7768229166666667 0.5050925925925926 0.13697916666666665 0.23240740740740742
0 0.8924479166666667 0.7578703703703704 0.21510416666666665 0.4842592592592593
0 0.690625 0.7115740740740741 0.24270833333333333 0.5472222222222223
0 0.5450520833333333 0.6185185185185186 0.14635416666666667 0.40370370370370373
0 0.4296875 0.7675925925925926 0.22083333333333333 0.46481481481481485
0 0.6278645833333333 0.5097222222222222 0.07135416666666666 0.23055555555555557
0 0.7489583333333333 0.5805555555555556 0.13645833333333332 0.3648148148148148
0 0.20677083333333332 0.6074074074074074 0.10416666666666667 0.3814814814814815
0 0.275 0.5337962962962963 0.08645833333333333 0.2953703703703704
0 0.16770833333333332 0.44351851851851853 0.05 0.16481481481481483
