1 0.5760416666666667 0.39537037037037037 0.019791666666666666 0.03888888888888889
1 0.5510416666666667 0.3925925925925926 0.016666666666666666 0.037037037037037035
2 0.77421875 0.41712962962962963 0.0203125 0.04166666666666667
2 0.8005208333333333 0.425 0.020833333333333332 0.044444444444444446
2 0.82265625 0.4166666666666667 0.01614583333333333 0.04814814814814815
1 0.6494791666666666 0.4277777777777778 0.03229166666666666 0.07037037037037037
1 0.7684895833333333 0.6106481481481482 0.06510416666666667 0.15092592592592594
1 0.8713541666666667 0.5097222222222222 0.046875 0.10277777777777779
2 0.8161458333333333 0.4912037037037037 0.04791666666666666 0.10648148148148148
2 0.9611979166666667 0.4449074074074074 0.021354166666666667 0.05092592592592593
2 0.41510416666666666 0.4078703703703704 0.022916666666666665 0.04166666666666667
2 0.25677083333333334 0.38333333333333336 0.013541666666666667 0.02592592592592593
0 0.9494791666666667 0.5537037037037037 0.10104166666666667 0.2814814814814815
0 0.57265625 0.4671296296296297 0.08177083333333333 0.19351851851851853
0 0.77578125 0.5050925925925926 0.1390625 0.23240740740740742
0 0.25885416666666666 0.44537037037037036 0.04895833333333333 0.15555555555555556
0 0.4158854166666667 0.5046296296296297 0.08177083333333333 0.24629629629629632
0 0.81015625 0.7671296296296296 0.37864583333333335 0.46574074074074073
0 0.8908854166666667 0.7189814814814816 0.21822916666666667 0.5620370370370371
0 0.6643229166666667 0.6023148148148149 0.16822916666666665 0.41574074074074074
