2 0.6958333333333333 0.6393518518518518 0.03854166666666667 0.07685185185185185
1 0.4458333333333333 0.7449074074074075 0.05520833333333333 0.09722222222222222
2 0.27760416666666665 0.6138888888888889 0.025 0.05555555555555556
1 0.3536458333333333 0.5986111111111111 0.027083333333333334 0.049074074074074076
2 0.24296874999999998 0.5884259259259259 0.0203125 0.03425925925925926
0 0.03463541666666667 0.6615740740740741 0.06927083333333334 0.19166666666666668
0 0.2544270833333333 0.7125 0.09635416666666667 0.24722222222222223
0 0.33932291666666664 0.7245370370370371 0.14427083333333332 0.30092592592592593
0 0.75390625 0.799537037037037 0.19739583333333333 0.40092592592592596
0 0.24739583333333334 0.6810185185185186 0.096875 0.225
0 0.6401041666666667 0.8231481481481482 0.15520833333333334 0.35370370370370374
