2 0.7494791666666667 0.6162037037037037 0.03125 0.05462962962962963
1 0.94921875 0.6060185185185185 0.033854166666666664 0.0638888888888889
2 0.5614583333333333 0.6287037037037038 0.025 0.05555555555555556
1 0.82421875 0.6125 0.0390625 0.06944444444444445
2 0.05651041666666667 0.5893518518518519 0.018229166666666668 0.036111111111111115
2 0.019270833333333334 0.6541666666666667 0.027083333333333334 0.1564814814814815
0 0.04869791666666667 0.6564814814814816 0.0734375 0.1814814814814815
0 0.54609375 0.7398148148148148 0.1046875 0.2796296296296296
0 0.9171874999999999 0.7587962962962963 0.165625 0.36944444444444446
0 0.81484375 0.788425925925926 0.26197916666666665 0.42314814814814816
