2 0.57421875 0.39305555555555555 0.0140625 0.030555555555555558
1 0.60703125 0.42453703703703705 0.0296875 0.05092592592592593
2 0.6453125 0.4152777777777778 0.019791666666666666 0.04351851851851852
2 0.62734375 0.4166666666666667 0.0203125 0.03888888888888889
1 0.3338541666666667 0.39722222222222225 0.01875 0.03518518518518519
0 0.5622395833333333 0.4532407407407408 0.05572916666666666 0.15833333333333333
0 0.27317708333333335 0.41481481481481486 0.0359375 0.12407407407407407
0 0.47369791666666666 0.4439814814814815 0.044270833333333336 0.1398148148148148
0 0.32526041666666666 0.45601851851851855 0.058854166666666666 0.16944444444444445
0 0.3359375 0.48379629629629634 0.07083333333333333 0.20462962962962963
0 0.5979166666666667 0.5675925925925926 0.12708333333333333 0.34074074074074073
0 0.64609375 0.5222222222222223 0.08072916666666667 0.2611111111111111
