2 0.5747395833333333 0.39166666666666666 0.0140625 0.031481481481481485
1 0.16458333333333333 0.3814814814814815 0.013541666666666667 0.02962962962962963
2 0.2671875 0.3814814814814815 0.013541666666666667 0.02592592592592593
0 0.5622395833333333 0.4532407407407408 0.05572916666666666 0.15833333333333333
0 0.27317708333333335 0.41481481481481486 0.0359375 0.12407407407407407
0 0.4739583333333333 0.4439814814814815 0.04479166666666667 0.1398148148148148
0 0.15677083333333333 0.4152777777777778 0.034375 0.12314814814814816
0 0.10807291666666667 0.4240740740740741 0.04010416666666666 0.13148148148148148
0 0.15911458333333334 0.4476851851851852 0.05364583333333333 0.1675925925925926
0 0.2674479166666667 0.44027777777777777 0.05677083333333333 0.16203703703703703
