2 0.5736979166666667 0.3888888888888889 0.013020833333333334 0.02962962962962963
2 0.465625 0.38703703703703707 0.0125 0.03333333333333333
1 0.03411458333333333 0.4166666666666667 0.0234375 0.040740740740740744
2 0.035416666666666666 0.4476851851851852 0.020833333333333332 0.03796296296296296
1 0.011197916666666667 0.3666666666666667 0.011979166666666666 0.024074074074074074
0 0.27447916666666666 0.41481481481481486 0.03854166666666667 0.12037037037037038
0 0.21901041666666665 0.4013888888888889 0.04114583333333333 0.10092592592592593
0 0.4708333333333333 0.44351851851851853 0.051041666666666666 0.14074074074074075
0 0.5645833333333333 0.45416666666666666 0.06041666666666667 0.15833333333333333
0 0.03984375 0.5148148148148148 0.0609375 0.24074074074074076
