1 0.3692708333333333 0.5541666666666667 0.05520833333333333 0.08981481481481482
2 0.9098958333333333 0.39814814814814814 0.020833333333333332 0.044444444444444446
2 0.57578125 0.6402777777777778 0.043229166666666666 0.09351851851851853
2 0.6247395833333333 0.6226851851851852 0.049479166666666664 0.09166666666666667
2 0.9268229166666666 0.4064814814814815 0.018229166666666668 0.040740740740740744
2 0.9552083333333333 0.35185185185185186 0.014583333333333334 0.02592592592592593
2 0.8825520833333333 0.3416666666666667 0.015104166666666667 0.02592592592592593
1 0.8111979166666666 0.3125 0.0078125 0.017592592592592594
0 0.8825520833333333 0.40092592592592596 0.03802083333333333 0.1425925925925926
0 0.9565104166666667 0.4083333333333333 0.0421875 0.1462962962962963
0 0.9208333333333333 0.49722222222222223 0.06354166666666666 0.2425925925925926
0 0.6244791666666667 0.7893518518518519 0.19375 0.42129629629629634
0 0.8075520833333333 0.3472222222222222 0.024479166666666666 0.08888888888888889
0 0.3619791666666667 0.7564814814814815 0.19166666666666665 0.48703703703703705
