1 0.7690104166666667 0.4416666666666667 0.0328125 0.05185185185185186
2 0.64609375 0.48055555555555557 0.0328125 0.06666666666666667
2 0.6565104166666667 0.47870370370370374 0.0328125 0.06666666666666667
2 0.46848958333333335 0.4703703703703704 0.0328125 0.06666666666666667
2 0.49114583333333334 0.4861111111111111 0.03229166666666666 0.06666666666666667
2 0.4205729166666667 0.7842592592592593 0.058854166666666666 0.11481481481481481
2 0.9388020833333334 0.4291666666666667 0.019270833333333334 0.04351851851851852
2 0.9510416666666667 0.4203703703703704 0.019791666666666666 0.04259259259259259
1 0.9486979166666667 0.32592592592592595 0.0109375 0.024074074074074074
1 0.7190104166666667 0.32453703703703707 0.009895833333333333 0.019444444444444445
0 0.94765625 0.375462962962963 0.030729166666666665 0.11203703703703705
0 0.94609375 0.5310185185185186 0.08385416666666666 0.2638888888888889
0 0.71328125 0.3685185185185185 0.028645833333333332 0.11851851851851852
0 0.7580729166666667 0.5546296296296297 0.09322916666666667 0.2796296296296296
0 0.48932291666666666 0.6351851851851852 0.13697916666666665 0.4
0 0.6518229166666667 0.6620370370370371 0.16614583333333333 0.4351851851851852
0 0.4434895833333333 0.8592592592592593 0.2015625 0.2814814814814815
