1 0.7533854166666667 0.4550925925925926 0.024479166666666666 0.049074074074074076
1 0.746875 0.4486111111111111 0.02395833333333333 0.04722222222222222
2 0.56171875 0.4930555555555556 0.03177083333333333 0.06759259259259259
2 0.57890625 0.5175925925925926 0.0328125 0.07222222222222223
1 0.2872395833333333 0.5805555555555556 0.057812499999999996 0.10740740740740741
1 0.184375 0.7148148148148148 0.09583333333333333 0.14444444444444446
2 0.16223958333333333 0.5032407407407408 0.043229166666666666 0.08425925925925926
0 0.7518229166666667 0.5898148148148148 0.1140625 0.32962962962962966
0 0.5807291666666666 0.6939814814814815 0.184375 0.4842592592592593
0 0.075 0.524537037037037 0.13020833333333334 0.287962962962963
0 0.21614583333333334 0.8194444444444445 0.21354166666666666 0.3611111111111111
0 0.16979166666666667 0.7106481481481481 0.178125 0.5101851851851852
0 0.2872395833333333 0.7597222222222223 0.22343749999999998 0.4675925925925926
