2 0.2895833333333333 0.39861111111111114 0.020833333333333332 0.049074074074074076
2 0.4083333333333333 0.47731481481481486 0.029166666666666667 0.058333333333333334
2 0.41380208333333335 0.4462962962962963 0.028645833333333332 0.05555555555555556
2 0.5880208333333333 0.46296296296296297 0.028125 0.05555555555555556
2 0.61875 0.39537037037037037 0.020833333333333332 0.040740740740740744
2 0.734375 0.4351851851851852 0.026041666666666668 0.05555555555555556
1 0.853125 0.45416666666666666 0.03958333333333333 0.06574074074074074
1 0.8239583333333333 0.4087962962962963 0.025 0.04166666666666667
1 0.7591145833333334 0.39722222222222225 0.022395833333333334 0.04259259259259259
2 0.62265625 0.33611111111111114 0.009895833333333333 0.020370370370370372
2 0.6325520833333333 0.3351851851851852 0.009895833333333333 0.020370370370370372
0 0.8127604166666667 0.5064814814814815 0.07864583333333333 0.23703703703703705
0 0.7161458333333334 0.575462962962963 0.10520833333333333 0.3416666666666667
0 0.8635416666666667 0.6064814814814815 0.12291666666666666 0.3740740740740741
0 0.6255208333333333 0.4898148148148148 0.06666666666666667 0.24074074074074076
0 0.7572916666666667 0.487962962962963 0.05625 0.23148148148148148
0 0.5934895833333333 0.6268518518518519 0.10052083333333334 0.40185185185185185
0 0.4083333333333333 0.6041666666666667 0.12083333333333333 0.375
0 0.2794270833333333 0.5101851851851852 0.10989583333333333 0.28703703703703703
0 0.6234375 0.38981481481481484 0.05 0.1462962962962963
