2 0.5317708333333333 0.3611111111111111 0.013541666666666667 0.02962962962962963
1 0.4440104166666667 0.4689814814814815 0.03177083333333333 0.0638888888888889
1 0.8338541666666667 0.425 0.03229166666666666 0.05740740740740741
2 0.15130208333333334 0.7875 0.0734375 0.14166666666666666
2 0.8846354166666667 0.3736111111111111 0.015104166666666667 0.030555555555555558
2 0.26197916666666665 0.3740740740740741 0.017708333333333333 0.037037037037037035
0 0.26067708333333334 0.4620370370370371 0.0703125 0.22592592592592595
0 0.5307291666666667 0.43333333333333335 0.071875 0.18703703703703706
0 0.821875 0.3509259259259259 0.026041666666666668 0.09814814814814815
0 0.8846354166666667 0.45046296296296295 0.050520833333333334 0.19166666666666668
0 0.8192708333333333 0.5444444444444445 0.0875 0.3037037037037037
0 0.4427083333333333 0.638888888888889 0.140625 0.41111111111111115
0 0.16223958333333333 0.8537037037037037 0.23802083333333332 0.2925925925925926
