1 0.8278645833333333 0.4828703703703704 0.03177083333333333 0.0638888888888889
2 0.6200520833333333 0.45046296296296295 0.027604166666666666 0.058333333333333334
2 0.5859375 0.437962962962963 0.019791666666666666 0.04259259259259259
2 0.603125 0.43333333333333335 0.021875 0.04814814814814815
2 0.8268229166666666 0.31342592592592594 0.0078125 0.019444444444444445
0 0.8221354166666667 0.6435185185185185 0.11302083333333333 0.3888888888888889
0 0.8255208333333334 0.3513888888888889 0.030208333333333334 0.09907407407407408
0 0.5895833333333333 0.5314814814814816 0.0875 0.24444444444444446
0 0.6192708333333333 0.5939814814814816 0.10833333333333334 0.3416666666666667
0 0.2877604166666667 0.8726851851851852 0.3223958333333333 0.25462962962962965
