2 0.396875 0.5037037037037038 0.03333333333333333 0.07037037037037037
2 0.7940104166666666 0.4666666666666667 0.0265625 0.05740740740740741
2 0.8109375 0.46111111111111114 0.027083333333333334 0.061111111111111116
2 0.7786458333333334 0.38101851851851853 0.013541666666666667 0.026851851851851852
2 0.7888020833333333 0.3814814814814815 0.013020833333333334 0.03333333333333333
2 0.690625 0.33425925925925926 0.009375 0.020370370370370372
2 0.8580729166666666 0.38287037037037036 0.015104166666666667 0.03425925925925926
1 0.9888020833333333 0.3819444444444445 0.01614583333333333 0.03425925925925926
1 0.9044270833333333 0.3023148148148148 0.0067708333333333336 0.01388888888888889
0 0.9763020833333333 0.4615740740740741 0.04739583333333333 0.19907407407407407
0 0.6877604166666667 0.3861111111111111 0.0453125 0.1388888888888889
0 0.7783854166666666 0.44583333333333336 0.06614583333333333 0.1675925925925926
0 0.8596354166666667 0.4620370370370371 0.05677083333333333 0.2
0 0.7997395833333333 0.6097222222222223 0.12760416666666666 0.35462962962962963
0 0.40859375 0.7101851851851853 0.16197916666666667 0.48703703703703705
