2 0.73203125 0.5120370370370371 0.03697916666666667 0.07592592592592592
2 0.75703125 0.524537037037037 0.021354166666666667 0.05648148148148149
2 0.7364583333333333 0.43194444444444446 0.02395833333333333 0.05092592592592593
2 0.6234375 0.39490740740740743 0.015625 0.032407407407407406
1 0.8591145833333333 0.3851851851851852 0.0171875 0.03333333333333333
1 0.87109375 0.3842592592592593 0.015104166666666667 0.03518518518518519
2 0.8359375 0.3564814814814815 0.011458333333333333 0.024074074074074074
0 0.8697916666666666 0.4703703703703704 0.06041666666666667 0.20925925925925926
0 0.8294270833333334 0.4240740740740741 0.04114583333333333 0.15925925925925927
0 0.6197916666666666 0.4967592592592593 0.06979166666666667 0.24722222222222223
0 0.74453125 0.5060185185185185 0.0890625 0.2101851851851852
0 0.73984375 0.6986111111111112 0.1421875 0.4638888888888889
