2 0.33958333333333335 0.3740740740740741 0.013541666666666667 0.031481481481481485
2 0.403125 0.5148148148148148 0.03229166666666666 0.07407407407407407
2 0.42942708333333335 0.4981481481481482 0.028645833333333332 0.06666666666666667
2 0.4901041666666667 0.4240740740740741 0.02395833333333333 0.05555555555555556
1 0.6828125 0.4712962962962963 0.03229166666666666 0.05740740740740741
2 0.76171875 0.3907407407407408 0.0171875 0.037037037037037035
2 0.89609375 0.3925925925925926 0.0203125 0.044444444444444446
1 0.9049479166666666 0.34351851851851856 0.0109375 0.020370370370370372
1 0.9645833333333333 0.35462962962962963 0.013541666666666667 0.02592592592592593
1 0.8716145833333333 0.30648148148148147 0.0067708333333333336 0.014814814814814815
2 0.8937499999999999 0.30462962962962964 0.00625 0.014814814814814815
0 0.96328125 0.4152777777777778 0.043229166666666666 0.14722222222222223
0 0.42864583333333334 0.45416666666666666 0.07291666666666667 0.20277777777777778
0 0.3341145833333333 0.4486111111111111 0.07760416666666667 0.19166666666666668
0 0.9049479166666666 0.39490740740740743 0.0328125 0.1287037037037037
0 0.8947916666666667 0.48333333333333334 0.06979166666666667 0.23333333333333334
0 0.7580729166666667 0.4791666666666667 0.07447916666666667 0.2175925925925926
0 0.49296875 0.5472222222222223 0.0859375 0.2962962962962963
0 0.6848958333333334 0.5787037037037037 0.09270833333333334 0.27592592592592596
0 0.42942708333333335 0.674074074074074 0.15364583333333334 0.42962962962962964
