2 0.76796875 0.3652777777777778 0.013020833333333334 0.030555555555555558
2 0.8039062499999999 0.39166666666666666 0.01614583333333333 0.03518518518518519
2 0.8098958333333334 0.3861111111111111 0.013541666666666667 0.03333333333333333
1 0.896875 0.3824074074074074 0.015625 0.03333333333333333
2 0.9135416666666667 0.35185185185185186 0.010416666666666666 0.024074074074074074
2 0.8502604166666666 0.30694444444444446 0.0067708333333333336 0.015740740740740743
1 0.8291666666666666 0.3143518518518519 0.007291666666666667 0.017592592592592594
0 0.9169270833333333 0.40694444444444444 0.0359375 0.14537037037037037
0 0.76640625 0.44027777777777777 0.0546875 0.18611111111111112
0 0.8916666666666666 0.45833333333333337 0.05416666666666667 0.1925925925925926
0 0.8033854166666666 0.4671296296296297 0.07447916666666667 0.20462962962962963
