1 0.5403645833333334 0.6550925925925927 0.07552083333333333 0.125
2 0.84921875 0.3824074074074074 0.0171875 0.040740740740740744
2 0.8604166666666666 0.39166666666666666 0.0125 0.024074074074074074
1 0.81015625 0.3175925925925926 0.0067708333333333336 0.016666666666666666
1 0.6208333333333333 0.3365740740740741 0.010416666666666666 0.025
2 0.8166666666666667 0.3175925925925926 0.007291666666666667 0.014814814814814815
2 0.9684895833333333 0.31342592592592594 0.0078125 0.017592592592592594
0 0.965625 0.35879629629629634 0.03229166666666666 0.11388888888888889
0 0.8544270833333333 0.4851851851851852 0.07447916666666667 0.25
0 0.6161458333333333 0.3912037037037037 0.03854166666666667 0.14351851851851852
0 0.5427083333333333 0.7930555555555556 0.21562499999999998 0.4138888888888889
