1 0.30182291666666666 0.39490740740740743 0.019270833333333334 0.04351851851851852
2 0.32369791666666664 0.3925925925925926 0.019270833333333334 0.04259259259259259
2 0.4427083333333333 0.4828703703703704 0.030208333333333334 0.06574074074074074
2 0.48020833333333335 0.5805555555555556 0.040625 0.0925925925925926
2 0.8520833333333333 0.3685185185185185 0.014583333333333334 0.03333333333333333
2 0.9588541666666667 0.3740740740740741 0.0125 0.031481481481481485
2 0.98515625 0.35370370370370374 0.013020833333333334 0.024074074074074074
1 0.9440104166666666 0.29953703703703705 0.005729166666666666 0.012037037037037037
0 0.98515625 0.41064814814814815 0.0296875 0.14351851851851852
0 0.9520833333333333 0.4513888888888889 0.053125 0.19351851851851853
0 0.8505208333333333 0.4486111111111111 0.05416666666666667 0.19907407407407407
0 0.4421875 0.6462962962962964 0.13125 0.39814814814814814
0 0.4890625 0.7652777777777778 0.18125 0.46944444444444444
0 0.3098958333333333 0.512962962962963 0.11562499999999999 0.2925925925925926
0 0.27760416666666665 0.4861111111111111 0.07395833333333333 0.24074074074074076
