2 0.5494791666666666 0.35462962962962963 0.013541666666666667 0.02962962962962963
2 0.5619791666666667 0.3527777777777778 0.015625 0.037037037037037035
1 0.19921875 0.37453703703703706 0.0203125 0.04166666666666667
2 0.6674479166666667 0.4027777777777778 0.018229166666666668 0.040740740740740744
2 0.7908854166666667 0.36944444444444446 0.0140625 0.02962962962962963
2 0.8890625 0.4740740740740741 0.034375 0.061111111111111116
1 0.8507812499999999 0.3092592592592593 0.0078125 0.016666666666666666
0 0.790625 0.45462962962962966 0.053125 0.20555555555555557
0 0.66484375 0.513888888888889 0.0734375 0.27222222222222225
0 0.19739583333333333 0.4587962962962963 0.08125 0.21574074074074076
0 0.54453125 0.42592592592592593 0.06197916666666667 0.19444444444444445
0 0.8486979166666666 0.34351851851851856 0.024479166666666666 0.08703703703703704
