2 0.06041666666666667 0.40324074074074073 0.022916666666666665 0.04166666666666667
2 0.07916666666666666 0.3995370370370371 0.011458333333333333 0.04722222222222222
1 0.396875 0.4351851851851852 0.03125 0.05925925925925926
2 0.7203125 0.5425925925925926 0.03333333333333333 0.07592592592592592
2 0.7744791666666666 0.3773148148148148 0.017708333333333333 0.03981481481481482
2 0.8510416666666667 0.45925925925925926 0.025 0.05
2 0.8424479166666666 0.3564814814814815 0.0140625 0.02777777777777778
1 0.9309895833333334 0.33055555555555555 0.009895833333333333 0.018518518518518517
2 0.7484375 0.3231481481481482 0.009375 0.018518518518518517
2 0.6265625 0.3425925925925926 0.010416666666666666 0.024074074074074074
0 0.8411458333333334 0.4166666666666667 0.041666666666666664 0.15185185185185185
0 0.77421875 0.45787037037037037 0.05677083333333333 0.21203703703703705
0 0.04375 0.5120370370370371 0.08333333333333333 0.2851851851851852
0 0.8622395833333333 0.5828703703703704 0.08385416666666666 0.3027777777777778
0 0.7252604166666666 0.750462962962963 0.13177083333333334 0.49722222222222223
0 0.4046875 0.5833333333333334 0.128125 0.3666666666666667
0 0.6223958333333334 0.39583333333333337 0.04583333333333333 0.14537037037037037
0 0.7466145833333333 0.36435185185185187 0.03177083333333333 0.10833333333333334
