2 0.1765625 0.39583333333333337 0.01875 0.03796296296296296
2 0.19140625 0.3944444444444445 0.015104166666666667 0.03333333333333333
1 0.52734375 0.6824074074074075 0.058854166666666666 0.11111111111111112
2 0.7059895833333333 0.40972222222222227 0.019270833333333334 0.03981481481481482
2 0.7223958333333333 0.38333333333333336 0.017708333333333333 0.037037037037037035
2 0.7346354166666667 0.3824074074074074 0.013020833333333334 0.02962962962962963
2 0.9200520833333333 0.4550925925925926 0.034895833333333334 0.0638888888888889
1 0.8692708333333333 0.3055555555555556 0.007291666666666667 0.016666666666666666
0 0.1765625 0.46111111111111114 0.10416666666666667 0.19814814814814816
0 0.5596354166666666 0.8111111111111111 0.19010416666666666 0.37777777777777777
0 0.9083333333333333 0.5833333333333334 0.08333333333333333 0.32407407407407407
0 0.7067708333333333 0.5208333333333334 0.06770833333333333 0.26944444444444443
0 0.7359375 0.4638888888888889 0.05520833333333333 0.19814814814814816
