2 0.21328125 0.3680555555555556 0.01614583333333333 0.032407407407407406
1 0.49114583333333334 0.5703703703703704 0.05 0.08518518518518518
2 0.4536458333333333 0.33287037037037037 0.010416666666666666 0.025
2 0.66640625 0.33611111111111114 0.008854166666666666 0.022222222222222223
1 0.7166666666666667 0.3300925925925926 0.010416666666666666 0.025
2 0.8734375 0.39212962962962966 0.017708333333333333 0.032407407407407406
2 0.8848958333333333 0.3925925925925926 0.013541666666666667 0.031481481481481485
2 0.9755208333333333 0.34814814814814815 0.010416666666666666 0.024074074074074074
0 0.20651041666666667 0.45231481481481484 0.10677083333333333 0.2101851851851852
0 0.44687499999999997 0.3907407407407408 0.05520833333333333 0.15185185185185185
0 0.96640625 0.40324074074074073 0.0546875 0.13425925925925927
0 0.8752604166666667 0.4777777777777778 0.07239583333333333 0.2111111111111111
0 0.49895833333333334 0.7615740740740741 0.17395833333333333 0.47685185185185186
0 0.7127604166666667 0.38333333333333336 0.033854166666666664 0.13333333333333333
0 0.6635416666666667 0.37962962962962965 0.04375 0.12962962962962962
