1 0.12473958333333333 0.4175925925925926 0.019270833333333334 0.05185185185185186
1 0.15729166666666666 0.41805555555555557 0.020833333333333332 0.04537037037037037
2 0.6700520833333333 0.3351851851851852 0.011979166666666666 0.02777777777777778
1 0.6864583333333333 0.5615740740740741 0.03854166666666667 0.08055555555555556
1 0.8861979166666667 0.34814814814814815 0.011979166666666666 0.024074074074074074
1 0.8705729166666667 0.3055555555555556 0.008854166666666666 0.018518518518518517
0 0.88515625 0.40925925925925927 0.043229166666666666 0.15555555555555556
0 0.11041666666666666 0.5356481481481482 0.1375 0.2953703703703704
0 0.6794270833333333 0.7597222222222223 0.1515625 0.48055555555555557
0 0.66640625 0.3888888888888889 0.03697916666666667 0.1388888888888889
