2 0.37864583333333335 0.36574074074074076 0.013541666666666667 0.02962962962962963
2 0.6158854166666666 0.33981481481481485 0.011979166666666666 0.02592592592592593
2 0.6270833333333333 0.3375 0.010416666666666666 0.025
1 0.71875 0.3365740740740741 0.011458333333333333 0.02314814814814815
2 0.7622395833333333 0.3231481481481482 0.0078125 0.018518518518518517
2 0.7692708333333333 0.3189814814814815 0.007291666666666667 0.017592592592592594
2 0.8015625 0.375462962962963 0.015625 0.03425925925925926
2 0.83046875 0.3875 0.0203125 0.03796296296296296
2 0.9260416666666667 0.3601851851851852 0.010416666666666666 0.022222222222222223
2 0.9729166666666667 0.35000000000000003 0.010416666666666666 0.022222222222222223
2 0.8955729166666666 0.337037037037037 0.009895833333333333 0.020370370370370372
2 0.97265625 0.3351851851851852 0.013020833333333334 0.014814814814814815
0 0.9661458333333334 0.3842592592592593 0.028125 0.12407407407407407
0 0.9744791666666667 0.4013888888888889 0.036458333333333336 0.13796296296296298
0 0.8955729166666666 0.3875 0.0359375 0.1287037037037037
0 0.3734375 0.4152777777777778 0.06354166666666666 0.13611111111111113
0 0.9239583333333333 0.4217592592592593 0.040625 0.1527777777777778
0 0.7627604166666666 0.36064814814814816 0.033854166666666664 0.11388888888888889
0 0.79453125 0.45416666666666666 0.043229166666666666 0.19722222222222224
0 0.8286458333333333 0.4842592592592593 0.06979166666666667 0.24444444444444446
0 0.7166666666666667 0.38796296296296295 0.0375 0.13333333333333333
0 0.6135416666666667 0.39490740740740743 0.051041666666666666 0.14907407407407408
