1 0.03125 0.4175925925925926 0.03125 0.06296296296296297
1 0.062239583333333334 0.4240740740740741 0.0265625 0.053703703703703705
2 0.2520833333333333 0.5462962962962963 0.042708333333333334 0.08148148148148149
2 0.29973958333333334 0.538425925925926 0.0390625 0.075
2 0.7541666666666667 0.4310185185185185 0.022916666666666665 0.05092592592592593
2 0.8677083333333333 0.38981481481481484 0.015625 0.031481481481481485
2 0.8489583333333334 0.3523148148148148 0.015625 0.028703703703703703
0 0.04375 0.5365740740740741 0.08541666666666667 0.30648148148148147
0 0.4122395833333333 0.44074074074074077 0.08177083333333333 0.2
0 0.8385416666666666 0.4152777777777778 0.052083333333333336 0.15833333333333333
0 0.8713541666666667 0.47314814814814815 0.059375 0.20185185185185187
0 0.3109375 0.7462962962962963 0.21770833333333334 0.5074074074074074
0 0.7484375 0.5680555555555555 0.103125 0.3287037037037037
