1 0.025 0.4175925925925926 0.03125 0.06296296296296297
1 0.050520833333333334 0.4226851851851852 0.027083333333333334 0.05277777777777778
2 0.3265625 0.37777777777777777 0.014583333333333334 0.03333333333333333
2 0.3346354166666667 0.37453703703703706 0.008854166666666666 0.028703703703703703
2 0.7625 0.4046296296296297 0.01875 0.03888888888888889
2 0.7744791666666666 0.40601851851851856 0.017708333333333333 0.03796296296296296
2 0.9140625 0.3731481481481482 0.014583333333333334 0.031481481481481485
2 0.9528645833333333 0.35370370370370374 0.013020833333333334 0.024074074074074074
2 0.9419270833333333 0.32962962962962966 0.013020833333333334 0.02592592592592593
2 0.8713541666666667 0.31574074074074077 0.00625 0.018518518518518517
0 0.043229166666666666 0.5375 0.08541666666666667 0.30462962962962964
0 0.3265625 0.46574074074074073 0.08854166666666667 0.22592592592592595
0 0.9533854166666667 0.41620370370370374 0.0421875 0.14907407407407408
0 0.7627604166666666 0.5097222222222222 0.0859375 0.2601851851851852
0 0.9106770833333333 0.45601851851851855 0.0609375 0.20462962962962963
