2 0.3046875 0.700925925925926 0.052083333333333336 0.10370370370370371
2 0.2994791666666667 0.6532407407407408 0.057291666666666664 0.11018518518518519
2 0.8416666666666667 0.3736111111111111 0.015625 0.032407407407407406
2 0.8885416666666667 0.35879629629629634 0.011458333333333333 0.02314814814814815
2 0.8963541666666667 0.3421296296296296 0.008333333333333333 0.019444444444444445
1 0.9747395833333333 0.3652777777777778 0.015104166666666667 0.030555555555555558
1 0.84921875 0.30462962962962964 0.005729166666666666 0.012962962962962964
1 0.8520833333333333 0.3023148148148148 0.00625 0.01388888888888889
0 0.8947916666666667 0.3939814814814815 0.035416666666666666 0.12685185185185185
0 0.9716145833333333 0.4310185185185185 0.04635416666666667 0.1712962962962963
0 0.88671875 0.42129629629629634 0.04635416666666667 0.15
0 0.8385416666666666 0.4532407407407408 0.05520833333333333 0.20092592592592592
0 0.31744791666666666 0.7981481481481482 0.2838541666666667 0.40370370370370373
