2 0.08828125 0.6583333333333333 0.04114583333333333 0.1
2 0.016666666666666666 0.6856481481481482 0.03333333333333333 0.1212962962962963
2 0.7013020833333333 0.41064814814814815 0.0203125 0.04166666666666667
1 0.8526041666666666 0.4361111111111111 0.025 0.05185185185185186
1 0.8682291666666666 0.4351851851851852 0.019791666666666666 0.0462962962962963
2 0.8544270833333333 0.3087962962962963 0.0067708333333333336 0.01388888888888889
1 0.8039062499999999 0.3092592592592593 0.005729166666666666 0.014814814814814815
0 0.8520833333333333 0.5541666666666667 0.103125 0.2953703703703704
0 0.6966145833333334 0.5148148148148148 0.07864583333333333 0.2555555555555556
0 0.1265625 0.800462962962963 0.24895833333333334 0.3990740740740741
