2 0.7614583333333333 0.4166666666666667 0.017708333333333333 0.037037037037037035
1 0.77421875 0.41435185185185186 0.0140625 0.03796296296296296
1 0.7588541666666666 0.31527777777777777 0.007291666666666667 0.015740740740740743
2 0.8135416666666666 0.3162037037037037 0.007291666666666667 0.015740740740740743
2 0.9416666666666667 0.34861111111111115 0.011458333333333333 0.021296296296296296
1 0.9653645833333333 0.3773148148148148 0.015104166666666667 0.030555555555555558
1 0.9765625 0.3768518518518519 0.0125 0.02962962962962963
1 0.8692708333333333 0.30972222222222223 0.007291666666666667 0.015740740740740743
1 0.8885416666666667 0.30462962962962964 0.007291666666666667 0.014814814814814815
0 0.9651041666666667 0.45416666666666666 0.0625 0.19351851851851853
0 0.9369791666666667 0.4050925925925926 0.03958333333333333 0.13796296296296298
0 0.7625 0.5152777777777778 0.08229166666666667 0.24722222222222223
0 0.76015625 0.35000000000000003 0.027604166666666666 0.0925925925925926
0 0.8127604166666667 0.34814814814814815 0.0265625 0.09074074074074075
