2 0.18359375 0.7050925925925926 0.059895833333333336 0.13055555555555556
2 0.8119791666666667 0.3699074074074074 0.0125 0.028703703703703703
2 0.8296875 0.3199074074074074 0.008333333333333333 0.017592592592592594
2 0.9221354166666667 0.33240740740740743 0.008854166666666666 0.018518518518518517
2 0.9403645833333333 0.3662037037037037 0.0140625 0.032407407407407406
2 0.93984375 0.32916666666666666 0.009895833333333333 0.019444444444444445
2 0.94609375 0.33333333333333337 0.0078125 0.012962962962962964
2 0.88671875 0.3078703703703704 0.0067708333333333336 0.015740740740740743
0 0.9184895833333333 0.3893518518518519 0.034895833333333334 0.13796296296296298
0 0.9372395833333333 0.42592592592592593 0.0453125 0.16666666666666669
0 0.81484375 0.4486111111111111 0.05364583333333333 0.19351851851851853
0 0.8270833333333333 0.362962962962963 0.028125 0.10925925925925926
0 0.24322916666666666 0.8171296296296297 0.2375 0.36574074074074076
