1 0.3575520833333333 0.3944444444444445 0.021354166666666667 0.0462962962962963
1 0.93359375 0.33472222222222225 0.0109375 0.021296296296296296
1 0.8604166666666666 0.31342592592592594 0.009375 0.021296296296296296
1 0.6799479166666667 0.32453703703703707 0.011979166666666666 0.02314814814814815
2 0.7307291666666667 0.40601851851851856 0.016666666666666666 0.04351851851851852
2 0.7421875 0.40231481481481485 0.016666666666666666 0.03796296296296296
2 0.8729166666666667 0.3680555555555556 0.0125 0.025
2 0.8838541666666666 0.3597222222222222 0.0125 0.026851851851851852
2 0.9979166666666667 0.32037037037037036 0.00625 0.016666666666666666
2 0.3520833333333333 0.4324074074074074 0.014583333333333334 0.031481481481481485
0 0.93359375 0.3875 0.03697916666666667 0.13240740740740742
0 0.8791666666666667 0.42592592592592593 0.053125 0.16296296296296298
0 0.7416666666666667 0.5115740740740741 0.075 0.2638888888888889
0 0.3575520833333333 0.4912037037037037 0.11510416666666666 0.24351851851851852
0 0.6776041666666667 0.3662037037037037 0.03125 0.10833333333333334
