2 0.05963541666666666 0.5750000000000001 0.050520833333333334 0.10185185185185186
2 0.36822916666666666 0.35555555555555557 0.014583333333333334 0.02592592592592593
2 0.6916666666666667 0.3731481481481482 0.016666666666666666 0.03518518518518519
2 0.6947916666666667 0.33333333333333337 0.010416666666666666 0.024074074074074074
2 0.6690104166666666 0.32222222222222224 0.008854166666666666 0.020370370370370372
1 0.8828125 0.4236111111111111 0.025 0.04722222222222222
0 0.7005208333333334 0.47314814814814815 0.06666666666666667 0.24074074074074076
0 0.871875 0.5305555555555556 0.09375 0.26666666666666666
0 0.09557291666666666 0.7620370370370371 0.18802083333333333 0.4759259259259259
0 0.3625 0.4203703703703704 0.07916666666666666 0.17962962962962964
0 0.6872395833333333 0.38333333333333336 0.0421875 0.13148148148148148
0 0.6651041666666666 0.36712962962962964 0.03229166666666666 0.1175925925925926
