2 0.14505208333333333 0.38472222222222224 0.0171875 0.04166666666666667
2 0.16640625 0.3837962962962963 0.018229166666666668 0.04166666666666667
2 0.8505208333333333 0.5087962962962963 0.026041666666666668 0.05648148148148149
2 0.8184895833333333 0.3675925925925926 0.0140625 0.02962962962962963
2 0.9307291666666666 0.32731481481481484 0.009375 0.019444444444444445
2 0.9375 0.3337962962962963 0.00625 0.017592592592592594
2 0.8388020833333333 0.4935185185185185 0.024479166666666666 0.053703703703703705
0 0.93203125 0.38101851851851853 0.03802083333333333 0.13796296296296298
0 0.8151041666666666 0.4388888888888889 0.052083333333333336 0.17592592592592593
0 0.8317708333333333 0.6532407407407408 0.14479166666666665 0.3787037037037037
0 0.15703125 0.4513888888888889 0.08177083333333333 0.20092592592592592
0 0.14010416666666667 0.4898148148148148 0.12083333333333333 0.26296296296296295
