2 0.3 0.6402777777777778 0.04583333333333333 0.10833333333333334
2 0.3307291666666667 0.6078703703703704 0.04583333333333333 0.09166666666666667
2 0.7403645833333333 0.3842592592592593 0.01614583333333333 0.03333333333333333
2 0.8549479166666667 0.39537037037037037 0.015104166666666667 0.03518518518518519
2 0.8643229166666666 0.38981481481481484 0.0140625 0.03333333333333333
2 0.9611979166666667 0.45925925925925926 0.0265625 0.05925925925925926
2 0.98671875 0.4587962962962963 0.025520833333333333 0.05648148148148149
2 0.6236979166666666 0.3236111111111111 0.0078125 0.019444444444444445
2 0.8427083333333333 0.325 0.007291666666666667 0.016666666666666666
0 0.61875 0.3675925925925926 0.04479166666666667 0.11111111111111112
0 0.840625 0.36944444444444446 0.027083333333333334 0.10925925925925926
0 0.74140625 0.4689814814814815 0.0640625 0.20833333333333334
0 0.8619791666666666 0.48194444444444445 0.07083333333333333 0.21944444444444444
0 0.94609375 0.6078703703703704 0.10781249999999999 0.36388888888888893
0 0.3359375 0.7819444444444444 0.22604166666666667 0.4361111111111111
