2 0.71328125 0.4365740740740741 0.021354166666666667 0.05277777777777778
2 0.9109375 0.4199074074074074 0.019791666666666666 0.04537037037037037
2 0.8940104166666667 0.42638888888888893 0.019270833333333334 0.04166666666666667
2 0.8791666666666667 0.350462962962963 0.011458333333333333 0.025
2 0.9559895833333333 0.34861111111111115 0.011979166666666666 0.02314814814814815
2 0.721875 0.3476851851851852 0.0125 0.030555555555555558
2 0.68046875 0.32175925925925924 0.0067708333333333336 0.017592592592592594
2 0.9229166666666666 0.2990740740740741 0.005208333333333333 0.011111111111111112
0 0.6190104166666667 0.3675925925925926 0.0453125 0.10925925925925926
0 0.7166666666666667 0.41064814814814815 0.03958333333333333 0.1564814814814815
0 0.8794270833333333 0.4115740740740741 0.0453125 0.14722222222222223
0 0.9578125 0.4046296296296297 0.04583333333333333 0.14444444444444446
0 0.8947916666666667 0.5412037037037037 0.078125 0.2953703703703704
0 0.7145833333333333 0.5476851851851852 0.08020833333333333 0.287962962962963
