1 0.01171875 0.3875 0.024479166666666666 0.04537037037037037
1 0.5260416666666666 0.5810185185185185 0.04895833333333333 0.10092592592592593
1 0.8963541666666667 0.29305555555555557 0.00625 0.012037037037037037
2 0.9734375 0.3523148148148148 0.011458333333333333 0.02314814814814815
2 0.10390624999999999 0.5782407407407407 0.0453125 0.09351851851851853
2 0.559375 0.3425925925925926 0.0125 0.031481481481481485
0 0.9739583333333334 0.4138888888888889 0.03958333333333333 0.14814814814814814
0 0.5565104166666667 0.40694444444444444 0.05260416666666667 0.16018518518518518
0 0.53515625 0.763888888888889 0.19114583333333332 0.47222222222222227
0 0.1296875 0.7648148148148148 0.25625 0.4703703703703704
