1 0.7572916666666667 0.4671296296296297 0.02395833333333333 0.04722222222222222
1 0.9575520833333333 0.5726851851851852 0.04114583333333333 0.08240740740740742
1 0.6895833333333333 0.3509259259259259 0.016666666666666666 0.02962962962962963
1 0.8265625 0.31851851851851853 0.009375 0.020370370370370372
1 0.7763020833333333 0.30324074074074076 0.008854166666666666 0.017592592592592594
2 0.76796875 0.4828703703703704 0.028645833333333332 0.0638888888888889
2 0.9484374999999999 0.6064814814814815 0.034375 0.07222222222222223
2 0.8700520833333333 0.35324074074074074 0.0140625 0.02314814814814815
2 0.9864583333333333 0.3263888888888889 0.011458333333333333 0.019444444444444445
2 0.7013020833333333 0.3300925925925926 0.009895833333333333 0.025
2 0.7109375 0.3263888888888889 0.010416666666666666 0.021296296296296296
2 0.8533854166666667 0.30185185185185187 0.0067708333333333336 0.014814814814814815
0 0.9848958333333333 0.3717592592592593 0.027083333333333334 0.10833333333333334
0 0.8684895833333334 0.41574074074074074 0.044270833333333336 0.15
0 0.821875 0.36203703703703705 0.03333333333333333 0.11111111111111112
0 0.6893229166666667 0.4134259259259259 0.043229166666666666 0.1527777777777778
0 0.9356770833333333 0.7666666666666667 0.12760416666666666 0.4666666666666667
0 0.7572916666666667 0.6222222222222222 0.12291666666666666 0.3574074074074074
