2 0.20078125 0.5222222222222223 0.03697916666666667 0.07962962962962963
2 0.23645833333333333 0.5115740740740741 0.03854166666666667 0.0787037037037037
2 0.3221354166666667 0.4027777777777778 0.019270833333333334 0.040740740740740744
2 0.3421875 0.3842592592592593 0.016666666666666666 0.037037037037037035
2 0.63125 0.45740740740740743 0.03125 0.06296296296296297
2 0.9783854166666667 0.3509259259259259 0.01614583333333333 0.02777777777777778
2 0.97421875 0.31712962962962965 0.009895833333333333 0.017592592592592594
1 0.8796875 0.34444444444444444 0.013541666666666667 0.024074074074074074
1 0.7911458333333333 0.3314814814814815 0.0125 0.02592592592592593
2 0.9432291666666667 0.3421296296296296 0.013541666666666667 0.02314814814814815
0 0.9778645833333334 0.42453703703703705 0.04114583333333333 0.17685185185185187
0 0.9328124999999999 0.39537037037037037 0.03854166666666667 0.13333333333333333
0 0.3184895833333333 0.48935185185185187 0.10781249999999999 0.2638888888888889
0 0.7888020833333333 0.3842592592592593 0.0359375 0.13333333333333333
0 0.8791666666666667 0.4 0.0375 0.1388888888888889
0 0.6364583333333333 0.6134259259259259 0.11562499999999999 0.3787037037037037
0 0.2520833333333333 0.7185185185185186 0.196875 0.49074074074074076
