2 0.02421875 0.6842592592592592 0.0484375 0.11111111111111112
2 0.06770833333333333 0.7574074074074074 0.041666666666666664 0.08148148148148149
2 0.7486979166666666 0.3768518518518519 0.0171875 0.03333333333333333
2 0.8458333333333333 0.37083333333333335 0.016666666666666666 0.03425925925925926
1 0.6877604166666667 0.34675925925925927 0.01614583333333333 0.030555555555555558
1 0.98203125 0.32222222222222224 0.009895833333333333 0.014814814814814815
1 0.921875 0.3078703703703704 0.009375 0.015740740740740743
0 0.6859375 0.4152777777777778 0.042708333333333334 0.16574074074074074
0 0.8401041666666667 0.45462962962962966 0.059375 0.1962962962962963
0 0.7473958333333334 0.4615740740740741 0.06458333333333333 0.20833333333333334
0 0.11041666666666666 0.8092592592592593 0.21562499999999998 0.3814814814814815
