1 0.2526041666666667 0.4759259259259259 0.03854166666666667 0.07592592592592592
1 0.8624999999999999 0.38796296296296295 0.016666666666666666 0.031481481481481485
2 0.8526041666666666 0.39814814814814814 0.015625 0.02962962962962963
2 0.9445312499999999 0.3675925925925926 0.015104166666666667 0.02962962962962963
2 0.7854166666666667 0.3143518518518519 0.007291666666666667 0.015740740740740743
1 0.9627604166666667 0.2939814814814815 0.0067708333333333336 0.010185185185185186
2 0.7677083333333333 0.40092592592592596 0.016666666666666666 0.03333333333333333
0 0.9406249999999999 0.4398148148148148 0.05625 0.17592592592592593
0 0.85234375 0.47453703703703703 0.0671875 0.2064814814814815
0 0.24973958333333332 0.6532407407407408 0.14114583333333333 0.42685185185185187
