1 0.27838541666666666 0.5449074074074074 0.0453125 0.08425925925925926
1 0.40390624999999997 0.34814814814814815 0.015104166666666667 0.03518518518518519
1 0.73203125 0.5050925925925926 0.04010416666666666 0.07685185185185185
1 0.7984375 0.31712962962962965 0.010416666666666666 0.021296296296296296
2 0.78046875 0.437962962962963 0.018229166666666668 0.04259259259259259
2 0.7989583333333333 0.42685185185185187 0.021875 0.04814814814814815
2 0.88671875 0.3907407407407408 0.0234375 0.03333333333333333
2 0.3921875 0.35555555555555557 0.013541666666666667 0.02962962962962963
1 0.9721354166666667 0.32083333333333336 0.009895833333333333 0.017592592592592594
0 0.9674479166666666 0.36064814814814816 0.022395833333333334 0.10277777777777779
0 0.79453125 0.35324074074074074 0.0265625 0.09907407407407408
0 0.3885416666666667 0.4236111111111111 0.08333333333333333 0.18611111111111112
0 0.2908854166666667 0.750925925925926 0.2015625 0.4981481481481482
0 0.8869791666666667 0.47731481481481486 0.07395833333333333 0.20833333333333334
0 0.7916666666666666 0.5402777777777777 0.1 0.27685185185185185
0 0.7385416666666667 0.6944444444444444 0.13333333333333333 0.45
