2 0.07369791666666667 0.39351851851851855 0.021354166666666667 0.04814814814814815
2 0.93125 0.38101851851851853 0.013541666666666667 0.028703703703703703
2 0.94375 0.3726851851851852 0.014583333333333334 0.030555555555555558
2 0.9609375 0.3527777777777778 0.016666666666666666 0.02592592592592593
1 0.7286458333333333 0.3990740740740741 0.019791666666666666 0.04259259259259259
1 0.890625 0.3976851851851852 0.021875 0.03796296296296296
1 0.55078125 0.4962962962962963 0.03697916666666667 0.07222222222222223
1 0.7018229166666666 0.3277777777777778 0.0109375 0.02592592592592593
0 0.6963541666666666 0.3763888888888889 0.035416666666666666 0.12314814814814816
0 0.559375 0.6763888888888889 0.12395833333333334 0.437962962962963
0 0.06276041666666667 0.48888888888888893 0.1203125 0.25925925925925924
0 0.7333333333333333 0.4986111111111111 0.065625 0.24351851851851852
0 0.96640625 0.4078703703703704 0.03697916666666667 0.13796296296296298
0 0.9375 0.45046296296296295 0.06354166666666666 0.18611111111111112
0 0.89140625 0.500462962962963 0.0734375 0.24351851851851852
