1 0.55234375 0.3462962962962963 0.0140625 0.031481481481481485
1 0.8122395833333333 0.38703703703703707 0.0171875 0.037037037037037035
1 0.8736979166666666 0.350462962962963 0.013020833333333334 0.026851851851851852
1 0.9591145833333333 0.3560185185185185 0.01614583333333333 0.025
2 0.9825520833333333 0.3314814814814815 0.011979166666666666 0.020370370370370372
0 0.5458333333333333 0.41203703703703703 0.051041666666666666 0.16481481481481483
0 0.8145833333333333 0.47500000000000003 0.05520833333333333 0.21666666666666667
0 0.8744791666666667 0.41574074074074074 0.04583333333333333 0.15555555555555556
0 0.9828125 0.3736111111111111 0.03333333333333333 0.11018518518518519
0 0.9575520833333333 0.425 0.05364583333333333 0.16666666666666669
