2 0.2421875 0.5319444444444444 0.0375 0.08425925925925926
2 0.20807291666666666 0.5439814814814815 0.03697916666666667 0.06944444444444445
2 0.7385416666666667 0.4351851851851852 0.021875 0.04814814814814815
1 0.6518229166666667 0.3375 0.009895833333333333 0.02314814814814815
1 0.6533854166666666 0.33101851851851855 0.0109375 0.02314814814814815
2 0.96953125 0.3652777777777778 0.0140625 0.028703703703703703
1 0.9221354166666667 0.3037037037037037 0.0078125 0.016666666666666666
0 0.9697916666666666 0.44074074074074077 0.05 0.17777777777777778
0 0.7401041666666667 0.5652777777777778 0.08854166666666667 0.3138888888888889
0 0.25703125 0.700925925925926 0.19427083333333334 0.4277777777777778
0 0.6494791666666666 0.38703703703703707 0.040625 0.1388888888888889
