2 0.3481770833333333 0.5078703703703704 0.028645833333333332 0.0638888888888889
2 0.3796875 0.49953703703703706 0.028125 0.0712962962962963
2 0.8208333333333333 0.4365740740740741 0.025 0.05648148148148149
2 0.9421875 0.34074074074074073 0.011458333333333333 0.02592592592592593
2 0.9973958333333334 0.3800925925925926 0.00625 0.025
2 0.9135416666666667 0.37083333333333335 0.014583333333333334 0.028703703703703703
0 0.3731770833333333 0.6893518518518519 0.15364583333333334 0.4527777777777778
0 0.8223958333333333 0.5875 0.09375 0.36203703703703705
0 0.94296875 0.4 0.043229166666666666 0.14814814814814814
0 0.9119791666666667 0.4537037037037037 0.053125 0.19444444444444445
