1 0.121875 0.6810185185185186 0.06875 0.125
1 0.5723958333333333 0.3685185185185185 0.015625 0.03333333333333333
1 0.5013020833333334 0.3523148148148148 0.015104166666666667 0.032407407407407406
1 0.76484375 0.31342592592592594 0.0067708333333333336 0.015740740740740743
1 0.7692708333333333 0.3111111111111111 0.007291666666666667 0.016666666666666666
2 0.7520833333333333 0.39305555555555555 0.015625 0.032407407407407406
2 0.9354166666666667 0.45092592592592595 0.026041666666666668 0.04814814814814815
2 0.9013020833333333 0.3731481481481482 0.0171875 0.03333333333333333
0 0.9294270833333333 0.5953703703703704 0.11197916666666667 0.34074074074074073
0 0.90078125 0.45555555555555555 0.0546875 0.1962962962962963
0 0.49609375 0.4199074074074074 0.0484375 0.1787037037037037
0 0.5703125 0.44351851851851853 0.06354166666666666 0.1925925925925926
0 0.7625 0.34814814814814815 0.028125 0.0962962962962963
0 0.8338541666666667 0.35000000000000003 0.025 0.0925925925925926
0 0.75 0.4847222222222222 0.05625 0.21944444444444444
0 0.14765625 0.8097222222222222 0.2546875 0.3805555555555556
