1 0.16119791666666666 0.4199074074074074 0.033854166666666664 0.05092592592592593
1 0.3302083333333333 0.37777777777777777 0.01875 0.037037037037037035
1 0.80625 0.40231481481481485 0.021875 0.036111111111111115
1 0.7674479166666667 0.32083333333333336 0.009895833333333333 0.017592592592592594
1 0.7018229166666666 0.3148148148148148 0.009895833333333333 0.020370370370370372
2 0.9249999999999999 0.33981481481481485 0.008333333333333333 0.018518518518518517
2 0.9822916666666667 0.40555555555555556 0.01875 0.03333333333333333
2 0.9932291666666666 0.33472222222222225 0.011458333333333333 0.02314814814814815
0 0.9677083333333333 0.5143518518518518 0.06458333333333333 0.25277777777777777
0 0.31927083333333334 0.46851851851851856 0.08333333333333333 0.22222222222222224
0 0.14661458333333333 0.5541666666666667 0.15364583333333334 0.3194444444444445
0 0.69765625 0.3592592592592593 0.03177083333333333 0.11111111111111112
0 0.7653645833333333 0.3675925925925926 0.03177083333333333 0.10925925925925926
0 0.9216145833333333 0.38703703703703707 0.03177083333333333 0.12407407407407407
0 0.803125 0.512962962962963 0.07395833333333333 0.2611111111111111
