2 0.48854166666666665 0.3578703703703704 0.0125 0.028703703703703703
2 0.45 0.4861111111111111 0.030208333333333334 0.05925925925925926
2 0.56328125 0.4416666666666667 0.0203125 0.044444444444444446
2 0.8565104166666666 0.40601851851851856 0.0171875 0.03425925925925926
2 0.95859375 0.37777777777777777 0.013020833333333334 0.02777777777777778
1 0.8588541666666667 0.36388888888888893 0.013541666666666667 0.02777777777777778
1 0.7322916666666667 0.538425925925926 0.0375 0.07685185185185185
1 0.5216145833333333 0.5481481481481482 0.0390625 0.06851851851851852
1 0.8651041666666667 0.39861111111111114 0.016666666666666666 0.032407407407407406
0 0.9520833333333333 0.45092592592592595 0.051041666666666666 0.17777777777777778
0 0.8546874999999999 0.40601851851851856 0.05625 0.11018518518518519
0 0.48802083333333335 0.4185185185185185 0.057291666666666664 0.16111111111111112
0 0.8588541666666667 0.5078703703703704 0.07708333333333334 0.2490740740740741
0 0.7419270833333333 0.7439814814814815 0.13489583333333333 0.4916666666666667
0 0.5744791666666667 0.5546296296296297 0.07916666666666666 0.27222222222222225
0 0.5270833333333333 0.7560185185185185 0.146875 0.487962962962963
0 0.4432291666666667 0.6643518518518519 0.11458333333333333 0.425
