2 0.32838541666666665 0.3731481481481482 0.0140625 0.03333333333333333
2 0.3489583333333333 0.38472222222222224 0.01875 0.036111111111111115
2 0.6208333333333333 0.33425925925925926 0.011458333333333333 0.024074074074074074
2 0.8263020833333333 0.3597222222222222 0.0140625 0.030555555555555558
2 0.9205729166666666 0.34444444444444444 0.013020833333333334 0.024074074074074074
2 0.9645833333333333 0.31712962962962965 0.008333333333333333 0.017592592592592594
2 0.7283854166666667 0.32546296296296295 0.0078125 0.021296296296296296
2 0.7346354166666667 0.325 0.0078125 0.016666666666666666
2 0.7486979166666666 0.3189814814814815 0.008854166666666666 0.02314814814814815
0 0.8239583333333333 0.4337962962962963 0.05625 0.1824074074074074
0 0.6140625 0.38842592592592595 0.040625 0.14166666666666666
0 0.7510416666666666 0.35462962962962963 0.028125 0.09814814814814815
0 0.72734375 0.3712962962962963 0.0328125 0.11851851851851852
0 0.965625 0.3685185185185185 0.030208333333333334 0.11111111111111112
0 0.9132812499999999 0.3990740740740741 0.04739583333333333 0.13703703703703704
0 0.3463541666666667 0.47175925925925927 0.08541666666666667 0.225
