2 0.4041666666666667 0.5472222222222223 0.0375 0.07407407407407407
2 0.43359375 0.5388888888888889 0.04739583333333333 0.07222222222222223
1 0.5255208333333333 0.36203703703703705 0.020833333333333332 0.04259259259259259
1 0.37057291666666664 0.362962962962963 0.01614583333333333 0.031481481481481485
1 0.3802083333333333 0.3615740740740741 0.011458333333333333 0.030555555555555558
1 0.82578125 0.3648148148148148 0.0140625 0.02777777777777778
0 0.8276041666666667 0.4356481481481482 0.051041666666666666 0.1712962962962963
0 0.5197916666666667 0.4481481481481482 0.0625 0.21666666666666667
0 0.36302083333333335 0.4430555555555556 0.084375 0.19907407407407407
0 0.42734374999999997 0.7481481481481482 0.17552083333333332 0.49074074074074076
