1 0.19375 0.39814814814814814 0.030208333333333334 0.05555555555555556
2 0.5151041666666667 0.5111111111111112 0.034375 0.06851851851851852
2 0.6463541666666667 0.40555555555555556 0.02395833333333333 0.03888888888888889
2 0.73203125 0.4763888888888889 0.027604166666666666 0.05277777777777778
2 0.7510416666666666 0.4791666666666667 0.027083333333333334 0.04722222222222222
2 0.7640625 0.4324074074074074 0.019791666666666666 0.040740740740740744
2 0.7755208333333333 0.4277777777777778 0.017708333333333333 0.03888888888888889
1 0.9338541666666667 0.3416666666666667 0.0125 0.022222222222222223
1 0.8934895833333333 0.30462962962962964 0.0078125 0.014814814814814815
2 0.90859375 0.30185185185185187 0.005729166666666666 0.012962962962962964
2 0.9255208333333333 0.29814814814814816 0.00625 0.012962962962962964
0 0.9315104166666667 0.39212962962962966 0.03697916666666667 0.1287037037037037
0 0.17682291666666666 0.5287037037037037 0.14739583333333334 0.32037037037037036
0 0.78046875 0.5324074074074074 0.0671875 0.2518518518518519
0 0.6408854166666667 0.5092592592592593 0.07864583333333333 0.2518518518518519
0 0.7408854166666666 0.638888888888889 0.09427083333333333 0.3814814814814815
0 0.5114583333333333 0.6944444444444444 0.15104166666666666 0.43703703703703706
