1 0.3953125 0.3578703703703704 0.013541666666666667 0.030555555555555558
1 0.40703125 0.3611111111111111 0.011979166666666666 0.031481481481481485
2 0.5625 0.3509259259259259 0.010416666666666666 0.024074074074074074
2 0.5822916666666667 0.4861111111111111 0.03333333333333333 0.07407407407407407
2 0.596875 0.5106481481481482 0.020833333333333332 0.062037037037037036
1 0.7625 0.42453703703703705 0.026041666666666668 0.04722222222222222
1 0.7736979166666667 0.42314814814814816 0.019270833333333334 0.05
2 0.6643229166666667 0.33101851851851855 0.008854166666666666 0.019444444444444445
1 0.8419270833333333 0.30972222222222223 0.0078125 0.017592592592592594
1 0.9523437499999999 0.3013888888888889 0.005729166666666666 0.012037037037037037
2 0.9268229166666666 0.30092592592592593 0.005729166666666666 0.011111111111111112
2 0.9940104166666667 0.3574074074074074 0.013020833333333334 0.040740740740740744
0 0.59375 0.6685185185185185 0.128125 0.44074074074074077
0 0.7744791666666666 0.5393518518518519 0.0875 0.287962962962963
0 0.8388020833333333 0.3439814814814815 0.022395833333333334 0.08796296296296297
0 0.66171875 0.375 0.034895833333333334 0.11481481481481481
0 0.5559895833333334 0.4134259259259259 0.0453125 0.16018518518518518
0 0.38828125 0.4412037037037037 0.07760416666666667 0.2064814814814815
