2 0.7658854166666667 0.3893518518518519 0.018229166666666668 0.03981481481481482
2 0.7833333333333333 0.31712962962962965 0.009375 0.015740740740740743
1 0.9770833333333333 0.4083333333333333 0.020833333333333332 0.04259259259259259
1 0.9619791666666666 0.4027777777777778 0.017708333333333333 0.03518518518518519
2 0.9338541666666667 0.36342592592592593 0.014583333333333334 0.032407407407407406
2 0.8494791666666667 0.31203703703703706 0.007291666666666667 0.014814814814814815
0 0.8479166666666667 0.3509259259259259 0.027083333333333334 0.10370370370370371
0 0.7854166666666667 0.3541666666666667 0.03333333333333333 0.09907407407407408
0 0.76640625 0.48750000000000004 0.07447916666666667 0.24166666666666667
0 0.9661458333333334 0.5018518518518519 0.06770833333333333 0.23703703703703705
0 0.9317708333333333 0.4342592592592593 0.04895833333333333 0.17407407407407408
