2 0.0390625 0.6222222222222222 0.04895833333333333 0.10185185185185186
2 0.06640625 0.41111111111111115 0.0203125 0.04814814814814815
2 0.59296875 0.4273148148148148 0.022395833333333334 0.04722222222222222
2 0.7606770833333333 0.33287037037037037 0.009895833333333333 0.02314814814814815
2 0.7520833333333333 0.32453703703703707 0.010416666666666666 0.021296296296296296
2 0.70859375 0.3912037037037037 0.013020833333333334 0.028703703703703703
1 0.6994791666666667 0.37962962962962965 0.019791666666666666 0.03333333333333333
1 0.7986979166666667 0.4587962962962963 0.0265625 0.049074074074074076
2 0.07708333333333334 0.4041666666666667 0.01875 0.05092592592592593
0 0.06640625 0.5171296296296296 0.12864583333333332 0.287962962962963
0 0.75625 0.37824074074074077 0.03333333333333333 0.125
0 0.7057291666666666 0.4759259259259259 0.06458333333333333 0.2240740740740741
0 0.8049479166666667 0.6055555555555556 0.09739583333333333 0.34814814814814815
0 0.6192708333333333 0.5560185185185186 0.128125 0.3990740740740741
0 0.12239583333333333 0.7800925925925927 0.24375 0.4398148148148148
