2 0.5869791666666666 0.4564814814814815 0.02395833333333333 0.061111111111111116
2 0.6109375 0.4666666666666667 0.022916666666666665 0.053703703703703705
2 0.68125 0.40925925925925927 0.016666666666666666 0.037037037037037035
2 0.74453125 0.38472222222222224 0.019270833333333334 0.028703703703703703
2 0.61953125 0.34074074074074073 0.0109375 0.02962962962962963
2 0.38828125 0.3773148148148148 0.018229166666666668 0.04351851851851852
2 0.8286458333333333 0.40972222222222227 0.019791666666666666 0.04537037037037037
2 0.8424479166666666 0.41481481481481486 0.0140625 0.03333333333333333
2 0.8768229166666667 0.37083333333333335 0.015104166666666667 0.03425925925925926
2 0.9536458333333333 0.39212962962962966 0.016666666666666666 0.03425925925925926
2 0.9544270833333334 0.3462962962962963 0.013020833333333334 0.022222222222222223
1 0.9497395833333333 0.3194444444444445 0.009895833333333333 0.018518518518518517
2 0.8203125 0.32175925925925924 0.009375 0.017592592592592594
2 0.9601562499999999 0.38796296296296295 0.015104166666666667 0.03333333333333333
0 0.378125 0.46990740740740744 0.08125 0.22870370370370371
0 0.6239583333333333 0.3962962962962963 0.053125 0.14814814814814814
0 0.8192708333333333 0.3578703703703704 0.028125 0.09907407407407408
0 0.6028645833333334 0.6041666666666667 0.1109375 0.3564814814814815
0 0.8395833333333333 0.5115740740740741 0.078125 0.25277777777777777
0 0.9559895833333333 0.4814814814814815 0.07135416666666666 0.22777777777777777
0 0.6825520833333333 0.5050925925925926 0.0734375 0.23981481481481481
0 0.7588541666666666 0.4620370370370371 0.057291666666666664 0.1851851851851852
0 0.959375 0.39814814814814814 0.05520833333333333 0.17037037037037037
0 0.8760416666666666 0.44212962962962965 0.04479166666666667 0.18425925925925926
