1 0.3890625 0.4638888888888889 0.03229166666666666 0.06296296296296297
2 0.7208333333333333 0.5722222222222223 0.057291666666666664 0.07962962962962963
2 0.8859374999999999 0.42083333333333334 0.01875 0.03796296296296296
2 0.8947916666666667 0.42824074074074076 0.010416666666666666 0.03425925925925926
2 0.81875 0.32222222222222224 0.007291666666666667 0.014814814814814815
1 0.7544270833333333 0.32083333333333336 0.008854166666666666 0.021296296296296296
1 0.70234375 0.3277777777777778 0.009895833333333333 0.022222222222222223
1 0.7088541666666667 0.32592592592592595 0.008333333333333333 0.020370370370370372
1 0.975 0.5013888888888889 0.030208333333333334 0.0638888888888889
0 0.38046875 0.6365740740740741 0.16614583333333333 0.4138888888888889
0 0.734375 0.7574074074074074 0.15 0.4851851851851852
0 0.94765625 0.6606481481481482 0.1046875 0.4101851851851852
0 0.7010416666666667 0.3736111111111111 0.040625 0.12314814814814816
0 0.8828125 0.5439814814814815 0.11041666666666666 0.28425925925925927
0 0.74921875 0.3601851851851852 0.03177083333333333 0.10555555555555556
0 0.8143229166666667 0.3574074074074074 0.028645833333333332 0.09444444444444444
