1 0.31484375 0.38287037037037036 0.0203125 0.04166666666666667
1 0.3346354166666667 0.3768518518518519 0.0171875 0.04259259259259259
1 0.50546875 0.35694444444444445 0.015104166666666667 0.030555555555555558
1 0.9341145833333333 0.4013888888888889 0.0171875 0.036111111111111115
2 0.8182291666666667 0.4375 0.021875 0.04537037037037037
2 0.6510416666666666 0.34490740740740744 0.009375 0.02314814814814815
2 0.7580729166666667 0.3194444444444445 0.0078125 0.018518518518518517
0 0.8109375 0.5708333333333333 0.08854166666666667 0.3212962962962963
0 0.9283854166666666 0.49722222222222223 0.0609375 0.23703703703703705
0 0.30807291666666664 0.4666666666666667 0.09427083333333333 0.22962962962962963
0 0.49557291666666664 0.4217592592592593 0.0609375 0.1787037037037037
0 0.6427083333333333 0.39675925925925926 0.040625 0.13240740740740742
0 0.7559895833333333 0.3574074074074074 0.0296875 0.10185185185185186
