1 0.21666666666666667 0.39537037037037037 0.022916666666666665 0.04814814814814815
2 0.49921875 0.3662037037037037 0.013020833333333334 0.030555555555555558
2 0.5682291666666667 0.513425925925926 0.027083333333333334 0.06018518518518519
2 0.59609375 0.5037037037037038 0.0296875 0.06481481481481481
2 0.6588541666666666 0.33333333333333337 0.010416666666666666 0.022222222222222223
2 0.8479166666666667 0.3912037037037037 0.016666666666666666 0.036111111111111115
1 0.9549479166666667 0.36944444444444446 0.0140625 0.02777777777777778
0 0.84765625 0.4814814814814815 0.06510416666666667 0.22222222222222224
0 0.95078125 0.4439814814814815 0.0515625 0.17685185185185187
0 0.5971354166666667 0.6893518518518519 0.1484375 0.44351851851851853
0 0.2046875 0.48703703703703705 0.11770833333333333 0.24444444444444446
0 0.48984374999999997 0.4305555555555556 0.0609375 0.17037037037037037
0 0.6567708333333333 0.38287037037037036 0.03958333333333333 0.13425925925925927
