2 0.66328125 0.4324074074074074 0.0203125 0.0462962962962963
1 0.8583333333333333 0.3699074074074074 0.015625 0.036111111111111115
1 0.9565104166666667 0.35879629629629634 0.013020833333333334 0.025
1 0.9614583333333333 0.33472222222222225 0.009375 0.017592592592592594
1 0.9869791666666666 0.34490740740740744 0.011458333333333333 0.021296296296296296
1 0.8247395833333333 0.3111111111111111 0.0078125 0.014814814814814815
0 0.8213541666666666 0.3421296296296296 0.027083333333333334 0.08425925925925926
0 0.66640625 0.5666666666666667 0.08489583333333334 0.31666666666666665
0 0.9830729166666666 0.4013888888888889 0.033854166666666664 0.14537037037037037
0 0.8533854166666667 0.4393518518518519 0.0609375 0.17314814814814816
0 0.9510416666666667 0.4277777777777778 0.04791666666666666 0.1685185185185185
