1 0.76953125 0.3180555555555556 0.0078125 0.017592592592592594
2 0.85546875 0.32175925925925924 0.0078125 0.017592592592592594
2 0.8533854166666667 0.3652777777777778 0.009895833333333333 0.025
1 0.9385416666666666 0.3425925925925926 0.013541666666666667 0.022222222222222223
1 0.9729166666666667 0.33055555555555555 0.011458333333333333 0.020370370370370372
0 0.8510416666666667 0.36342592592592593 0.025 0.10833333333333334
0 0.7661458333333333 0.3564814814814815 0.030208333333333334 0.09814814814814815
0 0.85234375 0.4398148148148148 0.050520833333333334 0.17962962962962964
0 0.9328124999999999 0.39537037037037037 0.04583333333333333 0.12962962962962962
0 0.9677083333333333 0.3805555555555556 0.035416666666666666 0.12222222222222223
