1 0.7893229166666667 0.44212962962962965 0.0265625 0.04537037037037037
1 0.7997395833333333 0.4449074074074074 0.015104166666666667 0.04166666666666667
2 0.7815104166666667 0.4013888888888889 0.0171875 0.03425925925925926
1 0.9143229166666667 0.36944444444444446 0.0140625 0.02962962962962963
1 0.903125 0.3513888888888889 0.0125 0.02314814814814815
2 0.9825520833333333 0.35324074074074074 0.0140625 0.02314814814814815
1 0.9151041666666666 0.3041666666666667 0.00625 0.01388888888888889
0 0.9799479166666667 0.4240740740740741 0.0390625 0.17037037037037037
0 0.8911458333333333 0.40925925925925927 0.03854166666666667 0.14074074074074075
0 0.9135416666666667 0.44537037037037036 0.052083333333333336 0.18703703703703706
0 0.7864583333333334 0.5819444444444445 0.12291666666666666 0.325
0 0.7799479166666666 0.4564814814814815 0.0734375 0.14814814814814814
