1 0.46249999999999997 0.437962962962963 0.025 0.05185185185185186
1 0.4942708333333333 0.4337962962962963 0.030208333333333334 0.05462962962962963
1 0.7549479166666666 0.40370370370370373 0.022395833333333334 0.040740740740740744
1 0.7356770833333334 0.33101851851851855 0.0109375 0.021296296296296296
1 0.42135416666666664 0.3560185185185185 0.021875 0.03425925925925926
1 0.4388020833333333 0.3490740740740741 0.015104166666666667 0.031481481481481485
1 0.8651041666666667 0.3787037037037037 0.019791666666666666 0.03518518518518519
1 0.9028645833333333 0.33194444444444443 0.0109375 0.03425925925925926
1 0.8674479166666667 0.3226851851851852 0.008854166666666666 0.017592592592592594
1 0.8606770833333334 0.30694444444444446 0.0078125 0.015740740740740743
2 0.984375 0.3476851851851852 0.0125 0.019444444444444445
0 0.4940104166666667 0.5782407407407407 0.1109375 0.3490740740740741
0 0.7552083333333334 0.5162037037037037 0.07083333333333333 0.2657407407407408
0 0.8651041666666667 0.45925925925925926 0.057291666666666664 0.2
0 0.73046875 0.37824074074074077 0.033854166666666664 0.1212962962962963
0 0.9036458333333334 0.3902777777777778 0.03854166666666667 0.13425925925925927
0 0.9825520833333333 0.40555555555555556 0.034895833333333334 0.13518518518518519
0 0.41953124999999997 0.425462962962963 0.06927083333333334 0.18981481481481483
