2 0.575 0.3453703703703704 0.010416666666666666 0.020370370370370372
2 0.584375 0.3439814814814815 0.009375 0.019444444444444445
2 0.7388020833333333 0.33842592592592596 0.009895833333333333 0.025
2 0.9328124999999999 0.34814814814814815 0.011458333333333333 0.02592592592592593
1 0.8942708333333333 0.3162037037037037 0.008333333333333333 0.017592592592592594
2 0.8520833333333333 0.3074074074074074 0.00625 0.014814814814814815
2 0.8216145833333334 0.3078703703703704 0.0067708333333333336 0.01388888888888889
0 0.73671875 0.3856481481481482 0.030729166666666665 0.12685185185185185
0 0.5692708333333333 0.40231481481481485 0.05416666666666667 0.16203703703703703
0 0.93125 0.41712962962962963 0.04375 0.16203703703703703
