1 0.6239583333333333 0.4351851851851852 0.021875 0.044444444444444446
1 0.6330729166666667 0.42453703703703705 0.0203125 0.04537037037037037
1 0.7544270833333333 0.48750000000000004 0.03177083333333333 0.05648148148148149
2 0.75859375 0.46944444444444444 0.025520833333333333 0.0462962962962963
2 0.8731770833333333 0.35833333333333334 0.015104166666666667 0.02777777777777778
2 0.9184895833333333 0.3388888888888889 0.0109375 0.022222222222222223
2 0.9888020833333333 0.3282407407407408 0.0067708333333333336 0.01388888888888889
2 0.9861979166666667 0.31574074074074077 0.0067708333333333336 0.012962962962962964
2 0.4270833333333333 0.3476851851851852 0.0125 0.028703703703703703
0 0.4192708333333333 0.41250000000000003 0.059375 0.1712962962962963
0 0.9859375 0.375 0.028125 0.11481481481481481
0 0.9125 0.3888888888888889 0.04479166666666667 0.12962962962962962
0 0.86953125 0.42314814814814816 0.04739583333333333 0.15925925925925927
0 0.7484375 0.6106481481481482 0.11979166666666667 0.33240740740740743
0 0.6283854166666667 0.549074074074074 0.10677083333333333 0.30185185185185187
