2 0.9661458333333334 0.32592592592592595 0.011458333333333333 0.020370370370370372
2 0.99375 0.3148148148148148 0.007291666666666667 0.020370370370370372
1 0.8947916666666667 0.39537037037037037 0.015625 0.03333333333333333
1 0.8651041666666667 0.36388888888888893 0.0125 0.024074074074074074
1 0.8669270833333333 0.35833333333333334 0.013020833333333334 0.024074074074074074
2 0.31145833333333334 0.3592592592592593 0.014583333333333334 0.03333333333333333
0 0.30182291666666666 0.4356481481481482 0.08489583333333334 0.19907407407407407
0 0.9645833333333333 0.3717592592592593 0.03229166666666666 0.10648148148148148
0 0.88515625 0.46990740740740744 0.07552083333333333 0.19351851851851853
0 0.86015625 0.4277777777777778 0.05364583333333333 0.17037037037037037
