2 0.21197916666666666 0.37083333333333335 0.016666666666666666 0.036111111111111115
2 0.5747395833333333 0.3597222222222222 0.0140625 0.026851851851851852
2 0.5747395833333333 0.34675925925925927 0.011979166666666666 0.019444444444444445
1 0.6776041666666667 0.31712962962962965 0.0125 0.02314814814814815
1 0.92265625 0.4115740740740741 0.0203125 0.03796296296296296
1 0.9083333333333333 0.40185185185185185 0.017708333333333333 0.03518518518518519
2 0.825 0.3180555555555556 0.007291666666666667 0.017592592592592594
1 0.8619791666666666 0.3074074074074074 0.007291666666666667 0.016666666666666666
2 0.9291666666666667 0.35694444444444445 0.0125 0.025
2 0.9807291666666667 0.325 0.008333333333333333 0.014814814814814815
2 0.8979166666666667 0.2990740740740741 0.004166666666666667 0.009259259259259259
1 0.9614583333333333 0.3162037037037037 0.009375 0.019444444444444445
2 0.48723958333333334 0.3490740740740741 0.013020833333333334 0.02962962962962963
1 0.8151041666666666 0.3189814814814815 0.007291666666666667 0.01388888888888889
0 0.20911458333333333 0.4550925925925926 0.10052083333333334 0.21574074074074076
0 0.978125 0.3726851851851852 0.03125 0.11944444444444445
0 0.93046875 0.4217592592592593 0.0421875 0.1564814814814815
0 0.67578125 0.36064814814814816 0.0359375 0.11388888888888889
0 0.8223958333333333 0.35694444444444445 0.025 0.09907407407407408
0 0.9140625 0.5064814814814815 0.06458333333333333 0.2425925925925926
0 0.5716145833333334 0.42314814814814816 0.06197916666666667 0.17962962962962964
0 0.4864583333333333 0.4138888888888889 0.053125 0.16481481481481483
