2 0.103125 0.6532407407407408 0.07083333333333333 0.10092592592592593
2 0.6723958333333333 0.39583333333333337 0.017708333333333333 0.036111111111111115
2 0.8283854166666667 0.3907407407407408 0.0140625 0.02592592592592593
2 0.8429687499999999 0.3925925925925926 0.013020833333333334 0.02777777777777778
2 0.7817708333333333 0.3180555555555556 0.009375 0.019444444444444445
1 0.40390624999999997 0.35370370370370374 0.0140625 0.03333333333333333
0 0.66953125 0.5046296296296297 0.07135416666666666 0.2518518518518519
0 0.8348958333333333 0.4666666666666667 0.06875 0.1814814814814815
0 0.39921875 0.4236111111111111 0.0609375 0.17500000000000002
0 0.13984375 0.7981481481481482 0.2796875 0.40370370370370373
0 0.6729166666666666 0.3893518518518519 0.03854166666666667 0.13055555555555556
0 0.778125 0.3541666666666667 0.030208333333333334 0.09907407407407408
