2 0.08984375 0.750925925925926 0.05572916666666666 0.11851851851851852
1 0.19088541666666667 0.6842592592592592 0.06510416666666667 0.12037037037037038
2 0.6161458333333333 0.4217592592592593 0.017708333333333333 0.03796296296296296
2 0.7671875 0.44953703703703707 0.022916666666666665 0.04166666666666667
2 0.7872395833333333 0.46574074074074073 0.025520833333333333 0.0462962962962963
2 0.8518229166666667 0.37453703703703706 0.0109375 0.02314814814814815
1 0.8583333333333333 0.3685185185185185 0.011458333333333333 0.02592592592592593
2 0.9835937499999999 0.36203703703703705 0.01614583333333333 0.02962962962962963
0 0.9770833333333333 0.42962962962962964 0.04583333333333333 0.16666666666666669
0 0.8533854166666667 0.4393518518518519 0.0609375 0.16574074074074074
0 0.7841145833333333 0.6097222222222223 0.1109375 0.3601851851851852
0 0.6111979166666667 0.5277777777777778 0.09114583333333333 0.25
0 0.203125 0.8111111111111111 0.31145833333333334 0.37777777777777777
