2 0.8151041666666666 0.32083333333333336 0.008333333333333333 0.017592592592592594
2 0.7658854166666667 0.38333333333333336 0.013020833333333334 0.02962962962962963
1 0.7354166666666666 0.4527777777777778 0.027083333333333334 0.05
2 0.7143229166666667 0.47175925925925927 0.0234375 0.049074074074074076
2 0.5927083333333333 0.4189814814814815 0.02395833333333333 0.05092592592592593
2 0.3729166666666667 0.5375 0.04375 0.08796296296296297
2 0.33125 0.5518518518518519 0.03854166666666667 0.07777777777777778
2 0.9424479166666666 0.3851851851851852 0.015104166666666667 0.02592592592592593
2 0.9518229166666666 0.39537037037037037 0.013020833333333334 0.024074074074074074
1 0.9625 0.3439814814814815 0.010416666666666666 0.019444444444444445
0 0.9630208333333333 0.3944444444444445 0.03125 0.12037037037037038
0 0.9473958333333333 0.48333333333333334 0.06770833333333333 0.22592592592592595
0 0.7614583333333333 0.45601851851851855 0.06145833333333333 0.1824074074074074
0 0.7286458333333333 0.5986111111111111 0.13645833333333332 0.3472222222222222
0 0.5971354166666667 0.5537037037037037 0.10572916666666667 0.31851851851851853
0 0.36041666666666666 0.7439814814814815 0.19895833333333332 0.5120370370370371
0 0.8125 0.3564814814814815 0.025 0.0925925925925926
