1 0.5263020833333333 0.6361111111111112 0.04739583333333333 0.0962962962962963
1 0.5505208333333333 0.6069444444444445 0.05 0.09537037037037037
2 0.3299479166666667 0.37962962962962965 0.018229166666666668 0.03888888888888889
2 0.3463541666666667 0.375462962962963 0.014583333333333334 0.032407407407407406
2 0.6440104166666667 0.34305555555555556 0.008854166666666666 0.021296296296296296
2 0.8283854166666667 0.32916666666666666 0.0078125 0.019444444444444445
2 0.84609375 0.3087962962962963 0.0078125 0.017592592592592594
2 0.8885416666666667 0.3662037037037037 0.014583333333333334 0.030555555555555558
2 0.9010416666666666 0.3652777777777778 0.014583333333333334 0.028703703703703703
1 0.6401041666666667 0.3375 0.011458333333333333 0.021296296296296296
2 0.8333333333333334 0.32453703703703707 0.008333333333333333 0.019444444444444445
2 0.975 0.3282407407407408 0.009375 0.017592592592592594
0 0.9723958333333333 0.37453703703703706 0.03229166666666666 0.11388888888888889
0 0.8921875 0.43333333333333335 0.052083333333333336 0.17037037037037037
0 0.5315104166666667 0.7805555555555556 0.2296875 0.4388888888888889
0 0.32526041666666666 0.4689814814814815 0.0953125 0.2212962962962963
0 0.6408854166666667 0.39861111111111114 0.0421875 0.14351851851851852
0 0.8276041666666667 0.37222222222222223 0.03229166666666666 0.11296296296296297
