2 0.165625 0.7236111111111111 0.059375 0.1175925925925926
2 0.24166666666666667 0.6638888888888889 0.052083333333333336 0.11666666666666667
2 0.7638020833333333 0.4625 0.0203125 0.05092592592592593
1 0.7552083333333334 0.4740740740740741 0.029166666666666667 0.05740740740740741
1 0.5833333333333334 0.3402777777777778 0.0125 0.026851851851851852
1 0.44947916666666665 0.3685185185185185 0.016666666666666666 0.03518518518518519
1 0.9114583333333334 0.350462962962963 0.011458333333333333 0.025
2 0.896875 0.33425925925925926 0.010416666666666666 0.022222222222222223
2 0.9427083333333334 0.34074074074074073 0.011458333333333333 0.022222222222222223
2 0.946875 0.33796296296296297 0.009375 0.020370370370370372
0 0.4388020833333333 0.4537037037037037 0.07239583333333333 0.20740740740740743
0 0.5809895833333333 0.3962962962962963 0.03697916666666667 0.1425925925925926
0 0.9466145833333334 0.3944444444444445 0.04114583333333333 0.13333333333333333
0 0.89453125 0.3856481481481482 0.044270833333333336 0.13055555555555556
0 0.9098958333333333 0.4217592592592593 0.04375 0.16574074074074074
0 0.7552083333333334 0.6023148148148149 0.11666666666666667 0.3287037037037037
0 0.2421875 0.8032407407407408 0.3364583333333333 0.39351851851851855
