1 0.9651041666666667 0.3861111111111111 0.016666666666666666 0.037037037037037035
2 0.8052083333333333 0.3856481481481482 0.015625 0.030555555555555558
1 0.07421875 0.41111111111111115 0.0234375 0.05740740740740741
2 0.975 0.3907407407407408 0.007291666666666667 0.02962962962962963
0 0.96171875 0.4703703703703704 0.07239583333333333 0.20370370370370372
0 0.07890625 0.5291666666666667 0.09427083333333333 0.287962962962963
0 0.84765625 0.3625 0.0296875 0.10092592592592593
0 0.8234374999999999 0.3560185185185185 0.026041666666666668 0.09351851851851853
0 0.8247395833333333 0.3402777777777778 0.0328125 0.08240740740740742
0 0.7927083333333333 0.47175925925925927 0.07604166666666666 0.20462962962962963
