2 0.7322916666666667 0.33842592592592596 0.010416666666666666 0.02314814814814815
2 0.7643229166666666 0.32037037037037036 0.0078125 0.020370370370370372
1 0.7697916666666667 0.32083333333333336 0.008333333333333333 0.019444444444444445
1 0.7921875 0.3111111111111111 0.007291666666666667 0.014814814814814815
1 0.7966145833333333 0.3138888888888889 0.0078125 0.014814814814814815
2 0.5768229166666666 0.5694444444444444 0.03177083333333333 0.07777777777777778
2 0.9533854166666667 0.34074074074074073 0.0109375 0.020370370370370372
1 0.8291666666666666 0.3277777777777778 0.011458333333333333 0.020370370370370372
0 0.7276041666666666 0.3888888888888889 0.036458333333333336 0.12962962962962962
0 0.7309895833333333 0.3787037037037037 0.0359375 0.12037037037037038
0 0.8263020833333333 0.37592592592592594 0.03177083333333333 0.11481481481481481
0 0.7614583333333333 0.362962962962963 0.03125 0.10555555555555556
0 0.7953125 0.3458333333333333 0.03333333333333333 0.08796296296296297
0 0.9442708333333333 0.39490740740740743 0.046875 0.12685185185185185
0 0.5705729166666667 0.7657407407407407 0.1640625 0.46851851851851856
