2 0.42135416666666664 0.5865740740740741 0.05520833333333333 0.08611111111111111
2 0.4395833333333333 0.5884259259259259 0.028125 0.08796296296296297
2 0.8015625 0.4967592592592593 0.03958333333333333 0.062037037037037036
2 0.8260416666666667 0.4949074074074074 0.029166666666666667 0.058333333333333334
2 0.9583333333333334 0.3717592592592593 0.011458333333333333 0.028703703703703703
1 0.9776041666666666 0.3578703703703704 0.0125 0.026851851851851852
2 0.72578125 0.32222222222222224 0.0078125 0.018518518518518517
2 0.7315104166666666 0.3199074074074074 0.0067708333333333336 0.015740740740740743
0 0.7263020833333333 0.3680555555555556 0.034895833333333334 0.11203703703703705
0 0.8395833333333333 0.33796296296296297 0.019791666666666666 0.07407407407407407
0 0.8692708333333333 0.3439814814814815 0.030208333333333334 0.08981481481481482
0 0.9354166666666667 0.34351851851851856 0.020833333333333332 0.07777777777777778
0 0.9596354166666666 0.4444444444444445 0.043229166666666666 0.17407407407407408
0 0.8156249999999999 0.6643518518518519 0.15 0.39722222222222225
0 0.4395833333333333 0.7712962962962964 0.19895833333333332 0.45740740740740743
