1 0.24687499999999998 0.6342592592592593 0.06145833333333333 0.10740740740740741
2 0.27838541666666666 0.525 0.034895833333333334 0.07592592592592592
2 0.6458333333333334 0.5402777777777777 0.058333333333333334 0.07314814814814816
2 0.66796875 0.4240740740740741 0.022395833333333334 0.05
2 0.6947916666666667 0.337037037037037 0.010416666666666666 0.022222222222222223
2 0.4947916666666667 0.35555555555555557 0.0125 0.02962962962962963
2 0.8557291666666667 0.35370370370370374 0.013541666666666667 0.02777777777777778
1 0.8346354166666666 0.31574074074074077 0.008854166666666666 0.018518518518518517
2 0.9895833333333334 0.425 0.022916666666666665 0.05
2 0.9888020833333333 0.3425925925925926 0.009895833333333333 0.018518518518518517
2 0.9861979166666667 0.3578703703703704 0.008854166666666666 0.015740740740740743
1 0.91796875 0.3041666666666667 0.005729166666666666 0.01388888888888889
0 0.8575520833333333 0.4189814814814815 0.0453125 0.16018518518518518
0 0.6515625 0.5555555555555556 0.12291666666666666 0.31666666666666665
0 0.65546875 0.7342592592592593 0.13072916666666667 0.46296296296296297
0 0.28020833333333334 0.7027777777777778 0.17291666666666666 0.42592592592592593
0 0.24609375 0.7902777777777779 0.23177083333333334 0.41944444444444445
0 0.490625 0.4185185185185185 0.059375 0.1574074074074074
0 0.6916666666666667 0.38981481481481484 0.042708333333333334 0.13703703703703704
0 0.8325520833333333 0.3513888888888889 0.024479166666666666 0.09166666666666667
0 0.9169270833333333 0.33194444444444443 0.021354166666666667 0.0712962962962963
