2 0.8494791666666667 0.3652777777777778 0.011458333333333333 0.026851851851851852
2 0.9731770833333333 0.3458333333333333 0.0109375 0.02314814814814815
2 0.9817708333333334 0.34675925925925927 0.009375 0.019444444444444445
1 0.60625 0.33981481481481485 0.013541666666666667 0.02962962962962963
2 0.8393229166666667 0.32546296296296295 0.008854166666666666 0.019444444444444445
1 0.7950520833333333 0.3092592592592593 0.009895833333333333 0.016666666666666666
1 0.91171875 0.30092592592592593 0.0078125 0.014814814814814815
0 0.9757812499999999 0.40925925925925927 0.0484375 0.1537037037037037
0 0.8533854166666667 0.4388888888888889 0.04635416666666667 0.17962962962962964
0 0.5997395833333333 0.3939814814814815 0.0453125 0.13796296296296298
0 0.7890625 0.34120370370370373 0.027083333333333334 0.08425925925925926
0 0.8351562499999999 0.3675925925925926 0.03177083333333333 0.10740740740740741
