1 0.721875 0.5620370370370371 0.05 0.0925925925925926
2 0.6630208333333333 0.4185185185185185 0.02395833333333333 0.040740740740740744
2 0.6815104166666667 0.40925925925925927 0.019270833333333334 0.037037037037037035
2 0.6377604166666666 0.3226851851851852 0.009895833333333333 0.019444444444444445
2 0.6466145833333333 0.32592592592592595 0.008854166666666666 0.018518518518518517
2 0.66171875 0.3425925925925926 0.011979166666666666 0.02592592592592593
2 0.6734375 0.3416666666666667 0.011458333333333333 0.020370370370370372
2 0.5934895833333333 0.34074074074074073 0.011979166666666666 0.022222222222222223
1 0.090625 0.6532407407407408 0.07395833333333333 0.12314814814814816
1 0.80703125 0.3263888888888889 0.009895833333333333 0.019444444444444445
1 0.8216145833333334 0.31851851851851853 0.008854166666666666 0.018518518518518517
0 0.6723958333333333 0.5208333333333334 0.090625 0.2601851851851852
0 0.7236979166666666 0.7578703703703704 0.1859375 0.4842592592592593
0 0.13411458333333334 0.7962962962962963 0.2682291666666667 0.40740740740740744
0 0.665625 0.3976851851851852 0.05 0.14537037037037037
0 0.5947916666666666 0.39583333333333337 0.051041666666666666 0.13611111111111113
0 0.6395833333333333 0.3731481481481482 0.0375 0.12592592592592594
0 0.803125 0.3726851851851852 0.030208333333333334 0.11388888888888889
0 0.8205729166666667 0.35462962962962963 0.0234375 0.09814814814814815
