2 0.2916666666666667 0.5351851851851852 0.035416666666666666 0.07222222222222223
2 0.31979166666666664 0.5328703703703704 0.025 0.0712962962962963
2 0.5075520833333333 0.4620370370370371 0.027604166666666666 0.061111111111111116
2 0.5255208333333333 0.4671296296296297 0.016666666666666666 0.049074074074074076
2 0.6796875 0.4930555555555556 0.028125 0.06018518518518519
2 0.6291666666666667 0.39166666666666666 0.01875 0.037037037037037035
2 0.6494791666666666 0.40370370370370373 0.016666666666666666 0.03333333333333333
1 0.6549479166666666 0.3416666666666667 0.013020833333333334 0.02962962962962963
1 0.6270833333333333 0.36203703703703705 0.014583333333333334 0.03333333333333333
2 0.9192708333333334 0.4041666666666667 0.017708333333333333 0.030555555555555558
1 0.8893229166666666 0.38101851851851853 0.01614583333333333 0.03425925925925926
1 0.7986979166666667 0.3768518518518519 0.01614583333333333 0.03333333333333333
2 0.9424479166666666 0.33842592592592596 0.0109375 0.019444444444444445
2 0.4671875 0.37222222222222223 0.015625 0.031481481481481485
2 0.4828125 0.3592592592592593 0.013541666666666667 0.02777777777777778
2 0.4888020833333333 0.33842592592592596 0.0109375 0.025
2 0.49947916666666664 0.33842592592592596 0.010416666666666666 0.025
2 0.41380208333333335 0.36435185185185187 0.015104166666666667 0.030555555555555558
2 0.43072916666666666 0.36712962962962964 0.011458333333333333 0.028703703703703703
0 0.94375 0.38842592592592595 0.0375 0.12314814814814816
0 0.7994791666666666 0.4620370370370371 0.059375 0.20185185185185187
0 0.8864583333333333 0.4671296296296297 0.057291666666666664 0.20833333333333334
0 0.921875 0.500462962962963 0.06145833333333333 0.21944444444444444
0 0.6455729166666666 0.4986111111111111 0.07447916666666667 0.2564814814814815
0 0.684375 0.6611111111111111 0.10416666666666667 0.3925925925925926
0 0.5161458333333333 0.6069444444444445 0.13125 0.35833333333333334
0 0.3268229166666667 0.75 0.19947916666666665 0.5
0 0.47265625 0.44583333333333336 0.0765625 0.2138888888888889
0 0.40859375 0.4351851851851852 0.07552083333333333 0.17962962962962964
0 0.48828125 0.4064814814814815 0.0515625 0.16296296296296298
0 0.6208333333333333 0.4365740740740741 0.05416666666666667 0.1824074074074074
0 0.6528645833333333 0.40231481481481485 0.03802083333333333 0.15462962962962964
