2 0.15598958333333332 0.40231481481481485 0.019270833333333334 0.03981481481481482
2 0.19505208333333332 0.3851851851851852 0.0171875 0.040740740740740744
2 0.28515625 0.38287037037037036 0.015104166666666667 0.030555555555555558
2 0.30104166666666665 0.3768518518518519 0.015625 0.037037037037037035
1 0.4973958333333333 0.4587962962962963 0.028125 0.058333333333333334
2 0.5260416666666666 0.45972222222222225 0.027083333333333334 0.06018518518518519
1 0.5630208333333333 0.35555555555555557 0.016666666666666666 0.03518518518518519
1 0.49374999999999997 0.3837962962962963 0.021875 0.03981481481481482
2 0.4184895833333333 0.3490740740740741 0.0109375 0.02962962962962963
2 0.428125 0.350462962962963 0.010416666666666666 0.026851851851851852
2 0.72734375 0.40694444444444444 0.024479166666666666 0.04351851851851852
2 0.77421875 0.38657407407407407 0.018229166666666668 0.03425925925925926
2 0.8130208333333333 0.3541666666666667 0.013541666666666667 0.026851851851851852
2 0.825 0.3597222222222222 0.011458333333333333 0.019444444444444445
2 0.86953125 0.4013888888888889 0.018229166666666668 0.03796296296296296
1 0.9223958333333333 0.3462962962962963 0.011458333333333333 0.022222222222222223
1 0.9924479166666667 0.3476851851851852 0.013020833333333334 0.02314814814814815
2 0.9955729166666667 0.36342592592592593 0.009895833333333333 0.021296296296296296
2 0.99375 0.3212962962962963 0.009375 0.016666666666666666
0 0.9223958333333333 0.4078703703703704 0.04375 0.14537037037037037
0 0.8244791666666667 0.425462962962963 0.051041666666666666 0.1712962962962963
0 0.8713541666666667 0.4949074074074074 0.059375 0.2212962962962963
0 0.7713541666666667 0.4708333333333333 0.071875 0.2064814814814815
0 0.7263020833333333 0.5166666666666667 0.09322916666666667 0.26666666666666666
0 0.52578125 0.625462962962963 0.12447916666666667 0.38796296296296295
0 0.14114583333333333 0.4986111111111111 0.16041666666666665 0.2712962962962963
0 0.28619791666666666 0.46435185185185185 0.10364583333333333 0.21203703703703705
0 0.41770833333333335 0.42453703703703705 0.059375 0.1824074074074074
0 0.48828125 0.48055555555555557 0.0796875 0.23333333333333334
0 0.55859375 0.4314814814814815 0.050520833333333334 0.18888888888888888
