2 0.08020833333333333 0.40092592592592596 0.007291666666666667 0.04259259259259259
2 0.12265625 0.39722222222222225 0.013020833333333334 0.037037037037037035
2 0.33671875 0.3648148148148148 0.013020833333333334 0.02962962962962963
1 0.30755208333333334 0.40972222222222227 0.028645833333333332 0.049074074074074076
1 0.4393229166666667 0.3736111111111111 0.0203125 0.04166666666666667
1 0.7885416666666667 0.38101851851851853 0.017708333333333333 0.032407407407407406
1 0.8950520833333333 0.2972222222222222 0.005729166666666666 0.011111111111111112
2 0.8708333333333333 0.3050925925925926 0.005208333333333333 0.012037037037037037
2 0.8638020833333333 0.3578703703703704 0.011979166666666666 0.025
2 0.80234375 0.37962962962962965 0.013020833333333334 0.03333333333333333
2 0.9020833333333333 0.35370370370370374 0.011458333333333333 0.022222222222222223
2 0.9760416666666667 0.3592592592592593 0.0125 0.022222222222222223
2 0.9072916666666666 0.33101851851851855 0.010416666666666666 0.019444444444444445
2 0.9169270833333333 0.33796296296296297 0.0078125 0.018518518518518517
0 0.915625 0.3856481481481482 0.036458333333333336 0.1287037037037037
0 0.9755208333333333 0.4226851851851852 0.041666666666666664 0.1527777777777778
0 0.90078125 0.40925925925925927 0.044270833333333336 0.1388888888888889
0 0.8585937499999999 0.4287037037037037 0.06510416666666667 0.17407407407407408
0 0.7994791666666666 0.4666666666666667 0.06145833333333333 0.20925925925925926
0 0.08203125 0.5 0.1453125 0.25
0 0.8708333333333333 0.33240740740740743 0.022916666666666665 0.07222222222222223
0 0.33177083333333335 0.44583333333333336 0.07604166666666666 0.2064814814814815
0 0.29921875 0.5319444444444444 0.11822916666666666 0.2916666666666667
0 0.4315104166666667 0.46620370370370373 0.07760416666666667 0.22870370370370371
