1 0.007552083333333333 0.3995370370370371 0.015104166666666667 0.04722222222222222
1 0.7729166666666667 0.42083333333333334 0.021875 0.04722222222222222
1 0.7158854166666666 0.32546296296296295 0.0109375 0.021296296296296296
2 0.496875 0.3476851851851852 0.011458333333333333 0.028703703703703703
2 0.50546875 0.34953703703703703 0.0078125 0.02314814814814815
2 0.8651041666666667 0.3625 0.0125 0.025
0 0.8624999999999999 0.43842592592592594 0.04895833333333333 0.18055555555555555
0 0.7731770833333333 0.5537037037037037 0.0890625 0.3074074074074074
0 0.49453125 0.4152777777777778 0.06510416666666667 0.17314814814814816
0 0.7119791666666666 0.3736111111111111 0.03125 0.1212962962962963
