2 0.7700520833333333 0.46481481481481485 0.028645833333333332 0.06666666666666667
1 0.7614583333333333 0.3893518518518519 0.01875 0.03796296296296296
2 0.9559895833333333 0.36944444444444446 0.013020833333333334 0.02962962962962963
2 0.9643229166666667 0.3736111111111111 0.013020833333333334 0.028703703703703703
1 0.8338541666666667 0.3055555555555556 0.007291666666666667 0.014814814814814815
2 0.79140625 0.32592592592592595 0.009895833333333333 0.022222222222222223
1 0.53203125 0.350462962962963 0.0140625 0.032407407407407406
1 0.5463541666666667 0.35185185185185186 0.013541666666666667 0.031481481481481485
0 0.5286458333333334 0.42824074074074076 0.059375 0.19166666666666668
0 0.78828125 0.36712962962962964 0.028645833333333332 0.10833333333333334
0 0.8328125 0.3365740740740741 0.021875 0.08240740740740742
0 0.9557291666666666 0.4416666666666667 0.06041666666666667 0.17592592592592593
0 0.7627604166666666 0.48240740740740745 0.0609375 0.2240740740740741
0 0.7583333333333333 0.5967592592592593 0.11875 0.33425925925925926
