2 0.5856770833333333 0.3458333333333333 0.009895833333333333 0.025
2 0.7736979166666667 0.32083333333333336 0.009895833333333333 0.02314814814814815
2 0.8104166666666667 0.3314814814814815 0.009375 0.020370370370370372
2 0.9252604166666667 0.33981481481481485 0.008854166666666666 0.020370370370370372
2 0.9375 0.35370370370370374 0.013541666666666667 0.022222222222222223
2 0.975 0.3314814814814815 0.010416666666666666 0.022222222222222223
1 0.90625 0.3013888888888889 0.005208333333333333 0.012037037037037037
0 0.9736979166666666 0.37592592592592594 0.0328125 0.11481481481481481
0 0.9309895833333334 0.41111111111111115 0.0515625 0.16666666666666669
0 0.5807291666666666 0.40555555555555556 0.042708333333333334 0.1388888888888889
0 0.7692708333333333 0.3685185185185185 0.03333333333333333 0.12037037037037038
0 0.80859375 0.3768518518518519 0.027604166666666666 0.11296296296296297
