2 0.2716145833333333 0.7166666666666667 0.05260416666666667 0.11111111111111112
2 0.8059895833333334 0.5481481481481482 0.022395833333333334 0.04814814814814815
2 0.8026041666666667 0.48055555555555557 0.01875 0.040740740740740744
2 0.88671875 0.45740740740740743 0.015104166666666667 0.02962962962962963
2 0.8984375 0.4601851851851852 0.010416666666666666 0.02777777777777778
2 0.9385416666666666 0.39166666666666666 0.010416666666666666 0.018518518518518517
1 0.7716145833333333 0.39490740740740743 0.009895833333333333 0.02314814814814815
1 0.7815104166666667 0.3861111111111111 0.0109375 0.022222222222222223
1 0.9588541666666667 0.4708333333333333 0.026041666666666668 0.04537037037037037
1 0.58828125 0.7962962962962963 0.059895833333333336 0.11296296296296297
2 0.546875 0.9097222222222222 0.057291666666666664 0.08981481481481482
0 0.8919270833333334 0.5486111111111112 0.08802083333333333 0.2138888888888889
0 0.9557291666666666 0.5810185185185185 0.08854166666666667 0.26944444444444443
0 0.81015625 0.5962962962962963 0.07447916666666667 0.2740740740740741
0 0.8138020833333334 0.700462962962963 0.0984375 0.36388888888888893
0 0.6088541666666667 0.8708333333333333 0.19583333333333333 0.25833333333333336
0 0.2869791666666667 0.8305555555555556 0.225 0.3388888888888889
0 0.77265625 0.4425925925925926 0.044270833333333336 0.13333333333333333
0 0.9385416666666666 0.4416666666666667 0.040625 0.12037037037037038
