2 0.24192708333333332 0.6314814814814815 0.04739583333333333 0.08703703703703704
2 0.30572916666666666 0.6194444444444445 0.042708333333333334 0.10185185185185186
2 0.9143229166666667 0.42129629629629634 0.0171875 0.03518518518518519
1 0.8463541666666666 0.3773148148148148 0.014583333333333334 0.032407407407407406
1 0.7221354166666667 0.38796296296296295 0.022395833333333334 0.03888888888888889
1 0.9963541666666667 0.3611111111111111 0.008333333333333333 0.02777777777777778
1 0.24192708333333332 0.37962962962962965 0.021354166666666667 0.044444444444444446
0 0.22942708333333334 0.47685185185185186 0.0828125 0.2425925925925926
0 0.8364583333333333 0.4277777777777778 0.0625 0.16296296296296298
0 0.8489583333333334 0.4537037037037037 0.051041666666666666 0.1851851851851852
0 0.90390625 0.5268518518518519 0.0734375 0.24814814814814815
0 0.72734375 0.48564814814814816 0.07135416666666666 0.23796296296296296
0 0.29244791666666664 0.7842592592592593 0.2734375 0.4314814814814815
