1 0.028906249999999998 0.6569444444444444 0.0109375 0.021296296296296296
1 0.046614583333333334 0.6560185185185186 0.008854166666666666 0.015740740740740743
1 0.5044270833333333 0.6351851851851852 0.019270833333333334 0.037037037037037035
1 0.5268229166666667 0.6444444444444445 0.021354166666666667 0.0462962962962963
2 0.35494791666666664 0.6347222222222223 0.0109375 0.021296296296296296
2 0.2296875 0.6435185185185185 0.008333333333333333 0.020370370370370372
0 0.5466145833333333 0.7523148148148149 0.1140625 0.275
0 0.23645833333333333 0.6962962962962963 0.05416666666666667 0.12962962962962962
0 0.030729166666666665 0.7074074074074075 0.0375 0.12222222222222223
0 0.35234375 0.6925925925925926 0.05260416666666667 0.14074074074074075
