1 0.2713541666666667 0.6092592592592593 0.008333333333333333 0.018518518518518517
2 0.10572916666666667 0.6129629629629629 0.007291666666666667 0.016666666666666666
2 0.2643229166666667 0.6074074074074074 0.0067708333333333336 0.014814814814814815
2 0.984375 0.6930555555555555 0.03333333333333333 0.06944444444444445
1 0.39140625 0.5967592592592593 0.0078125 0.017592592592592594
1 0.61953125 0.6046296296296296 0.0078125 0.016666666666666666
1 0.6486979166666667 0.600925925925926 0.009895833333333333 0.018518518518518517
0 0.10781249999999999 0.6486111111111111 0.027083333333333334 0.08796296296296297
0 0.39088541666666665 0.6268518518518519 0.0265625 0.08148148148148149
0 0.27239583333333334 0.6458333333333334 0.03229166666666666 0.10648148148148148
0 0.64609375 0.638888888888889 0.04010416666666666 0.10185185185185186
