2 0.5752604166666666 0.6037037037037037 0.027604166666666666 0.05
1 0.6184895833333334 0.5810185185185185 0.025520833333333333 0.05648148148148149
2 0.5919270833333333 0.5930555555555556 0.0234375 0.05277777777777778
1 0.5734375 0.5217592592592593 0.014583333333333334 0.032407407407407406
2 0.5583333333333333 0.513425925925926 0.0125 0.028703703703703703
1 0.4505208333333333 0.5032407407407408 0.014583333333333334 0.032407407407407406
2 0.43776041666666665 0.4981481481481482 0.011979166666666666 0.02592592592592593
0 0.44869791666666664 0.5717592592592593 0.0609375 0.17685185185185187
0 0.5716145833333334 0.5921296296296297 0.057812499999999996 0.1953703703703704
0 0.56953125 0.7097222222222223 0.1484375 0.33981481481481485
