1 0.6296875 0.6615740740740741 0.028125 0.06944444444444445
2 0.5104166666666666 0.6347222222222223 0.014583333333333334 0.032407407407407406
2 0.49921875 0.6268518518518519 0.013020833333333334 0.02962962962962963
2 0.4895833333333333 0.6319444444444444 0.009375 0.02314814814814815
1 0.9825520833333333 0.6050925925925926 0.013020833333333334 0.030555555555555558
2 0.29973958333333334 0.6337962962962963 0.018229166666666668 0.04722222222222222
0 0.9638020833333333 0.6680555555555556 0.07239583333333333 0.1638888888888889
0 0.5044270833333333 0.6981481481481482 0.058854166666666666 0.17407407407407408
0 0.31015625 0.7620370370370371 0.08802083333333333 0.3037037037037037
0 0.6359375 0.8111111111111111 0.10729166666666666 0.37777777777777777
0 0.646875 0.637962962962963 0.06354166666666666 0.10370370370370371
