2 0.46197916666666666 0.6611111111111111 0.026041666666666668 0.05925925925925926
2 0.50078125 0.6625 0.04114583333333333 0.0638888888888889
2 0.6125 0.5560185185185186 0.016666666666666666 0.03796296296296296
2 0.75078125 0.6106481481481482 0.022395833333333334 0.049074074074074076
2 0.7903645833333334 0.5893518518518519 0.025520833333333333 0.05462962962962963
2 0.8283854166666667 0.5393518518518519 0.013020833333333334 0.028703703703703703
2 0.84453125 0.5375 0.0140625 0.032407407407407406
2 0.9471354166666667 0.6171296296296297 0.025520833333333333 0.049074074074074076
1 0.9807291666666667 0.6148148148148148 0.030208333333333334 0.06481481481481481
0 0.9494791666666667 0.7611111111111112 0.10104166666666667 0.35000000000000003
0 0.8028645833333333 0.7143518518518519 0.17239583333333333 0.3138888888888889
0 0.5145833333333333 0.8175925925925926 0.22604166666666667 0.3648148148148148
0 0.5971354166666667 0.6550925925925927 0.1359375 0.23796296296296296
0 0.8302083333333333 0.6185185185185186 0.09375 0.20555555555555557
0 0.8106770833333333 0.6046296296296296 0.0671875 0.17037037037037037
