2 0.20755208333333333 0.6064814814814815 0.025520833333333333 0.0462962962962963
2 0.525 0.5407407407407407 0.016666666666666666 0.03518518518518519
2 0.59375 0.549074074074074 0.01875 0.03888888888888889
2 0.8713541666666667 0.5388888888888889 0.016666666666666666 0.03333333333333333
2 0.83671875 0.625 0.030729166666666665 0.05925925925925926
2 0.8067708333333333 0.6245370370370371 0.025 0.04722222222222222
1 0.9854166666666666 0.5587962962962963 0.015625 0.030555555555555558
0 0.84921875 0.7680555555555556 0.17552083333333332 0.3527777777777778
0 0.20052083333333334 0.7208333333333333 0.1875 0.2916666666666667
0 0.5744791666666667 0.6458333333333334 0.12291666666666666 0.24166666666666667
0 0.5096354166666667 0.6287037037037038 0.10364583333333333 0.21481481481481482
0 0.8591145833333333 0.6157407407407408 0.0734375 0.1851851851851852
