2 0.5921875 0.6287037037037038 0.026041666666666668 0.0462962962962963
2 0.9122395833333333 0.6722222222222223 0.022395833333333334 0.044444444444444446
2 0.8861979166666667 0.6717592592592593 0.0265625 0.04537037037037037
2 0.8567708333333334 0.6722222222222223 0.027083333333333334 0.05555555555555556
2 0.8036458333333333 0.6092592592592593 0.014583333333333334 0.02592592592592593
2 0.7130208333333333 0.611574074074074 0.016666666666666666 0.026851851851851852
2 0.6981770833333333 0.6231481481481481 0.01614583333333333 0.022222222222222223
1 0.34296875 0.6462962962962964 0.028645833333333332 0.0462962962962963
2 0.46510416666666665 0.6328703703703704 0.017708333333333333 0.030555555555555558
2 0.45286458333333335 0.637962962962963 0.013020833333333334 0.031481481481481485
0 0.4635416666666667 0.7162037037037037 0.07395833333333333 0.22870370370370371
0 0.3419270833333333 0.7648148148148148 0.0796875 0.2833333333333333
0 0.5908854166666666 0.7527777777777778 0.17447916666666666 0.2833333333333333
0 0.7041666666666666 0.6870370370370371 0.06458333333333333 0.1814814814814815
0 0.8039062499999999 0.6800925925925926 0.0734375 0.17500000000000002
0 0.8546874999999999 0.812962962962963 0.190625 0.35185185185185186
0 0.9661458333333334 0.6796296296296297 0.06770833333333333 0.1925925925925926
