1 0.026822916666666665 0.825462962962963 0.05364583333333333 0.10833333333333334
2 0.19479166666666667 0.638888888888889 0.015625 0.03333333333333333
1 0.1859375 0.638888888888889 0.009375 0.02962962962962963
2 0.44375 0.6328703703703704 0.015625 0.036111111111111115
2 0.4966145833333333 0.6300925925925926 0.015104166666666667 0.03425925925925926
2 0.5080729166666667 0.6273148148148149 0.015104166666666667 0.036111111111111115
1 0.62578125 0.6263888888888889 0.0203125 0.03796296296296296
1 0.7651041666666667 0.6129629629629629 0.028125 0.0462962962962963
1 0.7942708333333334 0.6087962962962963 0.029166666666666667 0.04166666666666667
2 0.85 0.6074074074074074 0.015625 0.03333333333333333
2 0.8736979166666666 0.5995370370370371 0.01614583333333333 0.032407407407407406
2 0.46432291666666664 0.6046296296296296 0.008854166666666666 0.018518518518518517
0 0.1984375 0.7222222222222222 0.06666666666666667 0.21296296296296297
0 0.06536458333333334 0.8842592592592593 0.12864583333333332 0.23148148148148148
0 0.5104166666666666 0.7240740740740741 0.078125 0.23333333333333334
0 0.44375 0.7189814814814816 0.052083333333333336 0.2175925925925926
0 0.63828125 0.7078703703703704 0.10052083333333334 0.20462962962962963
0 0.4669270833333333 0.6601851851851852 0.0453125 0.12222222222222223
0 0.7510416666666666 0.7134259259259259 0.16145833333333334 0.2601851851851852
0 0.8557291666666667 0.6773148148148148 0.078125 0.18611111111111112
