1 0.7359375 0.5314814814814816 0.021875 0.03518518518518519
1 0.6713541666666667 0.5875 0.025 0.04537037037037037
1 0.4627604166666667 0.5893518518518519 0.022395833333333334 0.049074074074074076
2 0.5010416666666666 0.5601851851851852 0.015625 0.03888888888888889
2 0.52265625 0.5555555555555556 0.0140625 0.03518518518518519
2 0.7018229166666666 0.5847222222222223 0.018229166666666668 0.04351851851851852
2 0.7510416666666666 0.5263888888888889 0.016666666666666666 0.03796296296296296
0 0.703125 0.7064814814814815 0.14791666666666667 0.29444444444444445
0 0.48593749999999997 0.6569444444444444 0.11458333333333333 0.24722222222222223
0 0.7252604166666666 0.6148148148148148 0.0984375 0.20740740740740743
0 0.4713541666666667 0.7055555555555556 0.14375 0.29074074074074074
