1 0.50234375 0.5611111111111111 0.021354166666666667 0.044444444444444446
1 0.6841145833333333 0.55 0.018229166666666668 0.04259259259259259
1 0.8166666666666667 0.5425925925925926 0.021875 0.040740740740740744
2 0.17994791666666665 0.6375000000000001 0.0203125 0.049074074074074076
2 0.21510416666666665 0.625 0.01875 0.03888888888888889
2 0.5138020833333333 0.549074074074074 0.019270833333333334 0.03518518518518519
0 0.8213541666666666 0.638425925925926 0.07291666666666667 0.22685185185185186
0 0.17682291666666666 0.6930555555555555 0.13072916666666667 0.18981481481481483
0 0.48932291666666666 0.6560185185185186 0.11614583333333334 0.25277777777777777
0 0.69375 0.6550925925925927 0.0875 0.25092592592592594
