0 0.020572916666666666 0.06018518518518519 0.03177083333333333 0.11111111111111112
0 0.06276041666666667 0.06435185185185185 0.0328125 0.1212962962962963
0 0.09713541666666667 0.07175925925925926 0.030729166666666665 0.12685185185185185
0 0.13020833333333334 0.07407407407407407 0.028125 0.11851851851851852
0 0.17317708333333334 0.09537037037037037 0.03697916666666667 0.1462962962962963
0 0.1921875 0.0699074074074074 0.017708333333333333 0.07685185185185185
0 0.20208333333333334 0.06898148148148149 0.011458333333333333 0.0638888888888889
0 0.14921875 0.051388888888888894 0.009895833333333333 0.04351851851851852
1 0.02005208333333333 0.015277777777777779 0.0109375 0.019444444444444445
2 0.0265625 0.0125 0.005208333333333333 0.01388888888888889
1 0.06484375 0.017592592592592594 0.008854166666666666 0.020370370370370372
1 0.1 0.020370370370370372 0.010416666666666666 0.018518518518518517
1 0.13098958333333333 0.02638888888888889 0.011979166666666666 0.019444444444444445
1 0.17161458333333332 0.036111111111111115 0.009895833333333333 0.020370370370370372
2 0.19244791666666666 0.03796296296296296 0.005729166666666666 0.012962962962962964
1 0.20260416666666667 0.04259259259259259 0.004166666666666667 0.009259259259259259
2 0.19817708333333334 0.04166666666666667 0.0036458333333333334 0.009259259259259259
