0 0.050520833333333334 0.2888888888888889 0.075 0.21296296296296297
1 0.051041666666666666 0.20555555555555557 0.020833333333333332 0.037037037037037035
0 0.3106770833333333 0.33611111111111114 0.0828125 0.312962962962963
0 0.20755208333333333 0.3106481481481482 0.07552083333333333 0.28425925925925927
0 0.15546875 0.2814814814814815 0.050520833333333334 0.20185185185185187
0 0.26640625 0.24027777777777778 0.028645833333333332 0.12685185185185185
0 0.24921875 0.23750000000000002 0.021354166666666667 0.11388888888888889
0 0.3546875 0.22777777777777777 0.028125 0.10740740740740741
1 0.20520833333333333 0.19675925925925927 0.02395833333333333 0.04537037037037037
1 0.3 0.20555555555555557 0.025 0.044444444444444446
1 0.15911458333333334 0.20185185185185187 0.0171875 0.031481481481481485
2 0.3536458333333333 0.18425925925925926 0.010416666666666666 0.016666666666666666
1 0.2669270833333333 0.18888888888888888 0.011979166666666666 0.018518518518518517
1 0.25 0.1902777777777778 0.008333333333333333 0.019444444444444445
