0 0.275 0.33333333333333337 0.06145833333333333 0.25
0 0.4890625 0.27222222222222225 0.08854166666666667 0.13703703703703704
0 0.3520833333333333 0.2902777777777778 0.042708333333333334 0.14166666666666666
0 0.15911458333333334 0.275 0.0796875 0.12407407407407407
0 0.18828125 0.26805555555555555 0.05364583333333333 0.09722222222222222
0 0.5466145833333333 0.274537037037037 0.06510416666666667 0.10833333333333334
2 0.484375 0.22870370370370371 0.010416666666666666 0.018518518518518517
2 0.53828125 0.23148148148148148 0.009895833333333333 0.016666666666666666
2 0.3546875 0.23101851851851854 0.011458333333333333 0.017592592592592594
2 0.27630208333333334 0.22962962962962963 0.021354166666666667 0.03518518518518519
2 0.15 0.2263888888888889 0.010416666666666666 0.021296296296296296
2 0.1765625 0.23055555555555557 0.011458333333333333 0.016666666666666666
0 0.24505208333333334 0.28564814814814815 0.03177083333333333 0.14722222222222223
2 0.24687499999999998 0.22824074074074074 0.0125 0.021296296296296296
