0 0.19921875 0.2939814814814815 0.1015625 0.3509259259259259
1 0.1890625 0.15462962962962964 0.030208333333333334 0.05740740740740741
0 0.3294270833333333 0.2638888888888889 0.0671875 0.21666666666666667
1 0.32447916666666665 0.17777777777777778 0.025 0.04259259259259259
0 0.11614583333333334 0.2638888888888889 0.04479166666666667 0.18888888888888888
0 0.053906249999999996 0.26666666666666666 0.04739583333333333 0.17407407407407408
0 0.016927083333333332 0.25925925925925924 0.030729166666666665 0.13703703703703704
1 0.11041666666666666 0.18796296296296297 0.01875 0.03333333333333333
1 0.04921875 0.19861111111111113 0.015104166666666667 0.032407407407407406
1 0.015364583333333333 0.20740740740740743 0.0109375 0.024074074074074074
1 0.21302083333333333 0.17731481481481481 0.020833333333333332 0.04722222222222222
