0 0.13880208333333333 0.1912037037037037 0.044270833333333336 0.18425925925925926
2 0.14192708333333334 0.12222222222222223 0.013020833333333334 0.024074074074074074
2 0.13359375 0.11620370370370371 0.011979166666666666 0.025
0 0.228125 0.19212962962962965 0.06145833333333333 0.20277777777777778
2 0.2505208333333333 0.11018518518518519 0.014583333333333334 0.03518518518518519
2 0.23723958333333334 0.11620370370370371 0.011979166666666666 0.025
0 0.10885416666666667 0.15046296296296297 0.0375 0.10648148148148148
2 0.11640625 0.10601851851851853 0.009895833333333333 0.01388888888888889
0 0.1953125 0.13425925925925927 0.017708333333333333 0.05925925925925926
2 0.1921875 0.10925925925925926 0.004166666666666667 0.007407407407407408
