0 0.09817708333333333 0.24722222222222223 0.0765625 0.22962962962962963
1 0.09505208333333333 0.16111111111111112 0.024479166666666666 0.04814814814814815
0 0.06015625 0.1712962962962963 0.0359375 0.13333333333333333
1 0.06328125 0.1175925925925926 0.0109375 0.024074074074074074
0 0.12447916666666667 0.1527777777777778 0.028125 0.10185185185185186
1 0.12447916666666667 0.11157407407407408 0.007291666666666667 0.015740740740740743
1 0.11796875 0.11064814814814815 0.005729166666666666 0.015740740740740743
0 0.08177083333333333 0.12222222222222223 0.014583333333333334 0.053703703703703705
1 0.08359375 0.10046296296296296 0.005729166666666666 0.008333333333333333
0 0.096875 0.11342592592592593 0.015625 0.04166666666666667
1 0.09635416666666667 0.09953703703703703 0.005208333333333333 0.010185185185185186
