0 0.15286458333333333 0.12314814814814816 0.0828125 0.23703703703703705
2 0.16536458333333334 0.06620370370370371 0.013020833333333334 0.026851851851851852
0 0.12473958333333333 0.11666666666666667 0.05572916666666666 0.11666666666666667
2 0.1328125 0.07222222222222223 0.009375 0.016666666666666666
2 0.14401041666666667 0.06759259259259259 0.005729166666666666 0.014814814814814815
0 0.02786458333333333 0.11574074074074074 0.0546875 0.11666666666666667
0 0.06484375 0.10462962962962963 0.044270833333333336 0.07962962962962963
2 0.0140625 0.06944444444444445 0.0125 0.022222222222222223
2 0.03229166666666666 0.06805555555555556 0.009375 0.019444444444444445
2 0.06276041666666667 0.075 0.005729166666666666 0.011111111111111112
2 0.07317708333333334 0.07407407407407407 0.0078125 0.012962962962962964
