0 0.3848958333333333 0.4041666666666667 0.05 0.21574074074074076
0 0.46640624999999997 0.2791666666666667 0.0390625 0.14166666666666666
0 0.18984375 0.37777777777777777 0.04739583333333333 0.1851851851851852
0 0.27734375 0.3509259259259259 0.06927083333333334 0.16666666666666669
0 0.14869791666666665 0.3578703703703704 0.05572916666666666 0.1787037037037037
0 0.020572916666666666 0.34074074074074073 0.034895833333333334 0.16296296296296298
0 0.4283854166666667 0.24722222222222223 0.019270833333333334 0.0962962962962963
2 0.3885416666666667 0.3175925925925926 0.017708333333333333 0.03518518518518519
2 0.2794270833333333 0.2814814814814815 0.0140625 0.02777777777777778
2 0.19322916666666667 0.3013888888888889 0.013541666666666667 0.021296296296296296
2 0.15260416666666665 0.28055555555555556 0.013541666666666667 0.022222222222222223
2 0.020572916666666666 0.27314814814814814 0.015104166666666667 0.018518518518518517
2 0.46432291666666664 0.22546296296296298 0.013020833333333334 0.025
2 0.42682291666666666 0.20925925925925926 0.0067708333333333336 0.012962962962962964
