0 0.0640625 0.12638888888888888 0.03333333333333333 0.1287037037037037
0 0.10260416666666666 0.1287037037037037 0.03229166666666666 0.10925925925925926
0 0.15052083333333333 0.13101851851851853 0.028125 0.08611111111111111
0 0.17421875 0.1287037037037037 0.021354166666666667 0.07222222222222223
0 0.19348958333333333 0.12731481481481483 0.0171875 0.06759259259259259
1 0.06354166666666666 0.07546296296296297 0.010416666666666666 0.019444444444444445
1 0.10416666666666667 0.08472222222222223 0.009375 0.017592592592592594
2 0.1125 0.08888888888888889 0.007291666666666667 0.012962962962962964
1 0.1515625 0.09675925925925927 0.007291666666666667 0.01388888888888889
1 0.1734375 0.10092592592592593 0.007291666666666667 0.011111111111111112
1 0.17942708333333332 0.10046296296296296 0.005729166666666666 0.012037037037037037
1 0.19244791666666666 0.10046296296296296 0.0067708333333333336 0.012037037037037037
0 0.12135416666666667 0.12592592592592594 0.015625 0.09444444444444444
1 0.11848958333333333 0.08888888888888889 0.0067708333333333336 0.014814814814814815
