0 0.04296875 0.23148148148148148 0.0859375 0.2388888888888889
0 0.10651041666666666 0.2050925925925926 0.0828125 0.18425925925925926
0 0.14427083333333332 0.18472222222222223 0.057291666666666664 0.15092592592592594
0 0.16614583333333333 0.16944444444444445 0.05416666666666667 0.1462962962962963
0 0.17942708333333332 0.16527777777777777 0.043229166666666666 0.1175925925925926
2 0.022916666666666665 0.1287037037037037 0.015625 0.024074074074074074
2 0.09322916666666667 0.12546296296296297 0.009375 0.019444444444444445
2 0.13723958333333333 0.11898148148148148 0.009895833333333333 0.015740740740740743
2 0.1484375 0.10740740740740741 0.008333333333333333 0.018518518518518517
2 0.16380208333333332 0.11388888888888889 0.0067708333333333336 0.016666666666666666
