0 0.40989583333333335 0.41111111111111115 0.18333333333333332 0.40185185185185185
0 0.31927083333333334 0.3365740740740741 0.075 0.24537037037037038
0 0.10494791666666667 0.2726851851851852 0.028645833333333332 0.1398148148148148
0 0.13645833333333332 0.287962962962963 0.03854166666666667 0.20555555555555557
0 0.2640625 0.2837962962962963 0.03333333333333333 0.17500000000000002
0 0.4674479166666667 0.31574074074074077 0.0890625 0.22777777777777777
0 0.06067708333333333 0.2513888888888889 0.027604166666666666 0.09907407407407408
0 0.01640625 0.24629629629629632 0.0234375 0.08333333333333334
0 0.21067708333333332 0.3263888888888889 0.04114583333333333 0.26203703703703707
2 0.37916666666666665 0.2425925925925926 0.03333333333333333 0.05555555555555556
2 0.3263020833333333 0.2388888888888889 0.022395833333333334 0.040740740740740744
1 0.26640625 0.2125 0.01614583333333333 0.026851851851851852
2 0.4734375 0.2240740740740741 0.02395833333333333 0.040740740740740744
2 0.14114583333333333 0.2050925925925926 0.014583333333333334 0.03425925925925926
2 0.19973958333333333 0.21666666666666667 0.015104166666666667 0.040740740740740744
1 0.10625 0.2175925925925926 0.0125 0.02777777777777778
2 0.057812499999999996 0.21203703703703705 0.008333333333333333 0.012962962962962964
2 0.013541666666666667 0.21203703703703705 0.00625 0.014814814814814815
