0 0.3763020833333333 0.2800925925925926 0.058854166666666666 0.20833333333333334
0 0.2669270833333333 0.26342592592592595 0.10677083333333333 0.24166666666666667
0 0.0609375 0.4398148148148148 0.10833333333333334 0.2240740740740741
0 0.15052083333333333 0.5699074074074074 0.12916666666666665 0.18611111111111112
0 0.2671875 0.5518518518518519 0.09895833333333333 0.22037037037037038
2 0.2677083333333333 0.48935185185185187 0.020833333333333332 0.04537037037037037
2 0.375 0.20740740740740743 0.01875 0.03888888888888889
2 0.2640625 0.18981481481481483 0.017708333333333333 0.02962962962962963
2 0.027083333333333334 0.42083333333333334 0.022916666666666665 0.032407407407407406
2 0.041666666666666664 0.3680555555555556 0.021875 0.03796296296296296
2 0.13697916666666665 0.5092592592592593 0.019791666666666666 0.040740740740740744
