0 0.3502604166666667 0.41712962962962963 0.0796875 0.25462962962962965
0 0.20520833333333333 0.23703703703703705 0.035416666666666666 0.10555555555555556
0 0.24453125 0.23472222222222222 0.03177083333333333 0.10462962962962963
0 0.3575520833333333 0.24166666666666667 0.033854166666666664 0.11666666666666667
0 0.32578125 0.22824074074074074 0.030729166666666665 0.09722222222222222
0 0.30052083333333335 0.23148148148148148 0.03229166666666666 0.10185185185185186
0 0.27421875 0.22453703703703703 0.0265625 0.09537037037037037
0 0.38385416666666666 0.22546296296296298 0.021875 0.09537037037037037
2 0.35520833333333335 0.31666666666666665 0.01875 0.037037037037037035
2 0.3580729166666667 0.19305555555555556 0.0067708333333333336 0.019444444444444445
2 0.3854166666666667 0.18842592592592594 0.008333333333333333 0.015740740740740743
2 0.20625 0.19444444444444445 0.007291666666666667 0.014814814814814815
1 0.24244791666666665 0.19166666666666668 0.0078125 0.014814814814814815
2 0.2747395833333333 0.18472222222222223 0.005729166666666666 0.015740740740740743
2 0.3020833333333333 0.18611111111111112 0.00625 0.014814814814814815
2 0.32369791666666664 0.18703703703703706 0.0078125 0.012962962962962964
