3568
0907
3479
0345
2969
2334
3417
2444
4384
0691
4155
2791
5153
4938
4742
0232
1330
0257
3833
2582
5198
2987
5312
3173
4693
0530
0698
3534
1337
5211
1567
4761
4676
0872
5190
4126
2306
2891
2294
1548
0127
0273
3287
4184
2362
4565
4375
3162
3724
2638
1332
0888
2623
5440
3800
0326
1728
4468
1527
2800
5321
4807
1973
5226
4102
4234
0228
1782
2758
1943
2250
5186
2273
3898
0150
1107
2454
1674
2247
3835
2780
2071
2826
4340
1536
3281
0036
4627
4002
0523
4056
2118
0007
4824
4179
0618
4462
4246
2592
0020
3929
2098
4394
1544
3668
4551
0859
1295
4868
5213
0017
3878
0737
0129
1056
2325
2964
1857
2433
3092
1352
0545
2338
3257
3310
4602
3423
4755
2176
4252
2065
4060
3039
3521
2880
2748
4679
3689
0451
4317
4430
3618
0642
4544
4658
1515
1109
1310
0580
0718
1069
2958
0944
0801
5385
4061
1142
2772
0389
3113
4397
0053
4945
0856
3960
1166
2228
1981
3701
2182
0941
2023
0158
1563
4999
2906
2157
0073
5235
3354
2396
4862
3882
1388
2068
1231
0304
2596
3329
3119
4764
4428
2535
1869
4914
1227
5313
5133
2400
4092
0848
1883
1456
3869
4672
0846
5207
0682
3206
1734
1821
2575
0187
1565
4404
0051
4941
2861
2905
3845
0080
1949
1134
4461
2578
3795
4601
3786
4770
2686
5102
2248
5099
3471
3572
4804
3108
2245
0111
5231
1196
1749
4683
0085
3564
4682
0095
0684
3553
4485
1750
0045
5163
4422
0896
2595
4445
4605
3349
1890
2146
1354
2650
1401
0657
4885
0049
1994
4212
2737
3743
0069
2354
1049
0349
2734
5361
0958
4910
3546
2278
3758
4027
1886
2411
0638
0153
5108
4371
4546
2877
5354
0296
0918
3826
0513
4990
4661
0845
3249
2743
2380
3934
4159
4597
3954
2374
4975
1468
2910
0947
0209
0226
5395
4697
5284
4142
5259
1406
1850
0983
3217
1488
1571
1757
5291
1802
4665
0258
2366
1360
4715
1022
4575
4751
1702
2028
3803
2557
1047
4127
4048
4316
4046
5177
5441
2205
0894
3633
4757
2840
2164
3880
5082
2564
3251
0319
1441
1093
1909
3601
1380
2189
1785
0330
0690
3805
1062
2720
1297
5439
2573
3914
2784
1858
2074
2000
5331
4655
1801
1452
3867
0837
5138
2104
1623
1440
0439
4643
0475
5049
0288
0459
5301
1247
5285
0538
4023
1812
4833
5113
0606
2643
1839
4496
0829
4977
2477
1496
3861
4334
0883
0360
2407
5128
3844
0341
0473
2787
3591
1815
1439
0823
1832
0235
0384
2551
5121
0991
4114
5306
2694
0431
4618
0143
1294
0406
2864
0595
2823
5223
4562
3433
3033
2531
2081
1280
4847
3185
4364
2688
0803
3729
3020
0214
1105
4270
3723
4262
1689
4124
4652
0507
2777
5047
4503
3579
3583
4930
2684
3651
5333
3455
0463
2807
4420
1241
0032
4908
4979
0300
0309
2844
3559
3771
3874
1262
5390
4532
4055
5369
2318
4954
1378
1451
5021
4434
4842
2795
1389
0151
3557
2465
0521
1720
1350
1693
1147
0995
1629
1060
4200
4991
2597
2076
2967
0205
2773
2379
2472
0279
1017
1877
3453
1051
4899
4041
1110
2175
0261
5444
5243
3212
2165
4935
4026
3222
3088
4698
2308
4677
1365
5052
2079
2908
4482
3562
0678
3868
2179
4823
1966
2002
3883
3205
1025
3042
1847
4345
4740
0926
0600
0479
4860
3382
4351
2707
2907
1861
3448
3080
4912
3204
1005
0723
4178
3964
0509
5283
1089
3394
0251
4421
4361
3081
2335
3956
1573
1477
2776
0620
0900
4701
4902
1604
1602
2284
3916
4423
2004
3444
4005
2423
1000
5241
2453
5339
2405
4822
0730
3482
4711
2317
2789
4879
0041
2876
5281
2337
4825
3582
5413
1794
3574
4344
3147
2033
3751
3098
0414
0838
1030
3857
5374
5367
4477
4559
3508
2715
4852
5386
0443
4015
4471
1648
2093
1400
2933
3401
2142
3180
4014
1141
3541
0770
4136
5038
2916
1444
3707
1637
3058
2983
3940
2767
1176
1345
2484
1639
3663
5412
3511
0390
1819
1369
1327
3324
0299
2745
0724
2301
2271
3244
0763
3660
3118
3497
3918
4669
3312
5371
3617
3178
1556
2576
0089
0933
2022
4568
5314
1744
0202
3375
2565
0487
0597
4718
2264
2979
2945
3160
2367
0895
3105
4115
4786
2030
3313
2060
2674
2546
2352
3492
3024
1408
1003
0582
2100
0285
0739
4780
5145
1101
1299
1914
1853
3665
0747
2613
3692
0422
2106
4020
2873
0774
0641
3342
2837
2480
1777
2620
3450
5180
3314
4202
1786
1474
2970
0432
1204
1434
0767
0874
4191
2834
2517
5319
2424
3639
1167
3710
2238
5195
3121
2321
3435
4101
1531
2587
3520
0195
4519
3427
4530
4281
0968
1152
3366
3489
0372
1976
0054
1580
2999
0218
1084
3909
0154
5011
4886
1074
4995
0539
1737
3096
0779
4915
2639
0388
2221
5101
0178
1172
4348
0782
4917
0604
1747
1225
3612
4745
0810
2788
0880
3982
1096
3234
3426
3945
0808
2829
5193
4100
5376
3005
1494
1588
1779
3050
0565
5057
0720
1572
1351
4510
3383
4508
5205
0934
2755
4251
0994
2560
4636
1236
2233
4536
2020
1128
4082
4817
3321
3908
2144
1133
5089
3952
1615
0247
5073
0496
4905
2521
2971
0980
1829
0052
1840
0096
1082
3779
3834
3062
4834
4007
4944
3656
4798
0717
1799
5383
0301
0066
1671
2825
1579
5006
0577
1103
5222
1186
1076
3202
4117
0395
0550
1328
1788
2105
1793
4710
1486
5388
3101
4403
1487
3606
4556
0497
0796
2390
1325
1230
1205
1798
0253
2487
0011
1404
2581
3238
3063
2161
0448
4044
4227
0174
1742
1926
2445
2475
1169
5078
0321
0787
0882
4870
2988
4229
1701
3769
0204
1483
2073
2313
3449
5279
5160
3356
4884
0850
3648
3732
1690
2268
3240
4045
2990
3984
1805
4323
0531
0283
2172
0440
4448
5061
4869
0849
4324
3210
5115
4016
4222
5056
1216
4801
4784
0172
4472
2156
2441
0270
4047
0471
5067
3776
2039
4631
4214
3155
4158
1358
0746
1517
0082
4692
3388
5419
4291
0369
1666
4557
1881
1446
1619
4111
4040
5188
3267
2775
0483
2269
1120
0490
3350
3983
4513
5296
0148
2437
2169
5351
1324
5000
4238
3587
0037
0817
1651
4489
3000
0608
3808
3547
2089
5399
4890
2110
1177
0137
2993
3912
1685
0660
3247
3821
2973
4613
1437
0186
1875
1004
2270
2063
4639
1357
5268
3216
0674
5298
2232
2034
2388
3089
4093
4594
0063
4033
3904
3680
3438
4809
5352
4038
4604
1040
2835
2867
3457
4402
3917
0903
4974
2716
2504
3892
5123
2977
1459
2709
0456
1775
1182
3348
1719
3127
3306
4587
3277
0070
4391
3773
4146
1242
1137
4638
3175
4221
3726
2677
1190
0889
3045
5203
4994
5305
3518
1907
4529
3395
1248
4680
4019
0813
4881
2634
2126
3629
3782
2904
1065
3300
0988
3501
0373
0377
4409
3761
3873
3676
3164
5299
0380
4094
3894
3038
4360
0136
2243
1642
1480
0548
1507
0438
2505
5187
3061
1501
5302
5032
3116
4495
2290
4773
0878
1392
0575
0707
1183
4829
5172
3947
4432
3464
4451
2738
5010
3673
0775
1960
2574
2470
4720
5036
1836
1368
2770
2409
5300
1119
3643
0039
1841
4138
4197
5119
2614
5042
3666
0219
1044
3254
1695
3621
0079
2956
0736
1884
1136
1202
3012
4289
3829
2921
2302
3902
2532
4762
1448
3472
5446
3933
3804
3467
5335
5278
3993
0132
3226
1234
0820
0631
1986
4854
3820
4746
3931
1209
4089
1194
0551
0855
4237
3790
2333
0135
1717
4856
2785
0589
4244
2676
2986
2307
4694
2774
4835
3596
4588
2357
4934
0035
3037
3496
4580
0603
0121
2601
3646
0633
3981
2579
2571
2831
3728
3047
1080
2324
0013
2009
2502
3766
5181
2241
1916
2094
0929
1516
3128
0576
2959
4365
1887
4570
4018
3999
3962
3705
1511
4162
5157
3785
3054
2572
4436
0467
1576
2913
4210
2404
1587
2646
4775
3270
0997
1736
2961
0454
1763
2469
2938
4239
2727
4607
5090
1997
1323
4220
3253
1223
4112
2728
1904
2726
0586
1126
0955
4900
2617
4305
1143
5008
3486
2392
2122
4577
2001
3094
4235
1935
3505
0212
3002
0291
5402
3899
0654
1823
2296
0851
0754
3855
4356
2178
5060
3853
3527
3998
0836
2756
0905
0323
0355
1073
0392
0196
0065
2013
0334
5261
1529
1038
4335
4560
0421
2090
4851
2847
1864
2708
2114
2771
1301
2311
4759
1273
4168
3706
1315
0716
2583
5139
2918
4274
2343
1611
2442
3072
4998
5220
4121
1900
0176
1607
0865
0559
3828
0429
0318
2155
3439
1393
1021
5379
4649
2542
2763
1372
3661
3074
0404
3331
1767
4515
2476
3772
1732
2384
2350
4013
1303
2602
2008
4610
0050
3884
0689
1124
0518
4449
0771
3279
0201
1224
3848
2817
0931
5380
3973
3028
5322
5425
4474
1683
1591
2482
4517
0067
0182
3138
3679
1257
3709
3153
0661
2885
5185
5224
1770
1071
0359
1013
4747
3262
2024
5197
3542
1016
0230
0399
3730
0628
0344
3275
3372
4850
4086
2206
2827
2941
0462
3796
0088
1068
0732
4201
4985
1264
3768
1116
2003
5217
3827
3555
4249
4966
2216
4204
4927
4531
2346
3843
2427
5366
4984
1254
3487
5417
0692
2500
1618
0410
4507
2007
2204
1575
4735
4883
0233
1608
5024
0329
0284
0640
4506
2878
5030
3237
0714
3523
4440
4419
4328
0966
3742
0262
0374
5282
2697
4950
4150
1450
1824
5175
0517
4827
1028
3797
1464
4053
2096
3191
3083
4078
2041
4920
5025
3818
1317
3775
4753
3622
1158
0472
1552
3658
1344
4132
3519
2648
1672
1178
3905
4859
3733
2412
2568
4240
3221
1008
3381
2249
2443
4623
3920
5248
2386
1455
0571
2281
2299
0224
0744
4500
1320
1192
3529
1540
2637
3504
3888
4730
1748
4134
2843
2628
3721
4063
1296
4818
4816
5414
3965
1882
2562
3992
3469
3353
4199
0886
1470
1237
2656
2951
2793
0998
3211
2647
4545
0356
2679
1281
2191
3647
3219
4549
2757
0940
4170
1844
1286
2842
1454
2659
2649
3031
3071
1860
3969
2173
2457
3411
4511
4576
1198
2603
0166
2555
3026
3575
5019
0484
5103
2884
1654
4893
0996
4228
3970
3938
3060
1942
3393
0317
4165
4662
1634
2298
1760
5393
0292
1874
0876
0142
3318
3875
1703
5026
0015
0134
0734
3886
1011
2341
2430
1968
0159
0738
0376
4164
3133
2599
5377
0986
5094
3589
3942
4663
5041
2766
0622
0573
1214
1329
3154
1050
4073
3847
4815
1443
4354
1686
1806
2615
4001
4622
1131
4913
3250
1156
2231
5216
0842
4959
5106
1168
1830
3531
3996
2005
1104
1426
1938
1936
1031
3292
4393
3793
0242
0561
4678
4895
0028
5359
2871
4277
0728
4771
3594
3815
3376
4632
2854
1691
1144
4802
0237
5227
5338
2821
0919
2099
3814
0861
5162
3044
1510
0081
2215
2353
2087
3420
3207
1743
0294
2536
2084
1020
0885
2506
1265
2198
2848
2077
0025
1947
2509
4353
3163
2626
2609
4161
1538
5064
3654
4310
3268
4004
3273
1868
3295
3280
3840
3802
5421
4255
1977
3747
0681
0364
1316
2899
4075
5327
4406
4972
0027
3474
4922
3201
2075
2040
5063
1078
1804
0540
4122
4380
4888
3926
4113
1967
1112
5118
3600
3780
2701
2134
3778
1217
4803
4379
2200
2526
0625
1863
2234
4051
2714
3640
3822
3921
2963
1163
2625
2803
4727
5210
0124
0759
3236
4232
3480
5447
5001
1653
4215
1417
0647
5436
1432
0165
2095
0892
4813
0193
0637
1121
5071
5215
0336
1475
1783
1696
2012
2340
3811
2147
4152
3016
3864
5309
4182
0675
1698
1711
0502
0109
4268
1066
3749
5435
5002
5023
1560
3468
3752
1676
2016
3288
3298
1422
4518
2355
3977
4332
5154
0588
5170
3151
2733
1160
0663
0765
0185
2488
3365
3753
1551
1752
1710
0383
0264
5129
5392
0101
3459
0298
4194
3717
2512
4960
2966
3889
2893
4029
2635
3041
0412
3402
5007
3115
1398
0064
5254
1905
3694
3720
2839
4049
0103
5368
0131
2452
1848
3671
2085
3252
3335
2783
3702
4070
3478
4891
3109
1569
3362
4169
1826
2229
5295
3619
3830
1715
1880
0653
4427
0729
1251
5442
3403
1433
2102
0648
5199
3215
1114
1117
3684
4108
3838
2153
3434
3863
3231
1213
3980
2925
0695
1957
2668
1991
5124
4756
4208
3104
1094
5149
1741
3460
4106
3740
0047
3712
4346
2554
2209
4752
0745
0875
3978
4724
4297
4273
0585
4687
1735
0398
5334
4583
4267
0192
3199
4763
4276
0335
1436
4964
5075
4744
2900
3762
0791
1879
2462
1321
0634
2980
3900
1903
2489
0445
2292
0492
5238
2736
3991
1340
1928
4414
0090
0711
0303
3203
4333
3757
4416
2998
3073
0361
2753
0694
2569
0266
2214
0119
5287
4337
3066
0386
2436
5372
2162
5004
1465
4488
4867
2272
2926
2802
0721
4612
1932
3309
0325
4491
3611
3944
5249
3915
4878
1492
1727
2528
1308
1543
4894
4846
1520
0662
3787
3079
1284
0239
3414
4651
1778
2498
2280
2874
1504
4760
4145
3093
0976
3293
4961
3923
4385
3075
0651
0679
2629
3099
0826
5292
2865
5164
4929
1774
4836
1390
0418
2151
1259
2048
3332
3615
0607
2664
1054
4621
2954
2083
1705
4307
4453
4288
4616
5100
3716
3871
4830
2403
4390
2251
2550
1037
0700
4203
0180
0191
2143
4476
3463
1539
0901
1185
2950
0541
0091
0498
5431
2052
1500
3624
4997
0179
4458
0909
0347
1057
4322
4617
1684
4566
1498
3004
1479
2131
2702
4578
3070
3935
0043
2406
3103
4684
3158
4144
0061
3056
0864
2418
2644
1901
1562
3525
2719
5155
0515
2704
3059
2524
5297
0749
3823
5109
2796
1532
1677
2364
4843
4024
1661
4260
0123
1228
2371
1476
2561
1336
1972
3172
2943
0664
3697
2866
3290
3323
4748
5330
3859
3289
3856
4381
3592
1353
4657
0144
5142
4269
4450
0140
4547
4743
1849
0549
0357
2323
2960
3035
2461
0447
4376
4839
3688
1755
0844
0529
4783
0328
0038
2798
5125
1709
1268
3223
1193
2516
1371
3320
1846
2057
0514
3380
2804
3143
3317
3301
5214
3227
2621
0893
0758
0428
2838
1484
0381
2815
5143
3494
3549
3415
3770
0092
1578
2018
0485
4080
2108
5346
1428
3286
1664
1458
5423
4407
1740
0397
2974
1885
3146
2850
4939
2078
0274
2511
2316
2328
5148
2989
0464
2038
0910
3409
1431
4548
4242
2671
4454
3135
4584
1381
2389
1718
2332
5200
5262
2129
2652
4226
3259
1625
1292
4388
5443
0593
2440
4589
0075
0916
0229
0949
3008
5194
2594
3737
2593
4042
5328
2064
1593
2657
3018
4166
4280
1070
3558
1707
1326
2260
4329
4313
5363
0806
4487
4641
5341
4330
2382
0833
1954
5370
2669
3014
1828
0963
1505
2467
4901
1001
3588
3195
3590
3343
5336
4799
1289
4696
3484
0164
0433
3169
4569
0537
4653
1622
4087
0495
4359
3685
4003
0921
2577
2236
4408
5117
3051
2289
4509
3642
1088
5427
3862
3686
3440
1833
5373
4937
0030
3736
4741
3652
1129
4564
1035
4841
4272
2127
5137
2549
3473
5364
2086
3209
3198
3774
0207
0009
0665
2857
5178
2931
4737
5340
2558
1338
4947
1150
2666
4258
0449
2937
1382
2253
4465
2125
5127
3032
4110
2665
1503
1384
1592
3389
1706
2265
5311
2092
0868
5096
2256
3516
1033
1339
1429
2860
0982
5059
1509
1606
5212
5105
2812
3604
3816
3418
0750
4734
0213
2045
3483
2552
0508
4713
1064
0610
3404
0401
0705
0854
2533
4463
1944
1319
4702
1322
2331
3763
5161
0566
1306
2486
5269
3106
2171
3599
0115
1252
4284
2258
4512
0371
2813
0536
3264
2363
0010
3017
5043
3086
1490
3620
0044
4425
4418
1962
0055
0029
2275
4076
2514
2936
4081
1974
0601
3208
2455
1589
2566
2567
1640
4446
4139
2590
0354
4872
2197
3698
4447
4875
3625
0897
3416
3315
0525
2006
1649
2875
0071
5039
0225
0863
3015
3355
5031
4442
5076
1346
5051
2053
2631
3906
4325
4504
0945
5169
1958
3338
5189
2563
1151
2585
0873
0702
1081
4666
5410
3616
1173
2996
5095
4866
0320
1072
5183
0506
1780
0516
3788
0956
1277
2080
4116
2698
3927
0155
1463
1557
1835
2682
1395
3454
2067
3377
0908
1964
1039
5033
0358
0170
4863
1612
1367
0740
1261
3364
4396
4723
4777
2608
5397
4286
1079
5062
3110
3528
0556
2473
0710
3974
3451
5165
5009
0975
5420
0416
1792
1219
1646
0246
0337
4896
1522
0241
0822
0295
4936
1314
0673
1797
0343
2263
0904
3082
3936
2894
0542
4357
1636
1564
3881
0967
4918
0476
1170
1385
4981
5069
1374
2849
1655
0948
3100
4980
4123
2211
4685
2882
1583
3400
4338
0353
4315
3836
0795
2415
3896
1502
3554
1754
3932
0560
5093
2695
3667
5028
3526
1482
3445
4147
4599
4970
3406
3669
2186
0110
0378
5208
2058
0387
0519
3756
4778
3102
0314
4411
3809
4909
0450
2426
5375
3214
0979
0139
1597
0655
3657
1975
3465
2309
4370
0149
1469
0126
2121
1481
3368
1921
2419
1525
4363
2527
2420
4526
4097
4932
2746
4855
2805
4011
1822
2991
4410
1985
2276
5045
3284
0925
3476
3360
1809
0935
3316
3052
5448
4483
1726
2836
2303
0147
5091
4236
4681
2589
0302
4400
3576
2653
0957
3378
2948
4050
4810
3865
0669
3139
1208
0666
2451
2458
1657
4347
0978
0031
2895
4765
0023
4654
2158
1048
1171
3392
1753
3069
0281
0862
3536
5152
4130
4853
3232
0001
1626
4186
1287
5246
0074
5228
3995
1889
1397
0108
0426
4321
1613
5173
0632
3246
1787
4598
4062
1584
0818
0058
4475
0206
1939
2062
1800
2485
2690
5005
1803
2314
2713
0491
2872
1210
3613
4456
2385
4792
4717
2066
0555
2132
0173
1908
4648
2538
2358
4479
0587
0400
2021
4656
0312
3452
0216
1535
0481
5445
1348
0563
4695
0512
2703
2130
2947
4431
2768
4279
3470
1700
2257
4719
3248
3972
1820
3090
0122
1927
3006
2203
1409
0825
5053
5430
2225
5168
2135
3282
4502
0289
0621
1041
3634
1489
0423
2254
1347
0869
1817
3410
1421
2981
4729
4058
4148
0783
3532
1184
3488
4271
4256
4590
1485
4021
1355
5353
4223
5232
2218
3034
5267
2456
4567
4642
3595
0308
3500
1682
3296
3695
3022
0543
3150
5426
3407
3989
3130
1212
0902
0114
1045
1097
3325
2952
4864
0954
4611
4052
2011
4352
1249
1466
3748
1555
5251
4948
1688
4389
1343
1919
5202
2932
1309
4457
2930
4455
0591
0630
1680
0821
4195
1959
2508
3359
0272
0805
3708
3239
1449
3186
3261
2955
4821
0535
0972
0784
1220
2140
5264
4263
1989
0799
2541
3197
2344
1506
5318
3013
3019
3009
3907
2627
1207
0567
1635
4327
4225
1845
5141
5201
1911
3561
5191
1762
0778
2735
3196
1272
3397
1430
1970
2356
0623
1179
4766
2928
0048
3755
1361
0316
4309
0084
3817
3229
4505
1229
1386
0703
4025
1603
0238
0411
4528
1524
2227
1808
3767
0346
3664
5389
3466
2466
3256
2598
5398
4481
2408
2622
4524
0099
5258
2439
1331
0915
3297
2029
1260
4962
2892
4844
0486
4074
4261
4848
5433
2640
3850
1721
3522
2360
0867
3955
2946
2372
5315
3067
0708
0923
1647
4704
0558
1118
2417
3076
2724
2660
4190
1692
0917
4259
0494
4840
1929
5130
2448
0725
0417
1075
2069
4973
1838
2670
5098
0469
5403
4129
0834
2222
4916
0499
4619
1745
3271
2370
3228
1007
4820
2088
1756
1383
1714
2460
2869
2101
4140
4516
4538
2217
3182
3877
1697
0977
4926
0777
2856
3760
0847
1376
1015
1668
3344
